2 0.7439903846153846 0.6634615384615384 0.1346153846153846 0.09615384615384616
3 0.4411057692307692 0.6370192307692307 0.18990384615384615 0.1466346153846154
0 0.65625 0.5288461538461539 0.12259615384615384 0.10096153846153846
3 0.20552884615384615 0.49399038461538464 0.17067307692307693 0.1346153846153846
3 0.8221153846153846 0.4675480769230769 0.16346153846153846 0.13942307692307693
3 0.484375 0.4483173076923077 0.16105769230769232 0.1346153846153846
2 0.6274038461538461 0.33533653846153844 0.12740384615384615 0.10096153846153846
3 0.30288461538461536 0.31850961538461536 0.16826923076923078 0.12259615384615384
0 0.49759615384615385 0.2800480769230769 0.11778846153846154 0.08653846153846154
3 0.7788461538461539 0.2403846153846154 0.16105769230769232 0.125
1 0.5408653846153846 0.1310096153846154 0.13701923076923078 0.10576923076923077
1 0.2091346153846154 0.7283653846153846 0.16346153846153846 0.11298076923076923