3 0.4543269230769231 0.6165865384615384 0.18028846153846154 0.1466346153846154
1 0.7548076923076923 0.5733173076923077 0.16105769230769232 0.12259615384615384
2 0.5973557692307693 0.5348557692307693 0.14182692307692307 0.11538461538461539
2 0.9314903846153846 0.5120192307692307 0.13701923076923078 0.11538461538461539
3 0.30408653846153844 0.4963942307692308 0.1971153846153846 0.14903846153846154
0 0.7151442307692307 0.46033653846153844 0.14423076923076922 0.10817307692307693
0 0.4855769230769231 0.4266826923076923 0.1466346153846154 0.11057692307692307
3 0.8629807692307693 0.37740384615384615 0.18269230769230768 0.1466346153846154
3 0.6430288461538461 0.35096153846153844 0.19230769230769232 0.14423076923076922
1 0.2536057692307692 0.33774038461538464 0.17548076923076922 0.13221153846153846
2 0.4254807692307692 0.32091346153846156 0.15144230769230768 0.11778846153846154
3 0.8533653846153846 0.2127403846153846 0.17307692307692307 0.14423076923076922
3 0.6237980769230769 0.2127403846153846 0.18269230769230768 0.1466346153846154
2 0.4206730769230769 0.15745192307692307 0.14903846153846154 0.11778846153846154