3 0.48677884615384615 0.6574519230769231 0.15865384615384615 0.12259615384615384
2 0.7319711538461539 0.6274038461538461 0.13221153846153846 0.10817307692307693
3 0.19831730769230768 0.5949519230769231 0.15384615384615385 0.125
0 0.5805288461538461 0.5456730769230769 0.12259615384615384 0.09375
2 0.34375 0.5024038461538461 0.14182692307692307 0.10817307692307693
3 0.7848557692307693 0.4098557692307692 0.16826923076923078 0.13942307692307693
3 0.5180288461538461 0.4206730769230769 0.17548076923076922 0.12980769230769232
0 0.28725961538461536 0.4026442307692308 0.125 0.09615384615384616
1 0.08653846153846154 0.41225961538461536 0.1466346153846154 0.10817307692307693
1 0.9230769230769231 0.24519230769230768 0.12259615384615384 0.13701923076923078
3 0.38100961538461536 0.26322115384615385 0.17548076923076922 0.13942307692307693
3 0.6418269230769231 0.21033653846153846 0.18269230769230768 0.15144230769230768