3 0.6213942307692307 0.4387019230769231 0.14182692307692307 0.17548076923076922
1 0.5853365384615384 0.7367788461538461 0.11778846153846154 0.15865384615384615
2 0.5432692307692307 0.5829326923076923 0.11298076923076923 0.13701923076923078
2 0.5252403846153846 0.9230769230769231 0.11298076923076923 0.15384615384615385
3 0.5012019230769231 0.2932692307692308 0.14423076923076922 0.19230769230769232
0 0.47115384615384615 0.6995192307692307 0.10336538461538461 0.13942307692307693
0 0.4338942307692308 0.4735576923076923 0.10817307692307693 0.14182692307692307
3 0.3918269230769231 0.8473557692307693 0.14182692307692307 0.18028846153846154
3 0.3629807692307692 0.6298076923076923 0.13942307692307693 0.18509615384615385
1 0.3425480769230769 0.24639423076923078 0.12740384615384615 0.17067307692307693
2 0.328125 0.41586538461538464 0.11298076923076923 0.1466346153846154
3 0.22956730769230768 0.8413461538461539 0.13701923076923078 0.17067307692307693
3 0.2247596153846154 0.6141826923076923 0.14182692307692307 0.1778846153846154
2 0.1658653846153846 0.41346153846153844 0.11298076923076923 0.14423076923076922