3 0.45913461538461536 0.5012019230769231 0.08653846153846154 0.10576923076923077
2 0.46634615384615385 0.6310096153846154 0.07692307692307693 0.09375
3 0.5216346153846154 0.32211538461538464 0.0889423076923077 0.10817307692307693
0 0.5264423076923077 0.5444711538461539 0.0673076923076923 0.08413461538461539
2 0.5745192307692307 0.4326923076923077 0.07932692307692307 0.10336538461538461
3 0.5793269230769231 0.6826923076923077 0.0889423076923077 0.11538461538461539
3 0.6081730769230769 0.5564903846153846 0.0889423076923077 0.11298076923076923
1 0.6502403846153846 0.2848557692307692 0.08173076923076923 0.0985576923076923
0 0.6658653846153846 0.4014423076923077 0.06490384615384616 0.07932692307692307
1 0.6394230769230769 0.765625 0.07692307692307693 0.09375
3 0.6959134615384616 0.48677884615384615 0.0889423076923077 0.11298076923076923
3 0.7043269230769231 0.6778846153846154 0.0889423076923077 0.10576923076923077