3 0.4495192307692308 0.4891826923076923 0.18269230769230768 0.15144230769230768
2 0.6538461538461539 0.5276442307692307 0.14182692307692307 0.11298076923076923
3 0.17307692307692307 0.5456730769230769 0.18269230769230768 0.13942307692307693
0 0.5144230769230769 0.5973557692307693 0.1201923076923077 0.0985576923076923
2 0.3329326923076923 0.6478365384615384 0.13221153846153846 0.11057692307692307
3 0.7211538461538461 0.71875 0.19230769230769232 0.15384615384615385
3 0.515625 0.7379807692307693 0.17548076923076922 0.14182692307692307
1 0.0829326923076923 0.7307692307692307 0.16105769230769232 0.12740384615384615
1 0.8485576923076923 0.8461538461538461 0.1658653846153846 0.13221153846153846
0 0.2704326923076923 0.7884615384615384 0.125 0.11298076923076923
3 0.40384615384615385 0.8617788461538461 0.18269230769230768 0.13942307692307693
3 0.7007211538461539 0.9242788461538461 0.18990384615384615 0.15144230769230768