3 0.4963942307692308 0.5600961538461539 0.10336538461538461 0.08173076923076923
2 0.6201923076923077 0.5240384615384616 0.09375 0.07692307692307693
3 0.31009615384615385 0.5396634615384616 0.10336538461538461 0.08653846153846154
0 0.5228365384615384 0.4855769230769231 0.08173076923076923 0.06490384615384616
2 0.40384615384615385 0.4639423076923077 0.10336538461538461 0.07451923076923077
3 0.6442307692307693 0.40384615384615385 0.11298076923076923 0.08653846153846154
3 0.515625 0.40384615384615385 0.10817307692307693 0.08653846153846154
1 0.24519230769230768 0.42427884615384615 0.09615384615384616 0.07932692307692307
0 0.35336538461538464 0.38221153846153844 0.07692307692307693 0.06490384615384616
1 0.7103365384615384 0.3269230769230769 0.09134615384615384 0.07692307692307693
3 0.42908653846153844 0.33533653846153844 0.10817307692307693 0.08413461538461539
3 0.6117788461538461 0.28365384615384615 0.10336538461538461 0.08413461538461539