3 0.5492788461538461 0.6670673076923077 0.14423076923076922 0.10576923076923077
2 0.3125 0.6574519230769231 0.1201923076923077 0.09615384615384616
3 0.8197115384615384 0.5829326923076923 0.13942307692307693 0.10817307692307693
0 0.45072115384615385 0.5685096153846154 0.11057692307692307 0.08173076923076923
2 0.6730769230769231 0.5060096153846154 0.12980769230769232 0.09134615384615384
3 0.2439903846153846 0.45552884615384615 0.15144230769230768 0.11778846153846154
3 0.4987980769230769 0.44350961538461536 0.15865384615384615 0.11057692307692307
0 0.7175480769230769 0.40625 0.11298076923076923 0.08173076923076923
1 0.9110576923076923 0.39903846153846156 0.1346153846153846 0.09375
1 0.07572115384615384 0.3076923076923077 0.15144230769230768 0.12259615384615384
3 0.6165865384615384 0.28125 0.15865384615384615 0.1201923076923077
3 0.3629807692307692 0.25240384615384615 0.16346153846153846 0.12980769230769232