3 0.5552884615384616 0.44711538461538464 0.11778846153846154 0.15384615384615385
2 0.5120192307692307 0.6514423076923077 0.11057692307692307 0.1466346153846154
2 0.5108173076923077 0.65625 0.0985576923076923 0.1201923076923077
3 0.5048076923076923 0.20192307692307693 0.12259615384615384 0.15625
0 0.4483173076923077 0.5264423076923077 0.08653846153846154 0.11057692307692307
2 0.4170673076923077 0.3293269230769231 0.09375 0.125
3 0.32211538461538464 0.6887019230769231 0.11298076923076923 0.16105769230769232
3 0.3401442307692308 0.47475961538461536 0.11538461538461539 0.14903846153846154
0 0.33533653846153844 0.28846153846153844 0.08173076923076923 0.10576923076923077
1 0.34975961538461536 0.12139423076923077 0.12259615384615384 0.16826923076923078
1 0.19110576923076922 0.7980769230769231 0.10336538461538461 0.125
3 0.21875 0.36778846153846156 0.11538461538461539 0.14903846153846154
3 0.17067307692307693 0.5697115384615384 0.12740384615384615 0.15625