3 0.3425480769230769 0.45072115384615385 0.10817307692307693 0.1466346153846154
2 0.35697115384615385 0.6899038461538461 0.0985576923076923 0.12259615384615384
3 0.4230769230769231 0.17548076923076922 0.11298076923076923 0.14182692307692307
0 0.44471153846153844 0.5480769230769231 0.08413461538461539 0.11298076923076923
2 0.5024038461538461 0.3233173076923077 0.09375 0.13221153846153846
3 0.5625 0.7548076923076923 0.12259615384615384 0.15625
3 0.5697115384615384 0.4963942307692308 0.11538461538461539 0.16105769230769232
0 0.6033653846153846 0.27524038461538464 0.08653846153846154 0.11778846153846154
1 0.6081730769230769 0.08052884615384616 0.0985576923076923 0.13701923076923078
1 0.7127403846153846 0.9206730769230769 0.125 0.15384615384615385
3 0.7307692307692307 0.3762019230769231 0.12259615384615384 0.16105769230769232
3 0.765625 0.6310096153846154 0.1346153846153846 0.16826923076923078