3 0.5829326923076923 0.5733173076923077 0.15144230769230768 0.11057692307692307
2 0.36899038461538464 0.546875 0.1466346153846154 0.10336538461538461
2 0.3629807692307692 0.5456730769230769 0.11538461538461539 0.09375
3 0.8305288461538461 0.49759615384615385 0.15384615384615385 0.11538461538461539
0 0.49278846153846156 0.4699519230769231 0.11057692307692307 0.08173076923076923
2 0.6911057692307693 0.4206730769230769 0.125 0.08413461538461539
3 0.3137019230769231 0.3545673076923077 0.15865384615384615 0.10576923076923077
3 0.5348557692307693 0.3545673076923077 0.14423076923076922 0.11057692307692307
0 0.7259615384615384 0.3329326923076923 0.10336538461538461 0.07451923076923077
1 0.8990384615384616 0.3329326923076923 0.1658653846153846 0.11298076923076923
1 0.18870192307692307 0.22956730769230768 0.12259615384615384 0.0985576923076923
3 0.6346153846153846 0.21995192307692307 0.14423076923076922 0.10817307692307693
3 0.4230769230769231 0.18870192307692307 0.15384615384615385 0.1201923076923077