2 0.27283653846153844 0.7199519230769231 0.13221153846153846 0.0985576923076923
3 0.5552884615384616 0.6754807692307693 0.18509615384615385 0.1466346153846154
0 0.3473557692307692 0.5889423076923077 0.12259615384615384 0.10336538461538461
3 0.765625 0.5264423076923077 0.1658653846153846 0.1346153846153846
3 0.1875 0.5420673076923077 0.15865384615384615 0.14182692307692307
3 0.5024038461538461 0.5024038461538461 0.15865384615384615 0.1346153846153846
2 0.3605769230769231 0.40625 0.125 0.10096153846153846
3 0.6622596153846154 0.36899038461538464 0.16346153846153846 0.125
0 0.47836538461538464 0.3449519230769231 0.11778846153846154 0.0889423076923077
3 0.21394230769230768 0.32572115384615385 0.15625 0.125
1 0.42788461538461536 0.2091346153846154 0.1346153846153846 0.10817307692307693
1 0.7776442307692307 0.7451923076923077 0.15865384615384615 0.11538461538461539