3 0.47475961538461536 0.4362980769230769 0.11057692307692307 0.0889423076923077
2 0.3485576923076923 0.47596153846153844 0.0985576923076923 0.07932692307692307
3 0.6694711538461539 0.4543269230769231 0.11057692307692307 0.09375
0 0.4495192307692308 0.5144230769230769 0.08653846153846154 0.06971153846153846
2 0.5733173076923077 0.5348557692307693 0.10576923076923077 0.07932692307692307
3 0.3245192307692308 0.6009615384615384 0.11778846153846154 0.0889423076923077
3 0.4579326923076923 0.5985576923076923 0.11538461538461539 0.0889423076923077
1 0.7379807692307693 0.5733173076923077 0.0985576923076923 0.08173076923076923
0 0.6262019230769231 0.6177884615384616 0.08173076923076923 0.0673076923076923
1 0.25841346153846156 0.6826923076923077 0.09615384615384616 0.08173076923076923
3 0.5480769230769231 0.6670673076923077 0.11538461538461539 0.0889423076923077
3 0.36177884615384615 0.7235576923076923 0.10817307692307693 0.0889423076923077