3 0.4543269230769231 0.4579326923076923 0.1466346153846154 0.1778846153846154
2 0.48197115384615385 0.6682692307692307 0.11057692307692307 0.13701923076923078
3 0.5252403846153846 0.18028846153846154 0.13221153846153846 0.18028846153846154
0 0.5600961538461539 0.5300480769230769 0.09375 0.11778846153846154
2 0.6213942307692307 0.3485576923076923 0.10336538461538461 0.12980769230769232
3 0.6742788461538461 0.7463942307692307 0.1466346153846154 0.19230769230769232
3 0.7043269230769231 0.5384615384615384 0.13701923076923078 0.17067307692307693
1 0.7199519230769231 0.09735576923076923 0.125 0.16105769230769232
1 0.7956730769230769 0.8834134615384616 0.12740384615384615 0.1658653846153846
0 0.7668269230769231 0.2920673076923077 0.11057692307692307 0.12259615384615384
3 0.8365384615384616 0.43028846153846156 0.13701923076923078 0.17548076923076922
3 0.8834134615384616 0.7367788461538461 0.1466346153846154 0.1875