3 0.5625 0.6694711538461539 0.19471153846153846 0.16105769230769232
1 0.24519230769230768 0.6129807692307693 0.17548076923076922 0.13701923076923078
2 0.41346153846153844 0.578125 0.14903846153846154 0.125
2 0.0673076923076923 0.5420673076923077 0.1346153846153846 0.12740384615384615
3 0.7247596153846154 0.5492788461538461 0.21153846153846154 0.16346153846153846
0 0.2920673076923077 0.4951923076923077 0.15384615384615385 0.11778846153846154
0 0.5360576923076923 0.4675480769230769 0.15625 0.1201923076923077
3 0.13942307692307693 0.4014423076923077 0.1971153846153846 0.16105769230769232
3 0.37259615384615385 0.38221153846153844 0.20673076923076922 0.15865384615384615
1 0.7836538461538461 0.38221153846153844 0.18990384615384615 0.14423076923076922
2 0.6021634615384616 0.3581730769230769 0.16346153846153846 0.12980769230769232
3 0.15384615384615385 0.2283653846153846 0.1875 0.15625
3 0.39663461538461536 0.23677884615384615 0.1971153846153846 0.16105769230769232
2 0.6141826923076923 0.18509615384615385 0.16346153846153846 0.12980769230769232