2 0.3112980769230769 0.26322115384615385 0.09134615384615384 0.125
3 0.33653846153846156 0.5480769230769231 0.1346153846153846 0.1778846153846154
0 0.4375 0.3473557692307692 0.09615384615384616 0.11298076923076923
3 0.4699519230769231 0.765625 0.125 0.15865384615384615
3 0.49399038461538464 0.19230769230769232 0.12980769230769232 0.15144230769230768
3 0.5120192307692307 0.5072115384615384 0.125 0.14903846153846154
2 0.6165865384615384 0.3737980769230769 0.09375 0.11778846153846154
3 0.6322115384615384 0.6754807692307693 0.11538461538461539 0.15865384615384615
0 0.6694711538461539 0.49399038461538464 0.08173076923076923 0.11057692307692307
3 0.7055288461538461 0.23317307692307693 0.11538461538461539 0.14903846153846154
1 0.8076923076923077 0.4543269230769231 0.10096153846153846 0.12740384615384615
1 0.2512019230769231 0.7620192307692307 0.10576923076923077 0.15144230769230768