3 0.4375 0.5348557692307693 0.16346153846153846 0.12980769230769232
2 0.6430288461538461 0.5216346153846154 0.12740384615384615 0.09615384615384616
3 0.17307692307692307 0.44591346153846156 0.1658653846153846 0.11778846153846154
0 0.5144230769230769 0.4362980769230769 0.11057692307692307 0.08653846153846154
2 0.3425480769230769 0.36538461538461536 0.1201923076923077 0.09375
3 0.7319711538461539 0.3425480769230769 0.1778846153846154 0.12980769230769232
3 0.5324519230769231 0.29927884615384615 0.15865384615384615 0.1201923076923077
1 0.10697115384615384 0.2536057692307692 0.14903846153846154 0.11057692307692307
1 0.8725961538461539 0.23317307692307693 0.15384615384615385 0.11538461538461539
0 0.29927884615384615 0.21995192307692307 0.11298076923076923 0.10096153846153846
3 0.4375 0.16346153846153846 0.1658653846153846 0.1201923076923077
3 0.7379807692307693 0.13822115384615385 0.17307692307692307 0.13221153846153846