3 0.45552884615384615 0.5012019230769231 0.08653846153846154 0.11298076923076923
2 0.46634615384615385 0.6394230769230769 0.08173076923076923 0.0985576923076923
3 0.5204326923076923 0.31009615384615385 0.09375 0.11298076923076923
0 0.5276442307692307 0.5456730769230769 0.06971153846153846 0.0889423076923077
2 0.5769230769230769 0.4254807692307692 0.08173076923076923 0.10817307692307693
3 0.5865384615384616 0.6911057692307693 0.09375 0.1201923076923077
3 0.6153846153846154 0.5564903846153846 0.09375 0.11778846153846154
1 0.6550480769230769 0.26802884615384615 0.08653846153846154 0.10336538461538461
0 0.6730769230769231 0.3918269230769231 0.0673076923076923 0.08173076923076923
1 0.6514423076923077 0.7788461538461539 0.08173076923076923 0.0985576923076923
3 0.7067307692307693 0.48197115384615385 0.09375 0.11778846153846154
3 0.7199519230769231 0.6850961538461539 0.09134615384615384 0.11298076923076923