3 0.5853365384615384 0.43509615384615385 0.1875 0.15625
2 0.3713942307692308 0.41947115384615385 0.14423076923076922 0.11778846153846154
3 0.8425480769230769 0.5637019230769231 0.1875 0.14423076923076922
0 0.49158653846153844 0.5240384615384616 0.12740384615384615 0.10096153846153846
2 0.6574519230769231 0.6225961538461539 0.13701923076923078 0.11298076923076923
3 0.2548076923076923 0.5901442307692307 0.19951923076923078 0.15865384615384615
3 0.453125 0.6634615384615384 0.18028846153846154 0.1466346153846154
1 0.8834134615384616 0.7728365384615384 0.16826923076923078 0.1346153846153846
1 0.09615384615384616 0.6826923076923077 0.17307692307692307 0.14182692307692307
0 0.6814903846153846 0.7776442307692307 0.12980769230769232 0.11778846153846154
3 0.5324519230769231 0.8161057692307693 0.1875 0.1466346153846154
3 0.21995192307692307 0.7992788461538461 0.19471153846153846 0.15865384615384615