3 0.4423076923076923 0.578125 0.10817307692307693 0.14903846153846154
2 0.4639423076923077 0.36177884615384615 0.10096153846153846 0.14423076923076922
2 0.4651442307692308 0.3557692307692308 0.09134615384615384 0.11538461538461539
3 0.5216346153846154 0.8245192307692307 0.11298076923076923 0.15144230769230768
0 0.5444711538461539 0.4855769230769231 0.08173076923076923 0.11057692307692307
2 0.5961538461538461 0.6838942307692307 0.08653846153846154 0.125
3 0.65625 0.30408653846153844 0.10336538461538461 0.15865384615384615
3 0.6610576923076923 0.5252403846153846 0.10817307692307693 0.14423076923076922
0 0.6862980769230769 0.7163461538461539 0.07211538461538461 0.10336538461538461
1 0.6887019230769231 0.8918269230769231 0.11057692307692307 0.16346153846153846
1 0.7788461538461539 0.17668269230769232 0.0985576923076923 0.12259615384615384
3 0.796875 0.6225961538461539 0.10817307692307693 0.14423076923076922
3 0.8257211538461539 0.4098557692307692 0.11778846153846154 0.15384615384615385