3 0.6550480769230769 0.4387019230769231 0.11778846153846154 0.14903846153846154
2 0.6670673076923077 0.671875 0.10336538461538461 0.125
3 0.5504807692307693 0.1778846153846154 0.11778846153846154 0.14903846153846154
0 0.5661057692307693 0.5420673076923077 0.0889423076923077 0.11778846153846154
2 0.48677884615384615 0.3293269230769231 0.10096153846153846 0.1346153846153846
3 0.4735576923076923 0.7572115384615384 0.12740384615384615 0.15865384615384615
3 0.43990384615384615 0.5060096153846154 0.125 0.16826923076923078
0 0.38461538461538464 0.29447115384615385 0.09134615384615384 0.11778846153846154
1 0.3605769230769231 0.1045673076923077 0.10336538461538461 0.14182692307692307
1 0.3425480769230769 0.9278846153846154 0.13221153846153846 0.14423076923076922
3 0.2692307692307692 0.40384615384615385 0.1346153846153846 0.16826923076923078
3 0.26322115384615385 0.6574519230769231 0.14423076923076922 0.17067307692307693