3 0.39663461538461536 0.5600961538461539 0.15865384615384615 0.12259615384615384
2 0.609375 0.5829326923076923 0.14903846153846154 0.11057692307692307
2 0.6153846153846154 0.5829326923076923 0.12259615384615384 0.10096153846153846
3 0.17427884615384615 0.4326923076923077 0.15865384615384615 0.12740384615384615
0 0.5084134615384616 0.4807692307692308 0.11538461538461539 0.09134615384615384
2 0.3269230769230769 0.38822115384615385 0.12980769230769232 0.09375
3 0.7067307692307693 0.40865384615384615 0.16346153846153846 0.11778846153846154
3 0.49158653846153844 0.359375 0.14903846153846154 0.11778846153846154
0 0.3125 0.29447115384615385 0.10817307692307693 0.08173076923076923
1 0.14543269230769232 0.25600961538461536 0.17307692307692307 0.125
1 0.8545673076923077 0.31490384615384615 0.12740384615384615 0.10817307692307693
3 0.4254807692307692 0.20673076923076922 0.14903846153846154 0.11778846153846154
3 0.6382211538461539 0.22355769230769232 0.15865384615384615 0.12980769230769232