3 0.5661057692307693 0.4483173076923077 0.17067307692307693 0.20673076923076922
1 0.5889423076923077 0.78125 0.1466346153846154 0.18509615384615385
2 0.5108173076923077 0.6213942307692307 0.1346153846153846 0.16105769230769232
2 0.5588942307692307 0.953125 0.12740384615384615 0.09375
3 0.40384615384615385 0.3161057692307692 0.17548076923076922 0.22355769230769232
0 0.4579326923076923 0.7644230769230769 0.125 0.16346153846153846
0 0.36899038461538464 0.5252403846153846 0.12980769230769232 0.1658653846153846
3 0.39903846153846156 0.9170673076923077 0.16826923076923078 0.1658653846153846
3 0.3245192307692308 0.7115384615384616 0.17067307692307693 0.21634615384615385
1 0.21995192307692307 0.2980769230769231 0.15625 0.19951923076923078
2 0.24278846153846154 0.48677884615384615 0.13942307692307693 0.17067307692307693
3 0.22235576923076922 0.9350961538461539 0.1658653846153846 0.12980769230769232
3 0.171875 0.7223557692307693 0.17067307692307693 0.2091346153846154
2 0.06610576923076923 0.5168269230769231 0.13221153846153846 0.16826923076923078