3 0.4651442307692308 0.45072115384615385 0.0985576923076923 0.07451923076923077
2 0.5913461538461539 0.46875 0.0889423076923077 0.06971153846153846
3 0.28125 0.49759615384615385 0.10096153846153846 0.07932692307692307
0 0.5012019230769231 0.5204326923076923 0.07932692307692307 0.06009615384615385
2 0.3858173076923077 0.5588942307692307 0.0985576923076923 0.06971153846153846
3 0.6334134615384616 0.5841346153846154 0.10817307692307693 0.08173076923076923
3 0.5060096153846154 0.6021634615384616 0.10336538461538461 0.07932692307692307
1 0.23317307692307693 0.6213942307692307 0.09375 0.07451923076923077
0 0.3473557692307692 0.6466346153846154 0.07451923076923077 0.06009615384615385
1 0.7103365384615384 0.6526442307692307 0.0889423076923077 0.06971153846153846
3 0.42908653846153844 0.6826923076923077 0.10576923076923077 0.07932692307692307
3 0.6177884615384616 0.7091346153846154 0.0985576923076923 0.07692307692307693