3 0.41586538461538464 0.6358173076923077 0.18269230769230768 0.1466346153846154
1 0.7283653846153846 0.6021634615384616 0.16346153846153846 0.12259615384615384
2 0.5685096153846154 0.5564903846153846 0.14423076923076922 0.11298076923076923
2 0.9206730769230769 0.5432692307692307 0.15865384615384615 0.11538461538461539
3 0.2668269230769231 0.5072115384615384 0.1971153846153846 0.14903846153846154
0 0.6923076923076923 0.4831730769230769 0.14423076923076922 0.10576923076923077
0 0.45552884615384615 0.43990384615384615 0.1466346153846154 0.11057692307692307
3 0.8461538461538461 0.4026442307692308 0.18509615384615385 0.1466346153846154
3 0.6201923076923077 0.36778846153846156 0.19230769230769232 0.14182692307692307
1 0.21995192307692307 0.3401442307692308 0.1778846153846154 0.12980769230769232
2 0.39903846153846156 0.3293269230769231 0.15384615384615385 0.11538461538461539
3 0.84375 0.23317307692307693 0.17307692307692307 0.14182692307692307
3 0.6057692307692307 0.2247596153846154 0.18269230769230768 0.1466346153846154
2 0.39903846153846156 0.15985576923076922 0.15144230769230768 0.11538461538461539