3 0.45552884615384615 0.6550480769230769 0.15625 0.1201923076923077
2 0.6983173076923077 0.6286057692307693 0.12980769230769232 0.10336538461538461
3 0.16947115384615385 0.5877403846153846 0.15144230769230768 0.1201923076923077
0 0.5492788461538461 0.5456730769230769 0.1201923076923077 0.0889423076923077
2 0.3161057692307692 0.4987980769230769 0.14182692307692307 0.10336538461538461
3 0.7548076923076923 0.41466346153846156 0.16346153846153846 0.13221153846153846
3 0.4891826923076923 0.4206730769230769 0.17067307692307693 0.12740384615384615
0 0.26322115384615385 0.39903846153846156 0.1201923076923077 0.09375
1 0.06850961538461539 0.40384615384615385 0.13701923076923078 0.10576923076923077
1 0.9110576923076923 0.2512019230769231 0.15144230769230768 0.1346153846153846
3 0.3581730769230769 0.26322115384615385 0.17067307692307693 0.13701923076923078
3 0.6165865384615384 0.21394230769230768 0.1778846153846154 0.1466346153846154