2 0.6887019230769231 0.25961538461538464 0.0889423076923077 0.12259615384615384
3 0.6790865384615384 0.5408653846153846 0.13221153846153846 0.17307692307692307
0 0.5685096153846154 0.3485576923076923 0.09375 0.11298076923076923
3 0.5588942307692307 0.7644230769230769 0.12259615384615384 0.15625
3 0.5048076923076923 0.19831730769230768 0.12740384615384615 0.1466346153846154
3 0.5024038461538461 0.5108173076923077 0.12259615384615384 0.1466346153846154
2 0.3918269230769231 0.38461538461538464 0.0889423076923077 0.11778846153846154
3 0.39302884615384615 0.6838942307692307 0.11298076923076923 0.15384615384615385
0 0.34615384615384615 0.5060096153846154 0.07692307692307693 0.10817307692307693
3 0.296875 0.25 0.11298076923076923 0.1466346153846154
1 0.20793269230769232 0.4735576923076923 0.0985576923076923 0.12740384615384615
1 0.7740384615384616 0.75 0.10336538461538461 0.14903846153846154