2 0.3088942307692308 0.328125 0.11057692307692307 0.14423076923076922
3 0.35697115384615385 0.6346153846153846 0.16346153846153846 0.20192307692307693
0 0.453125 0.40865384615384615 0.11298076923076923 0.13221153846153846
3 0.5192307692307693 0.8629807692307693 0.14903846153846154 0.18028846153846154
3 0.5024038461538461 0.23557692307692307 0.15625 0.17307692307692307
3 0.546875 0.5769230769230769 0.14903846153846154 0.17067307692307693
2 0.6502403846153846 0.42427884615384615 0.10817307692307693 0.13701923076923078
3 0.6911057692307693 0.7536057692307693 0.13701923076923078 0.18028846153846154
0 0.7175480769230769 0.5516826923076923 0.09375 0.125
3 0.7379807692307693 0.26322115384615385 0.13701923076923078 0.17067307692307693
1 0.8641826923076923 0.49759615384615385 0.1201923076923077 0.14903846153846154
1 0.28125 0.8762019230769231 0.12740384615384615 0.17307692307692307