3 0.5252403846153846 0.43990384615384615 0.1466346153846154 0.18028846153846154
2 0.5300480769230769 0.6490384615384616 0.11057692307692307 0.13701923076923078
3 0.41346153846153844 0.1814903846153846 0.1346153846153846 0.1778846153846154
0 0.4338942307692308 0.5264423076923077 0.09615384615384616 0.11778846153846154
2 0.3449519230769231 0.3605769230769231 0.10576923076923077 0.12740384615384615
3 0.35697115384615385 0.7548076923076923 0.1466346153846154 0.18990384615384615
3 0.296875 0.5576923076923077 0.13701923076923078 0.17067307692307693
1 0.21153846153846154 0.13341346153846154 0.12259615384615384 0.15865384615384615
1 0.25961538461538464 0.9050480769230769 0.12740384615384615 0.16346153846153846
0 0.1971153846153846 0.328125 0.11057692307692307 0.1201923076923077
3 0.1502403846153846 0.4723557692307692 0.1346153846153846 0.1778846153846154
3 0.15144230769230768 0.7776442307692307 0.1466346153846154 0.1875