3 0.484375 0.4387019230769231 0.11298076923076923 0.15144230769230768
2 0.5132211538461539 0.6538461538461539 0.10576923076923077 0.1466346153846154
2 0.515625 0.6586538461538461 0.09615384615384616 0.11778846153846154
3 0.5552884615384616 0.18990384615384615 0.11778846153846154 0.15625
0 0.5889423076923077 0.5288461538461539 0.08653846153846154 0.11298076923076923
2 0.6358173076923077 0.328125 0.0889423076923077 0.12740384615384615
3 0.7091346153846154 0.7067307692307693 0.10817307692307693 0.16105769230769232
3 0.7043269230769231 0.4831730769230769 0.11298076923076923 0.1466346153846154
0 0.7235576923076923 0.29086538461538464 0.07692307692307693 0.10576923076923077
1 0.7211538461538461 0.11778846153846154 0.11778846153846154 0.1658653846153846
1 0.8365384615384616 0.8293269230769231 0.10096153846153846 0.125
3 0.8377403846153846 0.38100961538461536 0.11298076923076923 0.1466346153846154
3 0.8737980769230769 0.59375 0.12259615384615384 0.15625