2 0.9459134615384616 0.2548076923076923 0.10817307692307693 0.09615384615384616
1 0.38341346153846156 0.1778846153846154 0.125 0.10096153846153846
2 0.23918269230769232 0.31850961538461536 0.10096153846153846 0.09134615384615384
2 0.4050480769230769 0.34615384615384615 0.10576923076923077 0.09375
3 0.90625 0.45552884615384615 0.13701923076923078 0.11298076923076923
2 0.6778846153846154 0.45913461538461536 0.1201923076923077 0.10096153846153846
3 0.4483173076923077 0.5264423076923077 0.13701923076923078 0.1201923076923077
2 0.0985576923076923 0.4795673076923077 0.11057692307692307 0.09615384615384616
3 0.28365384615384615 0.6490384615384616 0.13701923076923078 0.1201923076923077
0 0.8665865384615384 0.7475961538461539 0.11057692307692307 0.09375
3 0.6394230769230769 0.8425480769230769 0.14182692307692307 0.1201923076923077
3 0.4182692307692308 0.8125 0.14423076923076922 0.12259615384615384