2 0.054086538461538464 0.796875 0.10817307692307693 0.0985576923076923
1 0.6430288461538461 0.859375 0.12740384615384615 0.10096153846153846
2 0.7884615384615384 0.7067307692307693 0.10336538461538461 0.09134615384615384
2 0.6153846153846154 0.6850961538461539 0.11057692307692307 0.09615384615384616
3 0.08774038461538461 0.5901442307692307 0.13942307692307693 0.11298076923076923
2 0.328125 0.5757211538461539 0.12259615384615384 0.10336538461538461
3 0.5612980769230769 0.49759615384615385 0.13942307692307693 0.11778846153846154
2 0.9302884615384616 0.5348557692307693 0.11538461538461539 0.09615384615384616
3 0.7307692307692307 0.3641826923076923 0.13942307692307693 0.11778846153846154
0 0.11899038461538461 0.28365384615384615 0.11298076923076923 0.09134615384615384
3 0.35096153846153844 0.17668269230769232 0.1466346153846154 0.1201923076923077
3 0.5853365384615384 0.19951923076923078 0.1466346153846154 0.125