2 0.8822115384615384 0.8701923076923077 0.09375 0.11778846153846154
1 0.8221153846153846 0.3112980769230769 0.09375 0.11778846153846154
2 0.6550480769230769 0.2091346153846154 0.08653846153846154 0.0985576923076923
2 0.6694711538461539 0.3737980769230769 0.09134615384615384 0.10336538461538461
3 0.6850961538461539 0.8774038461538461 0.10817307692307693 0.12980769230769232
2 0.625 0.6574519230769231 0.09615384615384616 0.11538461538461539
3 0.5084134615384616 0.45552884615384615 0.11298076923076923 0.12980769230769232
2 0.46875 0.11298076923076923 0.09134615384615384 0.10576923076923077
3 0.35336538461538464 0.33052884615384615 0.11298076923076923 0.12980769230769232
0 0.39663461538461536 0.90625 0.08653846153846154 0.10576923076923077
3 0.25240384615384615 0.7115384615384616 0.11298076923076923 0.13942307692307693
3 0.22956730769230768 0.49759615384615385 0.11538461538461539 0.13942307692307693