2 0.23197115384615385 0.9230769230769231 0.0985576923076923 0.12259615384615384
1 0.1466346153846154 0.3641826923076923 0.10096153846153846 0.12259615384615384
2 0.28125 0.21875 0.09375 0.10336538461538461
2 0.3125 0.38100961538461536 0.09615384615384616 0.10817307692307693
3 0.42788461538461536 0.8737980769230769 0.11298076923076923 0.1346153846153846
2 0.42788461538461536 0.6478365384615384 0.10096153846153846 0.11778846153846154
3 0.49038461538461536 0.421875 0.11778846153846154 0.1346153846153846
2 0.4375 0.07692307692307693 0.09615384615384616 0.11057692307692307
3 0.6069711538461539 0.25721153846153844 0.11778846153846154 0.1346153846153846
0 0.7151442307692307 0.8293269230769231 0.09134615384615384 0.11057692307692307
3 0.8052884615384616 0.6045673076923077 0.1201923076923077 0.14423076923076922
3 0.7716346153846154 0.3858173076923077 0.125 0.14423076923076922