2 0.10216346153846154 0.203125 0.11057692307692307 0.08413461538461539
1 0.6514423076923077 0.18509615384615385 0.11057692307692307 0.08653846153846154
2 0.7728365384615384 0.3317307692307692 0.09134615384615384 0.07932692307692307
2 0.6117788461538461 0.34134615384615385 0.09615384615384616 0.08173076923076923
3 0.125 0.3954326923076923 0.1201923076923077 0.0985576923076923
2 0.3449519230769231 0.4206730769230769 0.10576923076923077 0.08653846153846154
3 0.5540865384615384 0.5072115384615384 0.1201923076923077 0.10336538461538461
2 0.890625 0.4987980769230769 0.0985576923076923 0.08173076923076923
3 0.6971153846153846 0.640625 0.1201923076923077 0.10336538461538461
0 0.13581730769230768 0.6766826923076923 0.0985576923076923 0.07932692307692307
3 0.34134615384615385 0.7896634615384616 0.12740384615384615 0.10336538461538461
3 0.5528846153846154 0.7836538461538461 0.12740384615384615 0.10576923076923077