2 0.109375 0.9338942307692307 0.09375 0.07451923076923077
1 0.1622596153846154 0.3485576923076923 0.10096153846153846 0.12740384615384615
2 0.3449519230769231 0.23197115384615385 0.09615384615384616 0.10817307692307693
2 0.3329326923076923 0.4110576923076923 0.0985576923076923 0.11298076923076923
3 0.328125 0.9411057692307693 0.11298076923076923 0.10096153846153846
2 0.3858173076923077 0.7223557692307693 0.10336538461538461 0.12259615384615384
3 0.5108173076923077 0.5012019230769231 0.12259615384615384 0.14182692307692307
2 0.5456730769230769 0.12259615384615384 0.0985576923076923 0.11538461538461539
3 0.6790865384615384 0.3581730769230769 0.12259615384615384 0.14182692307692307
0 0.6430288461538461 0.9663461538461539 0.09375 0.0673076923076923
3 0.7944711538461539 0.7764423076923077 0.12259615384615384 0.14903846153846154
3 0.8161057692307693 0.5372596153846154 0.125 0.14903846153846154