2 0.8040865384615384 0.028846153846153848 0.0985576923076923 0.057692307692307696
1 0.8834134615384616 0.5793269230769231 0.10096153846153846 0.12740384615384615
2 0.7415865384615384 0.7271634615384616 0.09375 0.10576923076923077
2 0.7139423076923077 0.5588942307692307 0.0985576923076923 0.11057692307692307
3 0.5997596153846154 0.056490384615384616 0.11778846153846154 0.11298076923076923
2 0.5973557692307693 0.2776442307692308 0.10576923076923077 0.12259615384615384
3 0.5288461538461539 0.5120192307692307 0.12259615384615384 0.14182692307692307
2 0.5769230769230769 0.8725961538461539 0.0985576923076923 0.11298076923076923
3 0.4026442307692308 0.6814903846153846 0.12259615384615384 0.14423076923076922
0 0.3004807692307692 0.08413461538461539 0.09615384615384616 0.11298076923076923
3 0.20432692307692307 0.3161057692307692 0.12259615384615384 0.14903846153846154
3 0.23557692307692307 0.5444711538461539 0.125 0.14903846153846154