2 0.9002403846153846 0.8509615384615384 0.1201923076923077 0.0889423076923077
1 0.3137019230769231 0.8810096153846154 0.1201923076923077 0.09134615384615384
2 0.1814903846153846 0.7259615384615384 0.10096153846153846 0.08653846153846154
2 0.35336538461538464 0.7139423076923077 0.10336538461538461 0.0889423076923077
3 0.8737980769230769 0.6466346153846154 0.12980769230769232 0.10817307692307693
2 0.6370192307692307 0.6213942307692307 0.11538461538461539 0.09375
3 0.41225961538461536 0.5336538461538461 0.12980769230769232 0.11298076923076923
2 0.054086538461538464 0.5492788461538461 0.10576923076923077 0.0889423076923077
3 0.25721153846153844 0.39302884615384615 0.13221153846153846 0.11298076923076923
0 0.8569711538461539 0.3449519230769231 0.10576923076923077 0.08653846153846154
3 0.6346153846153846 0.22956730769230768 0.13942307692307693 0.11298076923076923
3 0.40865384615384615 0.2403846153846154 0.13942307692307693 0.11538461538461539