2 0.9314903846153846 0.11778846153846154 0.10096153846153846 0.12980769230769232
1 0.8461538461538461 0.7115384615384616 0.10336538461538461 0.12980769230769232
2 0.6634615384615384 0.8161057692307693 0.09375 0.10576923076923077
2 0.6838942307692307 0.6418269230769231 0.0985576923076923 0.11298076923076923
3 0.7175480769230769 0.10697115384615384 0.1201923076923077 0.14182692307692307
2 0.6478365384615384 0.33653846153846156 0.10576923076923077 0.125
3 0.515625 0.5456730769230769 0.12259615384615384 0.14423076923076922
2 0.46153846153846156 0.9110576923076923 0.10096153846153846 0.11778846153846154
3 0.3449519230769231 0.6766826923076923 0.12259615384615384 0.14423076923076922
0 0.41346153846153844 0.0625 0.09615384615384616 0.11538461538461539
3 0.2536057692307692 0.26322115384615385 0.125 0.15144230769230768
3 0.21995192307692307 0.4951923076923077 0.12740384615384615 0.15144230769230768