2 0.11177884615384616 0.13942307692307693 0.12740384615384615 0.09615384615384616
1 0.71875 0.19471153846153846 0.12740384615384615 0.10096153846153846
2 0.8317307692307693 0.3713942307692308 0.10576923076923077 0.09134615384615384
2 0.6550480769230769 0.3605769230769231 0.11057692307692307 0.09615384615384616
3 0.109375 0.35336538461538464 0.13942307692307693 0.11538461538461539
2 0.3485576923076923 0.41346153846153844 0.12259615384615384 0.10096153846153846
3 0.5685096153846154 0.5360576923076923 0.13942307692307693 0.12259615384615384
2 0.9387019230769231 0.5709134615384616 0.11298076923076923 0.09615384615384616
3 0.7067307692307693 0.7019230769230769 0.13942307692307693 0.12259615384615384
0 0.08413461538461539 0.6646634615384616 0.11298076923076923 0.09375
3 0.29447115384615385 0.8161057692307693 0.14903846153846154 0.12259615384615384
3 0.5300480769230769 0.8377403846153846 0.14903846153846154 0.12259615384615384