2 0.8617788461538461 0.8605769230769231 0.0889423076923077 0.11538461538461539
1 0.8209134615384616 0.30408653846153844 0.0889423076923077 0.11538461538461539
2 0.6610576923076923 0.19831730769230768 0.08413461538461539 0.09615384615384616
2 0.6682692307692307 0.3605769230769231 0.0889423076923077 0.10096153846153846
3 0.6646634615384616 0.859375 0.10336538461538461 0.12740384615384615
2 0.6141826923076923 0.640625 0.09375 0.11057692307692307
3 0.5048076923076923 0.4375 0.10817307692307693 0.12740384615384615
2 0.4795673076923077 0.09615384615384616 0.0889423076923077 0.10096153846153846
3 0.35697115384615385 0.3076923076923077 0.10817307692307693 0.12740384615384615
0 0.3798076923076923 0.8786057692307693 0.08413461538461539 0.10096153846153846
3 0.2439903846153846 0.6814903846153846 0.11057692307692307 0.1346153846153846
3 0.2283653846153846 0.4675480769230769 0.11057692307692307 0.1346153846153846