2 0.09254807692307693 0.796875 0.1201923076923077 0.09375
1 0.6646634615384616 0.8557692307692307 0.12259615384615384 0.0985576923076923
2 0.8016826923076923 0.7115384615384616 0.0985576923076923 0.0889423076923077
2 0.6358173076923077 0.6911057692307693 0.10336538461538461 0.09134615384615384
3 0.12980769230769232 0.5985576923076923 0.1346153846153846 0.10817307692307693
2 0.36177884615384615 0.5865384615384616 0.11778846153846154 0.0985576923076923
3 0.5865384615384616 0.5120192307692307 0.1346153846153846 0.11538461538461539
2 0.9375 0.5456730769230769 0.10817307692307693 0.09134615384615384
3 0.7451923076923077 0.38341346153846156 0.1346153846153846 0.11538461538461539
0 0.16105769230769232 0.30528846153846156 0.10817307692307693 0.0889423076923077
3 0.38461538461538464 0.203125 0.13942307692307693 0.11538461538461539
3 0.6045673076923077 0.2247596153846154 0.13942307692307693 0.11778846153846154