2 0.18389423076923078 0.12980769230769232 0.08653846153846154 0.11538461538461539
1 0.18509615384615385 0.7235576923076923 0.08653846153846154 0.11538461538461539
2 0.3473557692307692 0.8497596153846154 0.08173076923076923 0.0985576923076923
2 0.35096153846153844 0.6778846153846154 0.08653846153846154 0.10096153846153846
3 0.390625 0.14903846153846154 0.10096153846153846 0.12740384615384615
2 0.42788461538461536 0.38341346153846156 0.09134615384615384 0.11057692307692307
3 0.5288461538461539 0.6069711538461539 0.10576923076923077 0.12740384615384615
2 0.5324519230769231 0.9603365384615384 0.08653846153846154 0.07932692307692307
3 0.6778846153846154 0.7572115384615384 0.10576923076923077 0.12980769230769232
0 0.6959134615384616 0.14783653846153846 0.08173076923076923 0.10336538461538461
3 0.8245192307692307 0.36538461538461536 0.10576923076923077 0.1346153846153846
3 0.8257211538461539 0.5973557692307693 0.11057692307692307 0.1346153846153846