2 0.20192307692307693 0.9122596153846154 0.0889423076923077 0.1201923076923077
1 0.16346153846153846 0.3329326923076923 0.09375 0.1201923076923077
2 0.3125 0.19831730769230768 0.0889423076923077 0.10096153846153846
2 0.3293269230769231 0.36658653846153844 0.0889423076923077 0.10336538461538461
3 0.40384615384615385 0.8798076923076923 0.10817307692307693 0.13221153846153846
2 0.42427884615384615 0.6490384615384616 0.09615384615384616 0.11538461538461539
3 0.5084134615384616 0.4230769230769231 0.11538461538461539 0.13221153846153846
2 0.4855769230769231 0.06610576923076923 0.0889423076923077 0.10576923076923077
3 0.6430288461538461 0.2668269230769231 0.11538461538461539 0.1346153846153846
0 0.7007211538461539 0.8605769230769231 0.0889423076923077 0.10576923076923077
3 0.8125 0.6382211538461539 0.11538461538461539 0.13942307692307693
3 0.7980769230769231 0.41346153846153844 0.11538461538461539 0.13942307692307693