2 0.8473557692307693 0.15264423076923078 0.0889423076923077 0.11538461538461539
1 0.7884615384615384 0.6959134615384616 0.09375 0.11538461538461539
2 0.625 0.796875 0.08653846153846154 0.09375
2 0.6382211538461539 0.6382211538461539 0.08653846153846154 0.0985576923076923
3 0.6526442307692307 0.14903846153846154 0.10576923076923077 0.12740384615384615
2 0.5961538461538461 0.3605769230769231 0.09134615384615384 0.11057692307692307
3 0.48197115384615385 0.5552884615384616 0.11057692307692307 0.12740384615384615
2 0.44471153846153844 0.8894230769230769 0.08653846153846154 0.10336538461538461
3 0.3317307692307692 0.6790865384615384 0.11057692307692307 0.12740384615384615
0 0.3737980769230769 0.11778846153846154 0.08413461538461539 0.10336538461538461
3 0.234375 0.30528846153846156 0.11057692307692307 0.1346153846153846
3 0.21033653846153846 0.5180288461538461 0.11298076923076923 0.1346153846153846