2 0.8365384615384616 0.07211538461538461 0.125 0.0985576923076923
1 0.2439903846153846 0.13581730769230768 0.125 0.0985576923076923
2 0.1346153846153846 0.3112980769230769 0.10576923076923077 0.09134615384615384
2 0.30649038461538464 0.296875 0.11057692307692307 0.09615384615384616
3 0.8401442307692307 0.28125 0.13942307692307693 0.11298076923076923
2 0.6105769230769231 0.34375 0.1201923076923077 0.10336538461538461
3 0.39783653846153844 0.4675480769230769 0.13942307692307693 0.11778846153846154
2 0.04447115384615385 0.5072115384615384 0.0889423076923077 0.09615384615384616
3 0.2620192307692308 0.6322115384615384 0.13942307692307693 0.11778846153846154
0 0.8725961538461539 0.5853365384615384 0.11298076923076923 0.09134615384615384
3 0.6682692307692307 0.7367788461538461 0.14423076923076922 0.1201923076923077
3 0.4375 0.7632211538461539 0.1466346153846154 0.125