2 0.10216346153846154 0.2091346153846154 0.11298076923076923 0.08173076923076923
1 0.6478365384615384 0.1814903846153846 0.11298076923076923 0.08653846153846154
2 0.7740384615384616 0.3269230769230769 0.09134615384615384 0.08173076923076923
2 0.6141826923076923 0.3401442307692308 0.09615384615384616 0.08173076923076923
3 0.12860576923076922 0.4014423076923077 0.12259615384615384 0.0985576923076923
2 0.3473557692307692 0.4254807692307692 0.10817307692307693 0.08653846153846154
3 0.5564903846153846 0.5072115384615384 0.12259615384615384 0.10576923076923077
2 0.8930288461538461 0.49158653846153844 0.10096153846153846 0.08173076923076923
3 0.703125 0.6358173076923077 0.12259615384615384 0.10576923076923077
0 0.14302884615384615 0.6826923076923077 0.10096153846153846 0.07932692307692307
3 0.3485576923076923 0.7908653846153846 0.12980769230769232 0.10576923076923077
3 0.5625 0.78125 0.12980769230769232 0.10817307692307693