2 0.07572115384615384 0.16466346153846154 0.10336538461538461 0.12980769230769232
1 0.17067307692307693 0.7536057692307693 0.10336538461538461 0.12980769230769232
2 0.35096153846153844 0.8509615384615384 0.09615384615384616 0.10817307692307693
2 0.328125 0.6790865384615384 0.10096153846153846 0.11298076923076923
3 0.2848557692307692 0.1466346153846154 0.1201923076923077 0.14423076923076922
2 0.3581730769230769 0.3762019230769231 0.10817307692307693 0.12259615384615384
3 0.49399038461538464 0.5829326923076923 0.125 0.14423076923076922
2 0.5540865384615384 0.9411057692307693 0.10096153846153846 0.11778846153846154
3 0.6658653846153846 0.7067307692307693 0.125 0.14423076923076922
0 0.5865384615384616 0.10096153846153846 0.09615384615384616 0.11778846153846154
3 0.7487980769230769 0.296875 0.125 0.14903846153846154
3 0.7860576923076923 0.5240384615384616 0.12980769230769232 0.15144230769230768