2 0.16346153846153846 0.9495192307692307 0.08413461538461539 0.10096153846153846
1 0.1658653846153846 0.36778846153846156 0.0889423076923077 0.11538461538461539
2 0.3293269230769231 0.2403846153846154 0.08173076923076923 0.09615384615384616
2 0.3329326923076923 0.41225961538461536 0.08413461538461539 0.10096153846153846
3 0.37259615384615385 0.9375 0.10096153846153846 0.125
2 0.4098557692307692 0.7067307692307693 0.09134615384615384 0.11057692307692307
3 0.5108173076923077 0.484375 0.10576923076923077 0.12740384615384615
2 0.5132211538461539 0.1201923076923077 0.08413461538461539 0.10336538461538461
3 0.6586538461538461 0.3329326923076923 0.10576923076923077 0.12740384615384615
0 0.6754807692307693 0.9399038461538461 0.08173076923076923 0.10336538461538461
3 0.8040865384615384 0.7235576923076923 0.10576923076923077 0.1346153846153846
3 0.8052884615384616 0.49278846153846156 0.10817307692307693 0.1346153846153846