2 0.7872596153846154 0.08533653846153846 0.08413461538461539 0.11538461538461539
1 0.8149038461538461 0.6370192307692307 0.08653846153846154 0.11538461538461539
2 0.6694711538461539 0.7644230769230769 0.08173076923076923 0.09375
2 0.6574519230769231 0.6033653846153846 0.08413461538461539 0.0985576923076923
3 0.59375 0.11298076923076923 0.10096153846153846 0.125
2 0.5709134615384616 0.3329326923076923 0.0889423076923077 0.10817307692307693
3 0.4879807692307692 0.5456730769230769 0.10576923076923077 0.125
2 0.5036057692307693 0.8846153846153846 0.08413461538461539 0.10096153846153846
3 0.3557692307692308 0.6923076923076923 0.10576923076923077 0.125
0 0.3112980769230769 0.12740384615384615 0.08173076923076923 0.10096153846153846
3 0.20192307692307693 0.33653846153846156 0.10576923076923077 0.12980769230769232
3 0.21153846153846154 0.5516826923076923 0.10817307692307693 0.12980769230769232