2 0.0673076923076923 0.10216346153846154 0.0985576923076923 0.125
1 0.1310096153846154 0.6911057692307693 0.0985576923076923 0.125
2 0.30528846153846156 0.7992788461538461 0.09134615384615384 0.10576923076923077
2 0.29086538461538464 0.6298076923076923 0.09615384615384616 0.11057692307692307
3 0.2764423076923077 0.0985576923076923 0.11298076923076923 0.13701923076923078
2 0.33774038461538464 0.3269230769230769 0.10336538461538461 0.1201923076923077
3 0.46153846153846156 0.5384615384615384 0.11778846153846154 0.13701923076923078
2 0.5024038461538461 0.9026442307692307 0.09615384615384616 0.11298076923076923
3 0.6262019230769231 0.6730769230769231 0.11778846153846154 0.13942307692307693
0 0.5793269230769231 0.06490384615384616 0.09134615384615384 0.11057692307692307
3 0.7295673076923077 0.2692307692307692 0.1201923076923077 0.14423076923076922
3 0.7548076923076923 0.4987980769230769 0.125 0.1466346153846154