2 0.8221153846153846 0.12259615384615384 0.12740384615384615 0.10336538461538461
1 0.23677884615384615 0.21634615384615385 0.12740384615384615 0.10336538461538461
2 0.13822115384615385 0.39663461538461536 0.11057692307692307 0.09615384615384616
2 0.3076923076923077 0.375 0.11298076923076923 0.10096153846153846
3 0.8365384615384616 0.33052884615384615 0.14182692307692307 0.1201923076923077
2 0.6117788461538461 0.4050480769230769 0.12259615384615384 0.10817307692307693
3 0.40625 0.5396634615384616 0.14182692307692307 0.125
2 0.054086538461538464 0.5973557692307693 0.0985576923076923 0.0985576923076923
3 0.28125 0.7103365384615384 0.14423076923076922 0.125
0 0.8858173076923077 0.6310096153846154 0.11538461538461539 0.09615384615384616
3 0.6899038461538461 0.7932692307692307 0.14903846153846154 0.125
3 0.46274038461538464 0.8305288461538461 0.15144230769230768 0.12980769230769232