2 0.8774038461538461 0.8810096153846154 0.1201923076923077 0.09615384615384616
1 0.3173076923076923 0.8004807692307693 0.12259615384615384 0.0985576923076923
2 0.21995192307692307 0.6310096153846154 0.10336538461538461 0.0889423076923077
2 0.38221153846153844 0.6502403846153846 0.10576923076923077 0.09375
3 0.8870192307692307 0.6826923076923077 0.13221153846153846 0.11298076923076923
2 0.6706730769230769 0.6165865384615384 0.11778846153846154 0.10096153846153846
3 0.4735576923076923 0.49158653846153844 0.13221153846153846 0.11778846153846154
2 0.12740384615384615 0.43990384615384615 0.10817307692307693 0.09375
3 0.34975961538461536 0.33052884615384615 0.13701923076923078 0.11778846153846154
0 0.9290865384615384 0.3954326923076923 0.10817307692307693 0.0889423076923077
3 0.7403846153846154 0.2439903846153846 0.14182692307692307 0.11778846153846154
3 0.5216346153846154 0.21153846153846154 0.14423076923076922 0.12259615384615384