2 0.24519230769230768 0.9170673076923077 0.09375 0.11778846153846154
1 0.16105769230769232 0.38100961538461536 0.09615384615384616 0.11778846153846154
2 0.29086538461538464 0.24519230769230768 0.0889423076923077 0.0985576923076923
2 0.31850961538461536 0.40024038461538464 0.09134615384615384 0.10336538461538461
3 0.43028846153846156 0.8737980769230769 0.10817307692307693 0.12740384615384615
2 0.43028846153846156 0.6550480769230769 0.09615384615384616 0.11298076923076923
3 0.49038461538461536 0.4375 0.11298076923076923 0.12980769230769232
2 0.43990384615384615 0.10817307692307693 0.09134615384615384 0.10817307692307693
3 0.6045673076923077 0.28125 0.11298076923076923 0.12980769230769232
0 0.7067307692307693 0.828125 0.09134615384615384 0.10817307692307693
3 0.7920673076923077 0.6129807692307693 0.11538461538461539 0.13942307692307693
3 0.7596153846153846 0.4050480769230769 0.1201923076923077 0.13942307692307693