2 0.21033653846153846 0.9795673076923077 0.0985576923076923 0.040865384615384616
1 0.140625 0.41346153846153844 0.10576923076923077 0.12980769230769232
2 0.2920673076923077 0.26322115384615385 0.0985576923076923 0.11057692307692307
2 0.3173076923076923 0.4387019230769231 0.10096153846153846 0.11538461538461539
3 0.4230769230769231 0.9519230769230769 0.11538461538461539 0.09615384615384616
2 0.4338942307692308 0.7331730769230769 0.10817307692307693 0.125
3 0.5096153846153846 0.49038461538461536 0.125 0.14423076923076922
2 0.46634615384615385 0.11298076923076923 0.10096153846153846 0.11778846153846154
3 0.6442307692307693 0.3161057692307692 0.125 0.1466346153846154
0 0.7379807692307693 0.9314903846153846 0.09615384615384616 0.09615384615384616
3 0.8449519230769231 0.7007211538461539 0.12740384615384615 0.15384615384615385
3 0.8161057692307693 0.46274038461538464 0.12980769230769232 0.15144230769230768