2 0.9002403846153846 0.030048076923076924 0.08413461538461539 0.06009615384615385
1 0.3112980769230769 0.09615384615384616 0.1346153846153846 0.10817307692307693
2 0.20552884615384615 0.28125 0.11298076923076923 0.0985576923076923
2 0.38461538461538464 0.2608173076923077 0.11778846153846154 0.10336538461538461
3 0.9194711538461539 0.22716346153846154 0.10817307692307693 0.11778846153846154
2 0.6983173076923077 0.2980769230769231 0.12740384615384615 0.11057692307692307
3 0.48197115384615385 0.4362980769230769 0.14903846153846154 0.12740384615384615
2 0.10817307692307693 0.49038461538461536 0.1201923076923077 0.10336538461538461
3 0.35096153846153844 0.6105769230769231 0.14903846153846154 0.12740384615384615
0 0.9603365384615384 0.5408653846153846 0.07932692307692307 0.09615384615384616
3 0.7740384615384616 0.7055288461538461 0.15625 0.12980769230769232
3 0.5372596153846154 0.7403846153846154 0.15625 0.1346153846153846