2 0.8978365384615384 0.08173076923076923 0.125 0.09615384615384616
1 0.3004807692307692 0.13581730769230768 0.125 0.0985576923076923
2 0.1875 0.31009615384615385 0.10817307692307693 0.09375
2 0.3605769230769231 0.2980769230769231 0.10817307692307693 0.09615384615384616
3 0.8966346153846154 0.2932692307692308 0.13701923076923078 0.11298076923076923
2 0.6658653846153846 0.35096153846153844 0.1201923076923077 0.10096153846153846
3 0.4495192307692308 0.4723557692307692 0.13942307692307693 0.11778846153846154
2 0.08052884615384616 0.5060096153846154 0.11298076923076923 0.09615384615384616
3 0.31009615384615385 0.6346153846153846 0.14182692307692307 0.11778846153846154
0 0.9266826923076923 0.5985576923076923 0.11298076923076923 0.09375
3 0.7175480769230769 0.7475961538461539 0.1466346153846154 0.11778846153846154
3 0.4855769230769231 0.7704326923076923 0.1466346153846154 0.12259615384615384