2 0.8413461538461539 0.09375 0.09375 0.125
1 0.7980769230769231 0.6983173076923077 0.0985576923076923 0.12740384615384615
2 0.6237980769230769 0.8137019230769231 0.09134615384615384 0.10336538461538461
2 0.6322115384615384 0.6370192307692307 0.09375 0.10817307692307693
3 0.6298076923076923 0.09495192307692307 0.11298076923076923 0.13701923076923078
2 0.5745192307692307 0.33413461538461536 0.0985576923076923 0.12259615384615384
3 0.45552884615384615 0.5540865384615384 0.11778846153846154 0.13701923076923078
2 0.4266826923076923 0.9242788461538461 0.09375 0.11057692307692307
3 0.2920673076923077 0.6947115384615384 0.11778846153846154 0.13701923076923078
0 0.31850961538461536 0.07451923076923077 0.09134615384615384 0.11057692307692307
3 0.171875 0.28846153846153844 0.11778846153846154 0.1466346153846154
3 0.15384615384615385 0.5204326923076923 0.1201923076923077 0.1466346153846154