2 0.1971153846153846 0.10216346153846154 0.08173076923076923 0.11057692307692307
1 0.19831730769230768 0.6598557692307693 0.08173076923076923 0.11057692307692307
2 0.35096153846153844 0.7788461538461539 0.07692307692307693 0.09134615384615384
2 0.3545673076923077 0.6177884615384616 0.08173076923076923 0.09615384615384616
3 0.39302884615384615 0.1201923076923077 0.09615384615384616 0.1201923076923077
2 0.42788461538461536 0.3401442307692308 0.08653846153846154 0.10576923076923077
3 0.5228365384615384 0.5504807692307693 0.10096153846153846 0.1201923076923077
2 0.5252403846153846 0.8942307692307693 0.08173076923076923 0.09615384615384616
3 0.6622596153846154 0.6911057692307693 0.10096153846153846 0.12259615384615384
0 0.6790865384615384 0.11899038461538461 0.07692307692307693 0.09615384615384616
3 0.8004807692307693 0.3233173076923077 0.10096153846153846 0.12740384615384615
3 0.8016826923076923 0.5408653846153846 0.10096153846153846 0.12740384615384615