2 0.13341346153846154 0.8221153846153846 0.11057692307692307 0.08173076923076923
1 0.6730769230769231 0.7932692307692307 0.11057692307692307 0.08653846153846154
2 0.78125 0.6370192307692307 0.09134615384615384 0.08173076923076923
2 0.6237980769230769 0.6418269230769231 0.09615384615384616 0.08173076923076923
3 0.13942307692307693 0.6310096153846154 0.1201923076923077 0.09615384615384616
2 0.35216346153846156 0.5865384615384616 0.10576923076923077 0.08653846153846154
3 0.5492788461538461 0.4831730769230769 0.1201923076923077 0.10096153846153846
2 0.8834134615384616 0.46274038461538464 0.10096153846153846 0.08173076923076923
3 0.6814903846153846 0.3401442307692308 0.1201923076923077 0.10096153846153846
0 0.12379807692307693 0.35336538461538464 0.10096153846153846 0.08173076923076923
3 0.3173076923076923 0.22596153846153846 0.12980769230769232 0.10336538461538461
3 0.5276442307692307 0.2127403846153846 0.12980769230769232 0.10817307692307693