2 0.6826923076923077 0.296875 0.14182692307692307 0.13942307692307693
3 0.6418269230769231 0.6057692307692307 0.17307692307692307 0.16826923076923078
3 0.6225961538461539 0.44350961538461536 0.18028846153846154 0.17067307692307693
2 0.546875 0.7319711538461539 0.14182692307692307 0.15144230769230768
2 0.5721153846153846 0.24879807692307693 0.12980769230769232 0.13942307692307693
2 0.5 0.6081730769230769 0.14423076923076922 0.14182692307692307
3 0.49158653846153844 0.35336538461538464 0.1778846153846154 0.17548076923076922
2 0.40024038461538464 0.6862980769230769 0.13701923076923078 0.15144230769230768
3 0.4050480769230769 0.49038461538461536 0.1875 0.17548076923076922
2 0.34975961538461536 0.32211538461538464 0.15144230769230768 0.14903846153846154
2 0.2764423076923077 0.7704326923076923 0.15625 0.15865384615384615
3 0.27403846153846156 0.5973557692307693 0.19471153846153846 0.19471153846153846
3 0.2283653846153846 0.41466346153846156 0.19951923076923078 0.18269230769230768
2 0.7716346153846154 0.5685096153846154 0.1346153846153846 0.13942307692307693
3 0.7680288461538461 0.4230769230769231 0.17548076923076922 0.17548076923076922
3 0.6814903846153846 0.765625 0.18509615384615385 0.18990384615384615