2 0.5456730769230769 0.30408653846153844 0.15384615384615385 0.15865384615384615
1 0.3918269230769231 0.3317307692307692 0.18269230769230768 0.18269230769230768
2 0.6838942307692307 0.37259615384615385 0.15865384615384615 0.15865384615384615
1 0.24639423076923078 0.4182692307692308 0.18990384615384615 0.18269230769230768
1 0.5012019230769231 0.4543269230769231 0.17067307692307693 0.18028846153846154
2 0.6454326923076923 0.5144230769230769 0.15865384615384615 0.16346153846153846
1 0.3701923076923077 0.5528846153846154 0.18269230769230768 0.18269230769230768
2 0.2127403846153846 0.578125 0.15865384615384615 0.15865384615384615
2 0.7415865384615384 0.6213942307692307 0.15625 0.15384615384615385
1 0.5180288461538461 0.6189903846153846 0.1778846153846154 0.1778846153846154
2 0.3870192307692308 0.7067307692307693 0.15384615384615385 0.15384615384615385
1 0.6382211538461539 0.7319711538461539 0.18028846153846154 0.1778846153846154
2 0.23677884615384615 0.7319711538461539 0.15865384615384615 0.16346153846153846
1 0.49399038461538464 0.8161057692307693 0.1778846153846154 0.18269230769230768
2 0.4579326923076923 0.18269230769230768 0.15865384615384615 0.15625
1 0.6742788461538461 0.21514423076923078 0.17548076923076922 0.18269230769230768