2 0.5216346153846154 0.6370192307692307 0.1658653846153846 0.16826923076923078
1 0.6646634615384616 0.5745192307692307 0.19471153846153846 0.19471153846153846
2 0.3786057692307692 0.6045673076923077 0.17067307692307693 0.17067307692307693
1 0.7788461538461539 0.45913461538461536 0.20192307692307693 0.1971153846153846
1 0.5288461538461539 0.484375 0.18509615384615385 0.19230769230769232
2 0.3786057692307692 0.46153846153846156 0.17067307692307693 0.17307692307692307
1 0.6322115384615384 0.359375 0.19471153846153846 0.19471153846153846
2 0.7752403846153846 0.2980769230769231 0.17067307692307693 0.17067307692307693
2 0.25961538461538464 0.38221153846153844 0.1658653846153846 0.1658653846153846
1 0.47475961538461536 0.33052884615384615 0.18990384615384615 0.18990384615384615
2 0.578125 0.21754807692307693 0.16346153846153846 0.16346153846153846
1 0.33533653846153844 0.25240384615384615 0.18990384615384615 0.18990384615384615
2 0.7127403846153846 0.15865384615384615 0.17067307692307693 0.17307692307692307
1 0.4495192307692308 0.13942307692307693 0.18990384615384615 0.19471153846153846
2 0.6334134615384616 0.7331730769230769 0.16826923076923078 0.16826923076923078
1 0.421875 0.7536057692307693 0.18509615384615385 0.19230769230769232