3 0.3557692307692308 0.24879807692307693 0.1971153846153846 0.19951923076923078
2 0.3293269230769231 0.8329326923076923 0.17548076923076922 0.16826923076923078
3 0.36778846153846156 0.47475961538461536 0.19951923076923078 0.19230769230769232
2 0.3545673076923077 0.6502403846153846 0.15144230769230768 0.16826923076923078
3 0.5348557692307693 0.24879807692307693 0.19230769230769232 0.19951923076923078
2 0.5240384615384616 0.8497596153846154 0.16105769230769232 0.1658653846153846
3 0.5588942307692307 0.45913461538461536 0.1971153846153846 0.19230769230769232
2 0.5552884615384616 0.6802884615384616 0.15865384615384615 0.16105769230769232
3 0.7836538461538461 0.265625 0.20432692307692307 0.18990384615384615
3 0.7752403846153846 0.4675480769230769 0.20432692307692307 0.18990384615384615
2 0.7596153846153846 0.6911057692307693 0.16346153846153846 0.15144230769230768
2 0.7439903846153846 0.8665865384615384 0.16346153846153846 0.15144230769230768
3 0.13822115384615385 0.44591346153846156 0.20673076923076922 0.20192307692307693
3 0.1658653846153846 0.22596153846153846 0.19951923076923078 0.19951923076923078
2 0.171875 0.640625 0.1658653846153846 0.16826923076923078
2 0.1658653846153846 0.8197115384615384 0.1658653846153846 0.16346153846153846