2 0.5396634615384616 0.6141826923076923 0.14903846153846154 0.16105769230769232
2 0.75 0.6177884615384616 0.15384615384615385 0.15384615384615385
2 0.36778846153846156 0.6081730769230769 0.13942307692307693 0.14423076923076922
2 0.18269230769230768 0.6021634615384616 0.13701923076923078 0.14903846153846154
1 0.7680288461538461 0.44350961538461536 0.1658653846153846 0.16105769230769232
1 0.5649038461538461 0.4206730769230769 0.15384615384615385 0.17067307692307693
1 0.3713942307692308 0.4074519230769231 0.15384615384615385 0.1658653846153846
1 0.19471153846153846 0.3894230769230769 0.15625 0.1658653846153846
1 0.7596153846153846 0.24519230769230768 0.17067307692307693 0.17067307692307693
1 0.38221153846153844 0.21754807692307693 0.15384615384615385 0.17548076923076922
1 0.5612980769230769 0.21875 0.15384615384615385 0.17548076923076922
1 0.20192307692307693 0.1935096153846154 0.15144230769230768 0.1658653846153846
2 0.7548076923076923 0.8173076923076923 0.1466346153846154 0.15144230769230768
2 0.5444711538461539 0.7980769230769231 0.13942307692307693 0.15384615384615385
2 0.3701923076923077 0.7740384615384616 0.13942307692307693 0.14903846153846154
2 0.17427884615384615 0.7680288461538461 0.13942307692307693 0.14903846153846154