1 0.3641826923076923 0.3954326923076923 0.14423076923076922 0.13942307692307693
1 0.3545673076923077 0.19831730769230768 0.14903846153846154 0.14423076923076922
1 0.4050480769230769 0.59375 0.1466346153846154 0.14182692307692307
1 0.4206730769230769 0.7319711538461539 0.14423076923076922 0.14182692307692307
2 0.5228365384615384 0.17548076923076922 0.13221153846153846 0.12980769230769232
2 0.5913461538461539 0.6826923076923077 0.12980769230769232 0.12980769230769232
2 0.5540865384615384 0.36538461538461536 0.13221153846153846 0.12980769230769232
2 0.5841346153846154 0.5108173076923077 0.12980769230769232 0.12980769230769232
2 0.6935096153846154 0.36899038461538464 0.13221153846153846 0.12980769230769232
2 0.7295673076923077 0.6682692307692307 0.12740384615384615 0.12740384615384615
2 0.7259615384615384 0.5144230769230769 0.12740384615384615 0.125
2 0.6899038461538461 0.16706730769230768 0.13221153846153846 0.12980769230769232
1 0.18389423076923078 0.24158653846153846 0.14903846153846154 0.14423076923076922
1 0.234375 0.42427884615384615 0.13942307692307693 0.14423076923076922
1 0.28125 0.734375 0.14423076923076922 0.13942307692307693
1 0.265625 0.6021634615384616 0.14423076923076922 0.14182692307692307