1 0.6850961538461539 0.6466346153846154 0.20192307692307693 0.2091346153846154
2 0.2608173076923077 0.5817307692307693 0.19951923076923078 0.18990384615384615
2 0.5757211538461539 0.5336538461538461 0.17548076923076922 0.17307692307692307
2 0.8245192307692307 0.5480769230769231 0.17067307692307693 0.17067307692307693
1 0.36658653846153844 0.44711538461538464 0.21394230769230768 0.2091346153846154
1 0.6923076923076923 0.41586538461538464 0.20192307692307693 0.21394230769230768
1 0.21875 0.33774038461538464 0.2091346153846154 0.2091346153846154
1 0.5264423076923077 0.375 0.2091346153846154 0.21394230769230768
2 0.8545673076923077 0.3918269230769231 0.17307692307692307 0.18028846153846154
2 0.3870192307692308 0.2776442307692308 0.18269230769230768 0.1875
1 0.6875 0.23918269230769232 0.1971153846153846 0.19230769230769232
1 0.5204326923076923 0.18870192307692307 0.19951923076923078 0.19951923076923078
2 0.6213942307692307 0.07692307692307693 0.17548076923076922 0.14903846153846154
1 0.3173076923076923 0.7403846153846154 0.21394230769230768 0.2091346153846154
2 0.5600961538461539 0.7584134615384616 0.1875 0.18269230769230768
2 0.46153846153846156 0.6394230769230769 0.18269230769230768 0.1875