1 0.6959134615384616 0.35336538461538464 0.19951923076923078 0.1971153846153846
2 0.6382211538461539 0.7692307692307693 0.17548076923076922 0.19230769230769232
2 0.5877403846153846 0.46274038461538464 0.16346153846153846 0.16826923076923078
2 0.5973557692307693 0.21995192307692307 0.16346153846153846 0.16346153846153846
1 0.5036057692307693 0.6694711538461539 0.20192307692307693 0.20673076923076922
1 0.4699519230769231 0.35216346153846156 0.20432692307692307 0.1971153846153846
1 0.4026442307692308 0.8161057692307693 0.20192307692307693 0.20192307692307693
1 0.43149038461538464 0.5144230769230769 0.2091346153846154 0.20192307692307693
2 0.43990384615384615 0.19230769230769232 0.17307692307692307 0.1658653846153846
2 0.33774038461538464 0.6526442307692307 0.18028846153846154 0.17548076923076922
1 0.29447115384615385 0.359375 0.1875 0.18990384615384615
1 0.24759615384615385 0.5228365384615384 0.19471153846153846 0.18990384615384615
2 0.1201923076923077 0.42427884615384615 0.18028846153846154 0.17548076923076922
1 0.7932692307692307 0.7127403846153846 0.20192307692307693 0.20673076923076922
2 0.8040865384615384 0.4723557692307692 0.17548076923076922 0.17548076923076922
2 0.6911057692307693 0.5733173076923077 0.18028846153846154 0.17548076923076922