2 0.5096153846153846 0.7788461538461539 0.16105769230769232 0.125
2 0.2764423076923077 0.7139423076923077 0.16346153846153846 0.125
3 0.6346153846153846 0.6802884615384616 0.21153846153846154 0.15865384615384615
3 0.4375 0.6622596153846154 0.19951923076923078 0.1466346153846154
2 0.8485576923076923 0.6418269230769231 0.1658653846153846 0.1201923076923077
2 0.11057692307692307 0.5757211538461539 0.16346153846153846 0.12980769230769232
3 0.2860576923076923 0.5649038461538461 0.20673076923076922 0.1466346153846154
3 0.6875 0.5408653846153846 0.21153846153846154 0.15865384615384615
2 0.9122596153846154 0.5264423076923077 0.17307692307692307 0.12740384615384615
2 0.5012019230769231 0.5384615384615384 0.1778846153846154 0.125
2 0.8125 0.42908653846153844 0.18269230769230768 0.13221153846153846
3 0.39302884615384615 0.4338942307692308 0.21153846153846154 0.16346153846153846
3 0.17067307692307693 0.4387019230769231 0.21634615384615385 0.16346153846153846
3 0.6045673076923077 0.4026442307692308 0.21634615384615385 0.15865384615384615
3 0.4639423076923077 0.2776442307692308 0.22355769230769232 0.17548076923076922
2 0.6670673076923077 0.25600961538461536 0.18509615384615385 0.15144230769230768