2 0.5889423076923077 0.42908653846153844 0.18028846153846154 0.17067307692307693
2 0.5552884615384616 0.22115384615384615 0.17307692307692307 0.17307692307692307
2 0.6129807692307693 0.5985576923076923 0.16105769230769232 0.15865384615384615
2 0.6382211538461539 0.7824519230769231 0.1658653846153846 0.15625
1 0.38100961538461536 0.23317307692307693 0.18269230769230768 0.18509615384615385
1 0.39302884615384615 0.4375 0.18990384615384615 0.17548076923076922
1 0.41346153846153844 0.6310096153846154 0.18509615384615385 0.17548076923076922
1 0.4266826923076923 0.8088942307692307 0.18509615384615385 0.1778846153846154
1 0.1875 0.2764423076923077 0.19230769230769232 0.19230769230769232
1 0.2247596153846154 0.6526442307692307 0.19471153846153846 0.17548076923076922
1 0.19591346153846154 0.47596153846153844 0.19471153846153846 0.17548076923076922
1 0.23317307692307693 0.8341346153846154 0.18509615384615385 0.17307692307692307
2 0.7512019230769231 0.1814903846153846 0.17067307692307693 0.1658653846153846
2 0.7692307692307693 0.39302884615384615 0.17067307692307693 0.15865384615384615
2 0.7764423076923077 0.5685096153846154 0.1658653846153846 0.15865384615384615
2 0.8040865384615384 0.7620192307692307 0.1658653846153846 0.15865384615384615