2 0.21634615384615385 0.5853365384615384 0.16105769230769232 0.16346153846153846
2 0.5901442307692307 0.6358173076923077 0.15625 0.16346153846153846
2 0.4206730769230769 0.6069711538461539 0.15384615384615385 0.15384615384615385
2 0.7728365384615384 0.6514423076923077 0.14903846153846154 0.15384615384615385
1 0.22235576923076922 0.36778846153846156 0.17548076923076922 0.1658653846153846
1 0.8185096153846154 0.4423076923076923 0.17548076923076922 0.17067307692307693
1 0.421875 0.37259615384615385 0.16826923076923078 0.18028846153846154
1 0.6129807692307693 0.38341346153846156 0.1658653846153846 0.17067307692307693
1 0.23798076923076922 0.1658653846153846 0.16826923076923078 0.18509615384615385
1 0.84375 0.25 0.17307692307692307 0.18028846153846154
1 0.4423076923076923 0.17908653846153846 0.17067307692307693 0.17067307692307693
1 0.640625 0.20793269230769232 0.1658653846153846 0.17067307692307693
2 0.18990384615384615 0.7536057692307693 0.14903846153846154 0.15384615384615385
2 0.3942307692307692 0.7596153846153846 0.15625 0.16346153846153846
2 0.7427884615384616 0.8100961538461539 0.15144230769230768 0.16346153846153846
2 0.5612980769230769 0.7764423076923077 0.15865384615384615 0.15865384615384615