2 0.49038461538461536 0.23557692307692307 0.15384615384615385 0.11538461538461539
2 0.265625 0.3076923076923077 0.15384615384615385 0.11538461538461539
3 0.6153846153846154 0.3245192307692308 0.20192307692307693 0.1466346153846154
3 0.4230769230769231 0.35096153846153844 0.18990384615384615 0.1346153846153846
2 0.8245192307692307 0.3557692307692308 0.15865384615384615 0.11057692307692307
2 0.10817307692307693 0.44471153846153844 0.15384615384615385 0.1201923076923077
3 0.27884615384615385 0.4495192307692308 0.1971153846153846 0.13701923076923078
3 0.671875 0.46153846153846156 0.20192307692307693 0.1466346153846154
2 0.890625 0.4651442307692308 0.16346153846153846 0.1201923076923077
2 0.49038461538461536 0.4699519230769231 0.16826923076923078 0.11538461538461539
2 0.796875 0.5661057692307693 0.17307692307692307 0.1201923076923077
3 0.38822115384615385 0.5757211538461539 0.20192307692307693 0.15384615384615385
3 0.171875 0.578125 0.20673076923076922 0.15384615384615385
3 0.5949519230769231 0.5961538461538461 0.20673076923076922 0.1466346153846154
3 0.46153846153846156 0.7259615384615384 0.21153846153846154 0.16346153846153846
2 0.6610576923076923 0.7403846153846154 0.17548076923076922 0.13942307692307693