2 0.3293269230769231 0.38221153846153844 0.17067307692307693 0.18028846153846154
2 0.4014423076923077 0.765625 0.1658653846153846 0.17067307692307693
2 0.4098557692307692 0.2512019230769231 0.17548076923076922 0.17548076923076922
3 0.4831730769230769 0.453125 0.22355769230769232 0.22115384615384615
3 0.5540865384615384 0.8677884615384616 0.2403846153846154 0.22596153846153846
3 0.5300480769230769 0.6454326923076923 0.22115384615384615 0.22115384615384615
2 0.6069711538461539 0.32572115384615385 0.1875 0.18269230769230768
3 0.6778846153846154 0.5012019230769231 0.23317307692307693 0.2283653846153846
3 0.7223557692307693 0.7127403846153846 0.22596153846153846 0.23076923076923078
2 0.7019230769230769 0.19591346153846154 0.1875 0.19230769230769232
3 0.8449519230769231 0.34134615384615385 0.23557692307692307 0.23076923076923078
3 0.8737980769230769 0.5733173076923077 0.24519230769230768 0.23798076923076922
3 0.1622596153846154 0.5444711538461539 0.22596153846153846 0.22596153846153846
2 0.18269230769230768 0.36899038461538464 0.16826923076923078 0.17307692307692307
2 0.2776442307692308 0.6766826923076923 0.17548076923076922 0.17548076923076922
2 0.3329326923076923 0.5360576923076923 0.16826923076923078 0.17307692307692307