3 0.48677884615384615 0.7259615384615384 0.22115384615384615 0.23798076923076922
2 0.15384615384615385 0.6802884615384616 0.18269230769230768 0.1875
2 0.3161057692307692 0.65625 0.17307692307692307 0.18509615384615385
3 0.6706730769230769 0.6394230769230769 0.22355769230769232 0.2283653846153846
3 0.2127403846153846 0.5072115384615384 0.23317307692307693 0.23076923076923078
2 0.84375 0.5576923076923077 0.18269230769230768 0.1875
2 0.4014423076923077 0.49759615384615385 0.1778846153846154 0.19471153846153846
2 0.5625 0.484375 0.18269230769230768 0.19471153846153846
2 0.734375 0.44350961538461536 0.1875 0.1778846153846154
3 0.2091346153846154 0.29086538461538464 0.2403846153846154 0.24278846153846154
3 0.4182692307692308 0.3088942307692308 0.23076923076923078 0.24759615384615385
3 0.6310096153846154 0.28125 0.24278846153846154 0.24278846153846154
3 0.4735576923076923 0.9146634615384616 0.21634615384615385 0.17067307692307693
3 0.2980769230769231 0.8329326923076923 0.2283653846153846 0.2283653846153846
2 0.6274038461538461 0.8425480769230769 0.1875 0.18269230769230768
2 0.7776442307692307 0.7884615384615384 0.17548076923076922 0.18269230769230768