2 0.28725961538461536 0.765625 0.1466346153846154 0.15625
1 0.3485576923076923 0.4543269230769231 0.17307692307692307 0.17307692307692307
2 0.41947115384615385 0.23557692307692307 0.15144230769230768 0.15625
2 0.44711538461538464 0.0985576923076923 0.14903846153846154 0.15625
2 0.375 0.6634615384615384 0.15625 0.15865384615384615
1 0.45552884615384615 0.5492788461538461 0.17307692307692307 0.17548076923076922
2 0.421875 0.8064903846153846 0.16346153846153846 0.1658653846153846
2 0.48677884615384615 0.41225961538461536 0.15384615384615385 0.16346153846153846
1 0.546875 0.2824519230769231 0.17307692307692307 0.17307692307692307
1 0.5805288461538461 0.13221153846153846 0.18028846153846154 0.18269230769230768
1 0.5144230769230769 0.6923076923076923 0.17548076923076922 0.18269230769230768
1 0.6081730769230769 0.5168269230769231 0.18028846153846154 0.18269230769230768
2 0.6514423076923077 0.375 0.16346153846153846 0.1658653846153846
1 0.6298076923076923 0.8052884615384616 0.18509615384615385 0.19230769230769232
2 0.6598557692307693 0.65625 0.1658653846153846 0.16346153846153846
1 0.734375 0.23076923076923078 0.18990384615384615 0.18509615384615385
1 0.7920673076923077 0.4326923076923077 0.19951923076923078 0.19230769230769232
2 0.7764423076923077 0.7512019230769231 0.17548076923076922 0.16346153846153846
1 0.8076923076923077 0.5973557692307693 0.1971153846153846 0.18509615384615385
1 0.1141826923076923 0.5625 0.16105769230769232 0.16346153846153846
2 0.19110576923076922 0.31490384615384615 0.1346153846153846 0.14903846153846154
1 0.20072115384615385 0.44711538461538464 0.16105769230769232 0.1658653846153846
2 0.18269230769230768 0.6826923076923077 0.1346153846153846 0.14903846153846154
2 0.30288461538461536 0.19471153846153846 0.14423076923076922 0.14903846153846154
1 0.2704326923076923 0.5757211538461539 0.16826923076923078 0.17067307692307693
2 0.31850961538461536 0.3233173076923077 0.1466346153846154 0.15144230769230768