3 0.22716346153846154 0.39783653846153844 0.2091346153846154 0.20673076923076922
2 0.8040865384615384 0.3317307692307692 0.1778846153846154 0.18509615384615385
3 0.45552884615384615 0.3942307692307692 0.20432692307692307 0.2091346153846154
2 0.6237980769230769 0.36899038461538464 0.17307692307692307 0.16105769230769232
3 0.23918269230769232 0.5745192307692307 0.2091346153846154 0.20432692307692307
2 0.8341346153846154 0.5216346153846154 0.17548076923076922 0.16826923076923078
3 0.4483173076923077 0.5841346153846154 0.20432692307692307 0.20673076923076922
2 0.6670673076923077 0.5649038461538461 0.16826923076923078 0.1658653846153846
3 0.27524038461538464 0.8173076923076923 0.19951923076923078 0.21153846153846154
3 0.47475961538461536 0.796875 0.19951923076923078 0.21153846153846154
2 0.6959134615384616 0.765625 0.16105769230769232 0.16826923076923078
2 0.8665865384615384 0.7391826923076923 0.15865384615384615 0.16826923076923078
3 0.40625 0.16947115384615385 0.2091346153846154 0.21634615384615385
3 0.19471153846153846 0.21153846153846154 0.2091346153846154 0.2091346153846154
2 0.6021634615384616 0.1875 0.17548076923076922 0.17548076923076922
2 0.7776442307692307 0.17067307692307693 0.17067307692307693 0.17548076923076922