2 0.30408653846153844 0.25 0.125 0.12980769230769232
2 0.33052884615384615 0.4675480769230769 0.11538461538461539 0.11057692307692307
3 0.3786057692307692 0.6887019230769231 0.13701923076923078 0.1346153846153846
2 0.3786057692307692 0.3713942307692308 0.11538461538461539 0.11538461538461539
2 0.42908653846153844 0.5853365384615384 0.11057692307692307 0.10576923076923077
2 0.41586538461538464 0.25721153846153844 0.12259615384615384 0.1201923076923077
3 0.4579326923076923 0.4723557692307692 0.13942307692307693 0.13942307692307693
2 0.49158653846153844 0.7223557692307693 0.10576923076923077 0.10096153846153846
3 0.5096153846153846 0.3485576923076923 0.14423076923076922 0.14423076923076922
3 0.5625 0.5564903846153846 0.13942307692307693 0.13701923076923078
3 0.5961538461538461 0.6754807692307693 0.13701923076923078 0.12259615384615384
2 0.6069711538461539 0.2620192307692308 0.125 0.125
2 0.625 0.4543269230769231 0.11538461538461539 0.11057692307692307
3 0.6947115384615384 0.5769230769230769 0.14423076923076922 0.1346153846153846
3 0.7235576923076923 0.375 0.15625 0.1466346153846154
3 0.3112980769230769 0.5793269230769231 0.14903846153846154 0.13221153846153846