2 0.5492788461538461 0.5048076923076923 0.16826923076923078 0.17067307692307693
2 0.7403846153846154 0.4699519230769231 0.16826923076923078 0.17067307692307693
2 0.35697115384615385 0.5276442307692307 0.17548076923076922 0.18509615384615385
2 0.13822115384615385 0.5528846153846154 0.17307692307692307 0.17307692307692307
1 0.7007211538461539 0.25 0.1875 0.18990384615384615
1 0.5096153846153846 0.2824519230769231 0.18990384615384615 0.1875
1 0.30408653846153844 0.3137019230769231 0.19471153846153846 0.1875
1 0.08533653846153846 0.34975961538461536 0.17067307692307693 0.19471153846153846
1 0.6574519230769231 0.07211538461538461 0.17548076923076922 0.14423076923076922
1 0.06129807692307692 0.15264423076923078 0.12259615384615384 0.18028846153846154
1 0.2692307692307692 0.10576923076923077 0.19951923076923078 0.17307692307692307
1 0.49038461538461536 0.0733173076923077 0.19230769230769232 0.1466346153846154
2 0.37259615384615385 0.7560096153846154 0.17548076923076922 0.1778846153846154
2 0.7836538461538461 0.6814903846153846 0.16826923076923078 0.1778846153846154
2 0.14543269230769232 0.7848557692307693 0.1778846153846154 0.18269230769230768
2 0.5588942307692307 0.6959134615384616 0.17307692307692307 0.18269230769230768