2 0.28966346153846156 0.21514423076923078 0.15625 0.1466346153846154
2 0.5228365384615384 0.2692307692307692 0.1346153846153846 0.13701923076923078
3 0.7572115384615384 0.34375 0.16105769230769232 0.16105769230769232
2 0.41225961538461536 0.31009615384615385 0.13701923076923078 0.13701923076923078
2 0.6382211538461539 0.38822115384615385 0.12740384615384615 0.13221153846153846
2 0.2848557692307692 0.33653846153846156 0.1466346153846154 0.1466346153846154
3 0.5132211538461539 0.4050480769230769 0.1658653846153846 0.1658653846153846
2 0.7788461538461539 0.47115384615384615 0.12259615384615384 0.125
3 0.3737980769230769 0.4495192307692308 0.17067307692307693 0.17067307692307693
3 0.5925480769230769 0.5252403846153846 0.16105769230769232 0.16346153846153846
3 0.7163461538461539 0.5793269230769231 0.14903846153846154 0.16346153846153846
2 0.26802884615384615 0.5408653846153846 0.14903846153846154 0.1466346153846154
2 0.47596153846153844 0.5829326923076923 0.13221153846153846 0.13701923076923078
3 0.5973557692307693 0.6742788461538461 0.16105769230769232 0.16826923076923078
3 0.37740384615384615 0.6802884615384616 0.17548076923076922 0.18509615384615385
3 0.6454326923076923 0.25721153846153844 0.15865384615384615 0.17307692307692307