3 0.1971153846153846 0.6310096153846154 0.2091346153846154 0.21153846153846154
3 0.39302884615384615 0.6442307692307693 0.2091346153846154 0.2091346153846154
2 0.6850961538461539 0.6646634615384616 0.17067307692307693 0.17067307692307693
2 0.8798076923076923 0.6838942307692307 0.18028846153846154 0.17307692307692307
3 0.203125 0.42908653846153844 0.21875 0.20673076923076922
3 0.4411057692307692 0.4579326923076923 0.22115384615384615 0.22115384615384615
2 0.6995192307692307 0.46634615384615385 0.17548076923076922 0.1658653846153846
2 0.9026442307692307 0.4675480769230769 0.18509615384615385 0.18028846153846154
3 0.45552884615384615 0.23557692307692307 0.23076923076923078 0.23076923076923078
3 0.23317307692307693 0.20072115384615385 0.22115384615384615 0.2283653846153846
2 0.7115384615384616 0.22115384615384615 0.18269230769230768 0.1875
2 0.9182692307692307 0.2439903846153846 0.16346153846153846 0.19471153846153846
3 0.1622596153846154 0.8052884615384616 0.19951923076923078 0.1971153846153846
3 0.375 0.8389423076923077 0.20192307692307693 0.20192307692307693
2 0.8629807692307693 0.8822115384615384 0.17067307692307693 0.17067307692307693
2 0.6586538461538461 0.8365384615384616 0.17067307692307693 0.1658653846153846