2 0.5600961538461539 0.7475961538461539 0.1658653846153846 0.12740384615384615
2 0.8016826923076923 0.6682692307692307 0.17307692307692307 0.12740384615384615
1 0.42427884615384615 0.6490384615384616 0.21394230769230768 0.17548076923076922
1 0.6346153846153846 0.6237980769230769 0.22355769230769232 0.16346153846153846
2 0.203125 0.6201923076923077 0.18509615384615385 0.12740384615384615
2 0.9387019230769231 0.5168269230769231 0.12259615384615384 0.13942307692307693
1 0.7824519230769231 0.5120192307692307 0.21634615384615385 0.16826923076923078
1 0.3641826923076923 0.5048076923076923 0.21875 0.16826923076923078
2 0.12860576923076922 0.5060096153846154 0.1778846153846154 0.12740384615384615
2 0.5552884615384616 0.4987980769230769 0.1778846153846154 0.12740384615384615
2 0.2283653846153846 0.39903846153846156 0.19471153846153846 0.14182692307692307
1 0.6706730769230769 0.3798076923076923 0.23317307692307693 0.17548076923076922
1 0.8918269230769231 0.3701923076923077 0.21394230769230768 0.17307692307692307
1 0.44591346153846156 0.359375 0.22355769230769232 0.17307692307692307
1 0.578125 0.22115384615384615 0.23317307692307693 0.18028846153846154
2 0.36658653846153844 0.21514423076923078 0.18990384615384615 0.1466346153846154