3 0.6838942307692307 0.5793269230769231 0.19230769230769232 0.19230769230769232
3 0.625 0.421875 0.18028846153846154 0.18990384615384615
2 0.6213942307692307 0.7307692307692307 0.15384615384615385 0.15865384615384615
2 0.5192307692307693 0.23197115384615385 0.15144230769230768 0.15625
2 0.5432692307692307 0.6165865384615384 0.15865384615384615 0.16346153846153846
3 0.4675480769230769 0.36538461538461536 0.1971153846153846 0.19230769230769232
2 0.4651442307692308 0.7295673076923077 0.15625 0.16826923076923078
3 0.4230769230769231 0.5264423076923077 0.1971153846153846 0.1971153846153846
2 0.31009615384615385 0.3701923076923077 0.16346153846153846 0.15865384615384615
2 0.36658653846153844 0.8413461538461539 0.16346153846153846 0.16346153846153846
3 0.3161057692307692 0.6754807692307693 0.2091346153846154 0.21634615384615385
3 0.21875 0.5024038461538461 0.21394230769230768 0.2091346153846154
2 0.8064903846153846 0.4963942307692308 0.14423076923076922 0.15144230769230768
3 0.7680288461538461 0.35697115384615385 0.18509615384615385 0.18269230769230768
3 0.7740384615384616 0.7235576923076923 0.18990384615384615 0.20192307692307693
2 0.6514423076923077 0.25 0.14423076923076922 0.1466346153846154