3 0.3485576923076923 0.5841346153846154 0.1875 0.1875
3 0.39783653846153844 0.4182692307692308 0.17548076923076922 0.1875
2 0.4230769230769231 0.7355769230769231 0.15144230769230768 0.15625
2 0.49278846153846156 0.21514423076923078 0.1466346153846154 0.15144230769230768
2 0.4963942307692308 0.6129807692307693 0.15144230769230768 0.16105769230769232
3 0.5552884615384616 0.34975961538461536 0.19230769230769232 0.1875
2 0.5829326923076923 0.7235576923076923 0.15144230769230768 0.1658653846153846
3 0.6129807692307693 0.5120192307692307 0.19230769230769232 0.19230769230769232
2 0.7175480769230769 0.3425480769230769 0.16105769230769232 0.15144230769230768
2 0.6947115384615384 0.8305288461538461 0.15865384615384615 0.16105769230769232
3 0.7331730769230769 0.65625 0.20673076923076922 0.21153846153846154
3 0.8197115384615384 0.47115384615384615 0.2091346153846154 0.20673076923076922
2 0.21514423076923078 0.5084134615384616 0.14182692307692307 0.14903846153846154
3 0.24519230769230768 0.36177884615384615 0.18269230769230768 0.1778846153846154
3 0.2668269230769231 0.7391826923076923 0.18269230769230768 0.19951923076923078
2 0.35697115384615385 0.24278846153846154 0.14182692307692307 0.14423076923076922