2 0.7620192307692307 0.5336538461538461 0.13701923076923078 0.17067307692307693
2 0.6586538461538461 0.7427884615384616 0.13942307692307693 0.17307692307692307
1 0.6899038461538461 0.39663461538461536 0.18509615384615385 0.21634615384615385
1 0.6394230769230769 0.5865384615384616 0.17548076923076922 0.22355769230769232
2 0.6899038461538461 0.19110576923076922 0.13942307692307693 0.18509615384615385
2 0.4987980769230769 0.875 0.14903846153846154 0.18028846153846154
1 0.5192307692307693 0.7055288461538461 0.18028846153846154 0.21875
1 0.5673076923076923 0.3233173076923077 0.18028846153846154 0.22115384615384615
2 0.5973557692307693 0.109375 0.13942307692307693 0.1778846153846154
2 0.5336538461538461 0.49759615384615385 0.13942307692307693 0.1778846153846154
2 0.484375 0.18629807692307693 0.15625 0.1971153846153846
1 0.41225961538461536 0.5877403846153846 0.1875 0.23317307692307693
1 0.3762019230769231 0.7920673076923077 0.18509615384615385 0.2283653846153846
1 0.4206730769230769 0.37740384615384615 0.18269230769230768 0.22355769230769232
1 0.2800480769230769 0.4831730769230769 0.19230769230769232 0.23317307692307693
2 0.3004807692307692 0.28846153846153844 0.16105769230769232 0.19230769230769232