3 0.4579326923076923 0.6550480769230769 0.20673076923076922 0.20192307692307693
3 0.24158653846153846 0.6826923076923077 0.20432692307692307 0.1971153846153846
2 0.6442307692307693 0.5817307692307693 0.1658653846153846 0.15865384615384615
2 0.8125 0.5552884615384616 0.17307692307692307 0.16826923076923078
3 0.19831730769230768 0.5096153846153846 0.21875 0.19951923076923078
3 0.42908653846153844 0.47475961538461536 0.1971153846153846 0.20432692307692307
2 0.7944711538461539 0.3894230769230769 0.16826923076923078 0.17307692307692307
2 0.6069711538461539 0.4110576923076923 0.16826923076923078 0.17307692307692307
2 0.5997596153846154 0.24639423076923078 0.16826923076923078 0.17307692307692307
2 0.7608173076923077 0.21634615384615385 0.18509615384615385 0.18028846153846154
3 0.1466346153846154 0.2920673076923077 0.21875 0.21634615384615385
3 0.4074519230769231 0.24639423076923078 0.21394230769230768 0.21875
3 0.4675480769230769 0.8401442307692307 0.19471153846153846 0.18990384615384615
3 0.27403846153846156 0.8653846153846154 0.18990384615384615 0.19471153846153846
2 0.828125 0.7211538461538461 0.15865384615384615 0.16346153846153846
2 0.6574519230769231 0.7331730769230769 0.16105769230769232 0.14903846153846154