2 0.3389423076923077 0.203125 0.13221153846153846 0.14182692307692307
1 0.35336538461538464 0.5252403846153846 0.15625 0.15625
2 0.3954326923076923 0.7548076923076923 0.13701923076923078 0.14182692307692307
2 0.4050480769230769 0.8942307692307693 0.13221153846153846 0.14182692307692307
2 0.4098557692307692 0.3173076923076923 0.14182692307692307 0.14182692307692307
1 0.47596153846153844 0.44471153846153844 0.15625 0.15865384615384615
2 0.47716346153846156 0.18028846153846154 0.1466346153846154 0.15144230769230768
2 0.48677884615384615 0.5853365384615384 0.13701923076923078 0.14903846153846154
1 0.53125 0.7247596153846154 0.15625 0.15625
1 0.5444711538461539 0.8798076923076923 0.16105769230769232 0.1658653846153846
1 0.5552884615384616 0.3076923076923077 0.15625 0.1658653846153846
1 0.6237980769230769 0.49759615384615385 0.16105769230769232 0.1658653846153846
2 0.6454326923076923 0.6466346153846154 0.1466346153846154 0.15144230769230768
1 0.6887019230769231 0.21033653846153846 0.1658653846153846 0.17307692307692307
2 0.6983173076923077 0.36538461538461536 0.15144230769230768 0.1466346153846154
1 0.7127403846153846 0.8028846153846154 0.17067307692307693 0.1658653846153846
1 0.7992788461538461 0.609375 0.18028846153846154 0.17067307692307693
2 0.828125 0.2860576923076923 0.16105769230769232 0.1466346153846154
1 0.8353365384615384 0.44591346153846156 0.18028846153846154 0.16346153846153846
1 0.13221153846153846 0.38100961538461536 0.14182692307692307 0.14903846153846154
2 0.17548076923076922 0.6418269230769231 0.12259615384615384 0.13701923076923078
1 0.20432692307692307 0.5096153846153846 0.14182692307692307 0.15144230769230768
2 0.22115384615384615 0.27163461538461536 0.12259615384615384 0.13701923076923078
2 0.2704326923076923 0.7788461538461539 0.12740384615384615 0.13701923076923078
1 0.2920673076923077 0.390625 0.15144230769230768 0.15384615384615385
2 0.30408653846153844 0.6526442307692307 0.13221153846153846 0.13701923076923078