2 0.4074519230769231 0.5685096153846154 0.14903846153846154 0.15384615384615385
2 0.21514423076923078 0.5625 0.14903846153846154 0.14903846153846154
2 0.5985576923076923 0.5649038461538461 0.15384615384615385 0.16346153846153846
2 0.8173076923076923 0.5612980769230769 0.15384615384615385 0.15384615384615385
1 0.22235576923076922 0.34134615384615385 0.16346153846153846 0.16346153846153846
1 0.41586538461538464 0.3449519230769231 0.16826923076923078 0.16346153846153846
1 0.6213942307692307 0.34975961538461536 0.16826923076923078 0.16346153846153846
1 0.8509615384615384 0.35216346153846156 0.16826923076923078 0.16826923076923078
1 0.23918269230769232 0.14182692307692307 0.15625 0.15865384615384615
1 0.8737980769230769 0.1466346153846154 0.16826923076923078 0.17548076923076922
1 0.6274038461538461 0.12980769230769232 0.18028846153846154 0.17067307692307693
1 0.40384615384615385 0.11658653846153846 0.16826923076923078 0.16826923076923078
2 0.6153846153846154 0.7896634615384616 0.15384615384615385 0.15625
2 0.203125 0.7752403846153846 0.14903846153846154 0.15865384615384615
2 0.8413461538461539 0.7872596153846154 0.15384615384615385 0.16346153846153846
2 0.42427884615384615 0.7596153846153846 0.14903846153846154 0.16346153846153846