2 0.7704326923076923 0.4735576923076923 0.125 0.15625
2 0.7163461538461539 0.6983173076923077 0.125 0.15865384615384615
3 0.671875 0.35697115384615385 0.15865384615384615 0.20673076923076922
3 0.6610576923076923 0.5480769230769231 0.14423076923076922 0.1971153846153846
2 0.6274038461538461 0.15504807692307693 0.1201923076923077 0.16105769230769232
2 0.5901442307692307 0.8605769230769231 0.12740384615384615 0.15865384615384615
3 0.5733173076923077 0.6947115384615384 0.1466346153846154 0.20192307692307693
3 0.5360576923076923 0.3125 0.15865384615384615 0.20673076923076922
2 0.515625 0.09735576923076923 0.125 0.1658653846153846
2 0.5408653846153846 0.49038461538461536 0.12740384615384615 0.17067307692307693
2 0.4266826923076923 0.19591346153846154 0.13221153846153846 0.17548076923076922
3 0.44350961538461536 0.5961538461538461 0.16346153846153846 0.2091346153846154
3 0.4567307692307692 0.8088942307692307 0.16346153846153846 0.21153846153846154
3 0.40865384615384615 0.3954326923076923 0.15865384615384615 0.21153846153846154
3 0.2932692307692308 0.5348557692307693 0.17307692307692307 0.21875
2 0.265625 0.3401442307692308 0.14903846153846154 0.18269230769230768