3 0.34375 0.53125 0.18990384615384615 0.18990384615384615
3 0.3293269230769231 0.734375 0.1875 0.18028846153846154
2 0.4074519230769231 0.3425480769230769 0.15625 0.15144230769230768
2 0.43028846153846156 0.17908653846153846 0.16105769230769232 0.15625
3 0.4963942307692308 0.765625 0.18509615384615385 0.18990384615384615
3 0.5228365384615384 0.5492788461538461 0.18990384615384615 0.18990384615384615
2 0.59375 0.19230769230769232 0.15625 0.15625
2 0.5805288461538461 0.36778846153846156 0.15625 0.15144230769230768
2 0.7403846153846154 0.375 0.15625 0.15144230769230768
2 0.7632211538461539 0.2091346153846154 0.15625 0.15865384615384615
3 0.7139423076923077 0.8161057692307693 0.19951923076923078 0.1971153846153846
3 0.7512019230769231 0.5552884615384616 0.19951923076923078 0.19230769230769232
3 0.14543269230769232 0.7163461538461539 0.18509615384615385 0.18509615384615385
3 0.16947115384615385 0.5240384615384616 0.18028846153846154 0.18509615384615385
2 0.2668269230769231 0.16466346153846154 0.15144230769230768 0.15144230769230768
2 0.26322115384615385 0.3317307692307692 0.15384615384615385 0.14903846153846154