2 0.8112980769230769 0.6887019230769231 0.1466346153846154 0.15384615384615385
3 0.4675480769230769 0.7151442307692307 0.18028846153846154 0.18509615384615385
3 0.6370192307692307 0.6610576923076923 0.18028846153846154 0.19230769230769232
2 0.3112980769230769 0.640625 0.16105769230769232 0.1466346153846154
2 0.8365384615384616 0.5625 0.14903846153846154 0.14182692307692307
2 0.43509615384615385 0.5637019230769231 0.15144230769230768 0.15384615384615385
3 0.7055288461538461 0.4951923076923077 0.18509615384615385 0.19230769230769232
2 0.3269230769230769 0.47716346153846156 0.16105769230769232 0.1466346153846154
3 0.5408653846153846 0.4375 0.1875 0.20192307692307693
2 0.7091346153846154 0.33653846153846156 0.15625 0.16346153846153846
2 0.21153846153846154 0.36177884615384615 0.16826923076923078 0.1658653846153846
3 0.39302884615384615 0.31850961538461536 0.2091346153846154 0.2091346153846154
3 0.5817307692307693 0.22956730769230768 0.19471153846153846 0.21153846153846154
2 0.5396634615384616 0.8449519230769231 0.1466346153846154 0.1466346153846154
3 0.6935096153846154 0.8125 0.18509615384615385 0.1875
3 0.3076923076923077 0.7932692307692307 0.20432692307692307 0.19951923076923078