3 0.6682692307692307 0.46153846153846156 0.2091346153846154 0.21394230769230768
3 0.6862980769230769 0.2283653846153846 0.20432692307692307 0.21153846153846154
2 0.5997596153846154 0.6670673076923077 0.16346153846153846 0.17067307692307693
2 0.5817307692307693 0.8497596153846154 0.17307692307692307 0.18028846153846154
3 0.49759615384615385 0.18990384615384615 0.20432692307692307 0.22596153846153846
3 0.4723557692307692 0.4423076923076923 0.21153846153846154 0.20432692307692307
2 0.40024038461538464 0.8401442307692307 0.1778846153846154 0.1778846153846154
2 0.41346153846153844 0.6358173076923077 0.17548076923076922 0.17307692307692307
2 0.23677884615384615 0.6370192307692307 0.17548076923076922 0.17307692307692307
2 0.2127403846153846 0.8137019230769231 0.18509615384615385 0.18990384615384615
3 0.25961538461538464 0.1466346153846154 0.22115384615384615 0.2283653846153846
3 0.2247596153846154 0.43028846153846156 0.2283653846153846 0.21875
3 0.8689903846153846 0.46274038461538464 0.1971153846153846 0.20192307692307693
3 0.8846153846153846 0.25240384615384615 0.20192307692307693 0.19951923076923078
2 0.7608173076923077 0.8581730769230769 0.17067307692307693 0.1658653846153846
2 0.7632211538461539 0.6742788461538461 0.15384615384615385 0.17067307692307693