2 0.2283653846153846 0.5288461538461539 0.13221153846153846 0.16105769230769232
2 0.27163461538461536 0.30288461538461536 0.13221153846153846 0.16346153846153846
3 0.3329326923076923 0.6394230769230769 0.16826923076923078 0.21394230769230768
3 0.3329326923076923 0.4495192307692308 0.15384615384615385 0.19951923076923078
2 0.3870192307692308 0.8389423076923077 0.12740384615384615 0.1658653846153846
2 0.3870192307692308 0.13341346153846154 0.13701923076923078 0.1658653846153846
3 0.41346153846153844 0.29927884615384615 0.15625 0.20673076923076922
3 0.4699519230769231 0.6766826923076923 0.16826923076923078 0.21394230769230768
2 0.5012019230769231 0.8882211538461539 0.1346153846153846 0.17067307692307693
2 0.45552884615384615 0.5012019230769231 0.1346153846153846 0.17548076923076922
2 0.5853365384615384 0.7860576923076923 0.13942307692307693 0.18269230769230768
3 0.5456730769230769 0.390625 0.17307692307692307 0.21394230769230768
3 0.5228365384615384 0.17908653846153846 0.17307692307692307 0.21875
3 0.5925480769230769 0.5865384615384616 0.16826923076923078 0.21875
3 0.6995192307692307 0.4423076923076923 0.18269230769230768 0.22596153846153846
2 0.7367788461538461 0.6346153846153846 0.15384615384615385 0.18509615384615385