3 0.7415865384615384 0.7175480769230769 0.20432692307692307 0.20673076923076922
3 0.5564903846153846 0.6682692307692307 0.20432692307692307 0.20432692307692307
2 0.2860576923076923 0.59375 0.17067307692307693 0.17067307692307693
2 0.09975961538461539 0.5528846153846154 0.1778846153846154 0.17067307692307693
3 0.7992788461538461 0.5324519230769231 0.21153846153846154 0.20192307692307693
3 0.5757211538461539 0.48197115384615385 0.21394230769230768 0.21394230769230768
2 0.33413461538461536 0.40865384615384615 0.17067307692307693 0.1658653846153846
2 0.14783653846153846 0.34615384615384615 0.18269230769230768 0.1778846153846154
3 0.6310096153846154 0.27403846153846156 0.22596153846153846 0.2283653846153846
3 0.8449519230769231 0.31009615384615385 0.21875 0.22355769230769232
2 0.4014423076923077 0.18028846153846154 0.18028846153846154 0.18509615384615385
2 0.1935096153846154 0.1310096153846154 0.18269230769230768 0.18990384615384615
3 0.7199519230769231 0.890625 0.1971153846153846 0.19230769230769232
3 0.5120192307692307 0.8509615384615384 0.1971153846153846 0.1971153846153846
2 0.06850961538461539 0.7355769230769231 0.13701923076923078 0.16826923076923078
2 0.25600961538461536 0.7632211538461539 0.16826923076923078 0.16346153846153846