3 0.6694711538461539 0.5300480769230769 0.24519230769230768 0.23076923076923078
2 0.6033653846153846 0.20793269230769232 0.1971153846153846 0.1875
2 0.5913461538461539 0.36899038461538464 0.19471153846153846 0.18028846153846154
3 0.5985576923076923 0.7175480769230769 0.23557692307692307 0.23317307692307693
3 0.4375 0.2776442307692308 0.2403846153846154 0.24278846153846154
2 0.5288461538461539 0.8930288461538461 0.1971153846153846 0.19230769230769232
2 0.43990384615384615 0.4639423076923077 0.20192307692307693 0.1875
2 0.4375 0.6225961538461539 0.20192307692307693 0.18990384615384615
2 0.4098557692307692 0.7932692307692307 0.18509615384615385 0.19230769230769232
3 0.2247596153846154 0.28966346153846156 0.25240384615384615 0.24759615384615385
3 0.25721153846153844 0.49278846153846156 0.2548076923076923 0.24278846153846154
3 0.2439903846153846 0.703125 0.25240384615384615 0.25240384615384615
3 0.8822115384615384 0.5 0.23557692307692307 0.23076923076923078
3 0.7632211538461539 0.3389423076923077 0.2403846153846154 0.2403846153846154
2 0.7944711538461539 0.6598557692307693 0.19230769230769232 0.1971153846153846
2 0.7524038461538461 0.8125 0.18509615384615385 0.18269230769230768