3 0.6923076923076923 0.41947115384615385 0.2091346153846154 0.2091346153846154
2 0.640625 0.7223557692307693 0.17307692307692307 0.17307692307692307
2 0.6081730769230769 0.9134615384615384 0.1778846153846154 0.17307692307692307
3 0.5192307692307693 0.1778846153846154 0.2091346153846154 0.2091346153846154
3 0.4951923076923077 0.4230769230769231 0.21394230769230768 0.2091346153846154
2 0.4411057692307692 0.6875 0.1778846153846154 0.18509615384615385
2 0.3870192307692308 0.8918269230769231 0.1778846153846154 0.19230769230769232
3 0.28966346153846156 0.14783653846153846 0.21634615384615385 0.21634615384615385
3 0.2692307692307692 0.38221153846153844 0.23317307692307693 0.22355769230769232
2 0.1935096153846154 0.6370192307692307 0.1875 0.1778846153846154
2 0.15865384615384615 0.8617788461538461 0.19230769230769232 0.1875
3 0.9086538461538461 0.23317307692307693 0.18269230769230768 0.20192307692307693
3 0.8918269230769231 0.4519230769230769 0.19471153846153846 0.1971153846153846
2 0.8088942307692307 0.9302884615384616 0.17067307692307693 0.13942307692307693
2 0.8209134615384616 0.7331730769230769 0.16346153846153846 0.16346153846153846
3 0.7283653846153846 0.21875 0.20432692307692307 0.20673076923076922