2 0.484375 0.6538461538461539 0.13701923076923078 0.14182692307692307
1 0.6262019230769231 0.6274038461538461 0.16105769230769232 0.16105769230769232
2 0.3629807692307692 0.59375 0.14182692307692307 0.14182692307692307
1 0.7512019230769231 0.546875 0.16826923076923078 0.16105769230769232
1 0.5228365384615384 0.5180288461538461 0.15144230769230768 0.16105769230769232
2 0.39302884615384615 0.46634615384615385 0.14182692307692307 0.14423076923076922
1 0.640625 0.42788461538461536 0.16105769230769232 0.16105769230769232
2 0.7824519230769231 0.4026442307692308 0.14182692307692307 0.14423076923076922
2 0.30288461538461536 0.3713942307692308 0.13942307692307693 0.13701923076923078
1 0.5072115384615384 0.3701923076923077 0.15625 0.15625
2 0.6213942307692307 0.28966346153846156 0.13701923076923078 0.13701923076923078
1 0.39783653846153844 0.2704326923076923 0.15865384615384615 0.15625
2 0.7560096153846154 0.2644230769230769 0.14182692307692307 0.14423076923076922
1 0.5228365384615384 0.1935096153846154 0.15625 0.16105769230769232
2 0.5661057692307693 0.7620192307692307 0.14182692307692307 0.13942307692307693
1 0.3713942307692308 0.7367788461538461 0.15384615384615385 0.16105769230769232