3 0.6682692307692307 0.4723557692307692 0.20432692307692307 0.1875
2 0.6442307692307693 0.7692307692307693 0.16105769230769232 0.15384615384615385
2 0.6141826923076923 0.625 0.16105769230769232 0.1466346153846154
3 0.5865384615384616 0.31009615384615385 0.19471153846153846 0.19230769230769232
3 0.48677884615384615 0.7259615384615384 0.1971153846153846 0.19951923076923078
2 0.5048076923076923 0.16105769230769232 0.16105769230769232 0.15625
2 0.46875 0.5576923076923077 0.1658653846153846 0.15144230769230768
2 0.45072115384615385 0.41466346153846156 0.1658653846153846 0.15384615384615385
2 0.40865384615384615 0.26322115384615385 0.15144230769230768 0.15865384615384615
3 0.296875 0.7379807692307693 0.20673076923076922 0.20432692307692307
3 0.30288461538461536 0.5516826923076923 0.21153846153846154 0.1971153846153846
3 0.265625 0.36177884615384615 0.20673076923076922 0.20673076923076922
3 0.8665865384615384 0.47475961538461536 0.1971153846153846 0.1875
3 0.7752403846153846 0.6334134615384616 0.1971153846153846 0.1971153846153846
2 0.7668269230769231 0.34134615384615385 0.15625 0.16105769230769232
2 0.7115384615384616 0.20793269230769232 0.15384615384615385 0.14903846153846154