3 0.7800480769230769 0.6706730769230769 0.18269230769230768 0.18990384615384615
3 0.5733173076923077 0.6730769230769231 0.18509615384615385 0.18509615384615385
2 0.16826923076923078 0.6550480769230769 0.14903846153846154 0.15384615384615385
2 0.36177884615384615 0.6358173076923077 0.15384615384615385 0.14903846153846154
3 0.765625 0.47475961538461536 0.18509615384615385 0.19230769230769232
3 0.5576923076923077 0.47596153846153844 0.18990384615384615 0.19230769230769232
2 0.34615384615384615 0.46274038461538464 0.15625 0.15384615384615385
2 0.15865384615384615 0.453125 0.16346153846153846 0.16346153846153846
3 0.7680288461538461 0.25600961538461536 0.1875 0.19951923076923078
3 0.5637019230769231 0.2620192307692308 0.18509615384615385 0.19951923076923078
2 0.3581730769230769 0.2644230769230769 0.15865384615384615 0.15384615384615385
2 0.15264423076923078 0.2620192307692308 0.16346153846153846 0.16346153846153846
3 0.7680288461538461 0.8629807692307693 0.1778846153846154 0.17548076923076922
3 0.5793269230769231 0.8641826923076923 0.18269230769230768 0.18509615384615385
2 0.35336538461538464 0.8389423076923077 0.14903846153846154 0.14903846153846154
2 0.17908653846153846 0.8305288461538461 0.15384615384615385 0.14903846153846154