3 0.6514423076923077 0.6105769230769231 0.1971153846153846 0.19951923076923078
2 0.6105769230769231 0.31490384615384615 0.16105769230769232 0.16105769230769232
2 0.5853365384615384 0.12139423076923077 0.1658653846153846 0.17067307692307693
3 0.4735576923076923 0.8413461538461539 0.20192307692307693 0.19951923076923078
3 0.4579326923076923 0.6021634615384616 0.20192307692307693 0.19951923076923078
2 0.41466346153846156 0.3425480769230769 0.16826923076923078 0.17548076923076922
2 0.36778846153846156 0.13701923076923078 0.16826923076923078 0.18028846153846154
3 0.24759615384615385 0.8641826923076923 0.20432692307692307 0.20432692307692307
3 0.234375 0.6322115384615384 0.22115384615384615 0.2091346153846154
2 0.16947115384615385 0.3798076923076923 0.17548076923076922 0.17067307692307693
2 0.14302884615384615 0.15865384615384615 0.18269230769230768 0.1778846153846154
3 0.8617788461538461 0.8004807692307693 0.18269230769230768 0.19471153846153846
3 0.8473557692307693 0.5841346153846154 0.1875 0.1875
2 0.7848557692307693 0.09495192307692307 0.16105769230769232 0.1658653846153846
2 0.7872596153846154 0.3088942307692308 0.15625 0.15865384615384615
3 0.6790865384615384 0.8100961538461539 0.19230769230769232 0.19951923076923078