1 0.6057692307692307 0.39302884615384615 0.13942307692307693 0.13701923076923078
1 0.5709134615384616 0.19951923076923078 0.14423076923076922 0.14182692307692307
1 0.6069711538461539 0.5949519230769231 0.14182692307692307 0.13942307692307693
1 0.6177884615384616 0.7331730769230769 0.13942307692307693 0.13942307692307693
2 0.4050480769230769 0.21153846153846154 0.12980769230769232 0.125
2 0.44350961538461536 0.7199519230769231 0.125 0.125
2 0.41466346153846156 0.4026442307692308 0.12980769230769232 0.125
2 0.41586538461538464 0.5492788461538461 0.125 0.125
2 0.2800480769230769 0.43509615384615385 0.12980769230769232 0.125
2 0.30288461538461536 0.734375 0.125 0.125
2 0.27524038461538464 0.5853365384615384 0.125 0.1201923076923077
2 0.23918269230769232 0.23798076923076922 0.12980769230769232 0.125
1 0.7487980769230769 0.20552884615384615 0.14423076923076922 0.14182692307692307
1 0.7355769230769231 0.3954326923076923 0.13701923076923078 0.13942307692307693
1 0.7560096153846154 0.7043269230769231 0.13942307692307693 0.13701923076923078
1 0.7439903846153846 0.5757211538461539 0.13942307692307693 0.13942307692307693