2 0.3088942307692308 0.5096153846153846 0.16346153846153846 0.16105769230769232
1 0.32211538461538464 0.359375 0.18990384615384615 0.1875
2 0.3858173076923077 0.6346153846153846 0.1658653846153846 0.1658653846153846
1 0.39302884615384615 0.21394230769230768 0.18990384615384615 0.1971153846153846
1 0.4483173076923077 0.453125 0.18509615384615385 0.1778846153846154
2 0.5180288461538461 0.5889423076923077 0.16826923076923078 0.1658653846153846
1 0.53125 0.32091346153846156 0.1875 0.1875
2 0.5432692307692307 0.16826923076923078 0.1658653846153846 0.1658653846153846
2 0.6286057692307693 0.6706730769230769 0.15865384615384615 0.15865384615384615
1 0.6081730769230769 0.4579326923076923 0.18269230769230768 0.18269230769230768
2 0.6802884615384616 0.3233173076923077 0.15865384615384615 0.15865384615384615
1 0.7247596153846154 0.5612980769230769 0.18269230769230768 0.18269230769230768
2 0.6911057692307693 0.17908653846153846 0.16826923076923078 0.1658653846153846
1 0.7932692307692307 0.4170673076923077 0.18509615384615385 0.18269230769230768
2 0.18389423076923078 0.43509615384615385 0.16346153846153846 0.16346153846153846
1 0.23317307692307693 0.6394230769230769 0.1875 0.18028846153846154