3 0.4387019230769231 0.7487980769230769 0.22115384615384615 0.22596153846153846
3 0.1875 0.7271634615384616 0.22596153846153846 0.22596153846153846
2 0.6971153846153846 0.7487980769230769 0.18028846153846154 0.1875
2 0.8822115384615384 0.7512019230769231 0.18509615384615385 0.1875
3 0.43509615384615385 0.5348557692307693 0.22596153846153846 0.23076923076923078
3 0.18990384615384615 0.4891826923076923 0.23076923076923078 0.23317307692307693
2 0.6923076923076923 0.5192307692307693 0.18509615384615385 0.19230769230769232
2 0.8882211538461539 0.5084134615384616 0.19230769230769232 0.19230769230769232
3 0.14302884615384615 0.23798076923076922 0.23798076923076922 0.2403846153846154
3 0.4338942307692308 0.25721153846153844 0.23798076923076922 0.25
2 0.6995192307692307 0.24278846153846154 0.18990384615384615 0.19951923076923078
2 0.9086538461538461 0.2247596153846154 0.18269230769230768 0.20432692307692307
3 0.40865384615384615 0.9266826923076923 0.22115384615384615 0.1466346153846154
3 0.1971153846153846 0.9122596153846154 0.21153846153846154 0.14903846153846154
2 0.7091346153846154 0.9387019230769231 0.17307692307692307 0.12259615384615384
2 0.8846153846153846 0.9350961538461539 0.17307692307692307 0.12980769230769232