3 0.609375 0.6586538461538461 0.1778846153846154 0.1778846153846154
3 0.44591346153846156 0.6394230769230769 0.17548076923076922 0.16826923076923078
2 0.7367788461538461 0.5649038461538461 0.14423076923076922 0.14182692307692307
2 0.2403846153846154 0.5841346153846154 0.14423076923076922 0.14182692307692307
2 0.6105769230769231 0.515625 0.15144230769230768 0.1466346153846154
3 0.3557692307692308 0.5036057692307693 0.1778846153846154 0.18269230769230768
2 0.7007211538461539 0.41586538461538464 0.15384615384615385 0.14182692307692307
3 0.49759615384615385 0.4230769230769231 0.18269230769230768 0.18269230769230768
2 0.3233173076923077 0.3545673076923077 0.1466346153846154 0.15144230769230768
2 0.78125 0.296875 0.15144230769230768 0.15144230769230768
3 0.6129807692307693 0.28725961538461536 0.1971153846153846 0.19230769230769232
3 0.4266826923076923 0.23798076923076922 0.19230769230769232 0.1971153846153846
2 0.5600961538461539 0.7944711538461539 0.13942307692307693 0.13221153846153846
3 0.4182692307692308 0.7908653846153846 0.16826923076923078 0.17067307692307693
3 0.7668269230769231 0.7091346153846154 0.18509615384615385 0.17307692307692307
2 0.28846153846153844 0.7055288461538461 0.1346153846153846 0.12980769230769232