3 0.31971153846153844 0.3942307692307692 0.20432692307692307 0.20673076923076922
2 0.33413461538461536 0.7067307692307693 0.1658653846153846 0.1658653846153846
2 0.34375 0.9110576923076923 0.17307692307692307 0.17307692307692307
3 0.5252403846153846 0.17067307692307693 0.20673076923076922 0.20673076923076922
3 0.5204326923076923 0.4206730769230769 0.2091346153846154 0.20673076923076922
2 0.5408653846153846 0.6959134615384616 0.17307692307692307 0.1778846153846154
2 0.5709134615384616 0.9098557692307693 0.17548076923076922 0.18028846153846154
3 0.7644230769230769 0.1658653846153846 0.21153846153846154 0.21153846153846154
3 0.7560096153846154 0.40865384615384615 0.2283653846153846 0.21634615384615385
2 0.8004807692307693 0.6778846153846154 0.18269230769230768 0.17548076923076922
2 0.8064903846153846 0.9086538461538461 0.18990384615384615 0.18269230769230768
3 0.11538461538461539 0.1778846153846154 0.18990384615384615 0.19951923076923078
3 0.11298076923076923 0.40384615384615385 0.19230769230769232 0.19471153846153846
2 0.13341346153846154 0.9122596153846154 0.1658653846153846 0.15384615384615385
2 0.14903846153846154 0.6947115384615384 0.16105769230769232 0.16105769230769232
3 0.3076923076923077 0.18389423076923078 0.19951923076923078 0.20673076923076922