2 0.32211538461538464 0.25721153846153844 0.11778846153846154 0.125
2 0.3473557692307692 0.4675480769230769 0.11057692307692307 0.10576923076923077
3 0.3918269230769231 0.6778846153846154 0.13221153846153846 0.12740384615384615
2 0.39302884615384615 0.3737980769230769 0.11057692307692307 0.11057692307692307
2 0.43990384615384615 0.5793269230769231 0.10576923076923077 0.10096153846153846
2 0.43028846153846156 0.265625 0.11538461538461539 0.11538461538461539
3 0.4675480769230769 0.4699519230769231 0.13221153846153846 0.13221153846153846
2 0.5012019230769231 0.7091346153846154 0.10096153846153846 0.09615384615384616
3 0.5192307692307693 0.35336538461538464 0.13701923076923078 0.13701923076923078
3 0.5661057692307693 0.5504807692307693 0.13221153846153846 0.13221153846153846
3 0.6009615384615384 0.6646634615384616 0.12980769230769232 0.11778846153846154
2 0.609375 0.2692307692307692 0.11538461538461539 0.1201923076923077
2 0.6262019230769231 0.4543269230769231 0.11057692307692307 0.10576923076923077
3 0.6959134615384616 0.5709134615384616 0.13701923076923078 0.12740384615384615
3 0.7211538461538461 0.37740384615384615 0.15144230769230768 0.14182692307692307
3 0.3269230769230769 0.5745192307692307 0.14182692307692307 0.12740384615384615