2 0.4495192307692308 0.4266826923076923 0.14903846153846154 0.15144230769230768
2 0.27403846153846156 0.40625 0.1466346153846154 0.1466346153846154
2 0.6237980769230769 0.4579326923076923 0.15384615384615385 0.16105769230769232
2 0.8221153846153846 0.49278846153846156 0.15384615384615385 0.15384615384615385
1 0.25 0.6069711538461539 0.16346153846153846 0.16346153846153846
1 0.4254807692307692 0.6310096153846154 0.1658653846153846 0.16346153846153846
1 0.6141826923076923 0.6574519230769231 0.16826923076923078 0.16346153846153846
1 0.8221153846153846 0.6875 0.16826923076923078 0.16826923076923078
1 0.23557692307692307 0.7908653846153846 0.15625 0.15865384615384615
1 0.8149038461538461 0.8786057692307693 0.17067307692307693 0.17548076923076922
1 0.5865384615384616 0.859375 0.18028846153846154 0.17067307692307693
1 0.38221153846153844 0.8389423076923077 0.16826923076923078 0.16826923076923078
2 0.6706730769230769 0.25600961538461536 0.15384615384615385 0.15625
2 0.2932692307692308 0.21033653846153846 0.14903846153846154 0.15625
2 0.8774038461538461 0.29086538461538464 0.15384615384615385 0.15865384615384615
2 0.49278846153846156 0.25600961538461536 0.14903846153846154 0.15865384615384615