3 0.7319711538461539 0.546875 0.22596153846153846 0.2091346153846154
2 0.734375 0.21875 0.1778846153846154 0.17307692307692307
2 0.6887019230769231 0.3737980769230769 0.1778846153846154 0.16346153846153846
3 0.6274038461538461 0.7163461538461539 0.21634615384615385 0.21153846153846154
3 0.5588942307692307 0.25240384615384615 0.21875 0.22115384615384615
2 0.5240384615384616 0.8701923076923077 0.18028846153846154 0.17548076923076922
2 0.5228365384615384 0.4338942307692308 0.18509615384615385 0.16826923076923078
2 0.49038461538461536 0.5901442307692307 0.18509615384615385 0.17307692307692307
2 0.42788461538461536 0.7487980769230769 0.16826923076923078 0.17548076923076922
3 0.35096153846153844 0.21995192307692307 0.23076923076923078 0.2283653846153846
3 0.3401442307692308 0.42427884615384615 0.23557692307692307 0.22115384615384615
3 0.28125 0.6286057692307693 0.23076923076923078 0.23076923076923078
3 0.9194711538461539 0.5612980769230769 0.16105769230769232 0.20432692307692307
3 0.8653846153846154 0.3798076923076923 0.21875 0.21875
2 0.8269230769230769 0.6983173076923077 0.17548076923076922 0.18028846153846154
2 0.7548076923076923 0.8377403846153846 0.17067307692307693 0.1658653846153846