2 0.5673076923076923 0.59375 0.1778846153846154 0.16826923076923078
2 0.5516826923076923 0.8149038461538461 0.17307692307692307 0.17307692307692307
2 0.5757211538461539 0.4110576923076923 0.16105769230769232 0.15384615384615385
2 0.5877403846153846 0.2127403846153846 0.1658653846153846 0.15384615384615385
1 0.36538461538461536 0.8173076923076923 0.18028846153846154 0.18509615384615385
1 0.3605769230769231 0.6021634615384616 0.1875 0.17307692307692307
1 0.36658653846153844 0.3942307692307692 0.18269230769230768 0.17307692307692307
1 0.36177884615384615 0.20552884615384615 0.18269230769230768 0.17307692307692307
1 0.15865384615384615 0.7920673076923077 0.18990384615384615 0.18990384615384615
1 0.16466346153846154 0.3894230769230769 0.19471153846153846 0.17307692307692307
1 0.14783653846153846 0.5769230769230769 0.19230769230769232 0.17307692307692307
1 0.15625 0.19471153846153846 0.18269230769230768 0.17067307692307693
2 0.7620192307692307 0.8377403846153846 0.16826923076923078 0.16346153846153846
2 0.7632211538461539 0.6129807692307693 0.17067307692307693 0.15625
2 0.7560096153846154 0.42908653846153844 0.1658653846153846 0.15384615384615385
2 0.765625 0.21875 0.1658653846153846 0.15384615384615385