2 0.18028846153846154 0.6694711538461539 0.17548076923076922 0.16346153846153846
1 0.5240384615384616 0.71875 0.19230769230769232 0.19230769230769232
2 0.7776442307692307 0.7223557692307693 0.17067307692307693 0.16826923076923078
2 0.9098557692307693 0.7391826923076923 0.1346153846153846 0.15865384615384615
2 0.31490384615384615 0.6165865384615384 0.1778846153846154 0.17307692307692307
1 0.4639423076923077 0.5733173076923077 0.19471153846153846 0.19230769230769232
2 0.18389423076923078 0.5180288461538461 0.18269230769230768 0.1778846153846154
2 0.6153846153846154 0.5913461538461539 0.18028846153846154 0.17067307692307693
1 0.7752403846153846 0.5733173076923077 0.19230769230769232 0.19230769230769232
1 0.9194711538461539 0.5865384615384616 0.16105769230769232 0.19230769230769232
1 0.3389423076923077 0.46033653846153844 0.20432692307692307 0.19471153846153846
1 0.5528846153846154 0.42788461538461536 0.20432692307692307 0.19951923076923078
2 0.7151442307692307 0.4338942307692308 0.18269230769230768 0.1778846153846154
1 0.2620192307692308 0.3004807692307692 0.21153846153846154 0.20673076923076922
2 0.4254807692307692 0.32091346153846156 0.1778846153846154 0.18269230769230768
1 0.8954326923076923 0.39663461538461536 0.20673076923076922 0.21153846153846154
1 0.7043269230769231 0.2644230769230769 0.21394230769230768 0.22115384615384615
2 0.3713942307692308 0.16706730769230768 0.18028846153846154 0.19471153846153846
1 0.5396634615384616 0.19230769230769232 0.20432692307692307 0.21875
1 0.3317307692307692 0.9122596153846154 0.1778846153846154 0.15625
2 0.6129807692307693 0.9278846153846154 0.16346153846153846 0.14423076923076922
1 0.4807692307692308 0.875 0.18269230769230768 0.1778846153846154
2 0.23076923076923078 0.8076923076923077 0.16346153846153846 0.15384615384615385
2 0.7752403846153846 0.859375 0.1658653846153846 0.16105769230769232
1 0.3713942307692308 0.7572115384615384 0.1875 0.18509615384615385
2 0.6514423076923077 0.7980769230769231 0.1658653846153846 0.16346153846153846