3 0.5060096153846154 0.5324519230769231 0.2091346153846154 0.19471153846153846
2 0.5204326923076923 0.296875 0.16346153846153846 0.16105769230769232
3 0.5432692307692307 0.7427884615384616 0.20432692307692307 0.19951923076923078
2 0.5264423076923077 0.12620192307692307 0.16826923076923078 0.1658653846153846
3 0.7524038461538461 0.5264423076923077 0.21875 0.21394230769230768
3 0.7680288461538461 0.7860576923076923 0.21394230769230768 0.21394230769230768
2 0.7680288461538461 0.28725961538461536 0.1778846153846154 0.17307692307692307
2 0.7764423076923077 0.09615384615384616 0.17548076923076922 0.17548076923076922
3 0.12259615384615384 0.5552884615384616 0.18028846153846154 0.18269230769230768
3 0.13942307692307693 0.75 0.18509615384615385 0.19230769230769232
2 0.12379807692307693 0.28846153846153844 0.14903846153846154 0.14903846153846154
2 0.12860576923076922 0.13221153846153846 0.15144230769230768 0.15865384615384615
3 0.3112980769230769 0.5252403846153846 0.18269230769230768 0.19230769230769232
2 0.31009615384615385 0.12620192307692307 0.15625 0.16105769230769232
2 0.3173076923076923 0.2932692307692308 0.16826923076923078 0.15865384615384615
3 0.33533653846153844 0.7512019230769231 0.18990384615384615 0.19471153846153846