3 0.38341346153846156 0.6538461538461539 0.18028846153846154 0.18028846153846154
3 0.5492788461538461 0.6382211538461539 0.1778846153846154 0.17067307692307693
2 0.25721153846153844 0.5576923076923077 0.1466346153846154 0.14423076923076922
2 0.7560096153846154 0.5865384615384616 0.1466346153846154 0.14423076923076922
2 0.3870192307692308 0.5108173076923077 0.15384615384615385 0.14903846153846154
3 0.6418269230769231 0.5036057692307693 0.18028846153846154 0.18509615384615385
2 0.296875 0.4098557692307692 0.15625 0.14423076923076922
3 0.4987980769230769 0.4206730769230769 0.18509615384615385 0.18509615384615385
2 0.6766826923076923 0.3557692307692308 0.14903846153846154 0.15384615384615385
2 0.21875 0.28966346153846156 0.15865384615384615 0.15384615384615385
3 0.38822115384615385 0.2824519230769231 0.19951923076923078 0.1971153846153846
3 0.5733173076923077 0.23557692307692307 0.1971153846153846 0.19951923076923078
2 0.43028846153846156 0.7896634615384616 0.14182692307692307 0.13221153846153846
3 0.5745192307692307 0.7896634615384616 0.17067307692307693 0.17307692307692307
3 0.22716346153846154 0.7019230769230769 0.18990384615384615 0.17548076923076922
2 0.703125 0.7067307692307693 0.13701923076923078 0.1346153846153846