2 0.30528846153846156 0.20552884615384615 0.14423076923076922 0.15625
1 0.3401442307692308 0.5360576923076923 0.16826923076923078 0.16826923076923078
2 0.3954326923076923 0.7764423076923077 0.14903846153846154 0.15384615384615385
2 0.4110576923076923 0.921875 0.1466346153846154 0.15384615384615385
2 0.3858173076923077 0.3173076923076923 0.15384615384615385 0.15625
1 0.46274038461538464 0.44711538461538464 0.17067307692307693 0.17307692307692307
2 0.4483173076923077 0.17307692307692307 0.15865384615384615 0.16346153846153846
2 0.4807692307692308 0.5925480769230769 0.14903846153846154 0.16346153846153846
1 0.5348557692307693 0.7367788461538461 0.17067307692307693 0.17067307692307693
1 0.5564903846153846 0.8966346153846154 0.17548076923076922 0.18269230769230768
1 0.5384615384615384 0.30288461538461536 0.17067307692307693 0.18028846153846154
1 0.6189903846153846 0.4963942307692308 0.17548076923076922 0.18269230769230768
2 0.6502403846153846 0.6502403846153846 0.15865384615384615 0.16346153846153846
1 0.6706730769230769 0.19591346153846154 0.18269230769230768 0.18990384615384615
2 0.6887019230769231 0.35216346153846156 0.16346153846153846 0.15865384615384615
1 0.7283653846153846 0.8088942307692307 0.1875 0.18269230769230768
1 0.8064903846153846 0.5997596153846154 0.1971153846153846 0.1875
2 0.8197115384615384 0.265625 0.17307692307692307 0.16105769230769232
1 0.8365384615384616 0.42788461538461536 0.1971153846153846 0.18028846153846154
1 0.10216346153846154 0.4026442307692308 0.15625 0.16346153846153846
2 0.15985576923076922 0.6706730769230769 0.1346153846153846 0.1466346153846154
1 0.18269230769230768 0.5324519230769231 0.15625 0.1658653846153846
2 0.1875 0.2848557692307692 0.1346153846153846 0.1466346153846154
2 0.2668269230769231 0.8052884615384616 0.14182692307692307 0.14903846153846154
1 0.26802884615384615 0.40384615384615385 0.1658653846153846 0.16826923076923078
2 0.2956730769230769 0.6742788461538461 0.14423076923076922 0.14903846153846154