2 0.25240384615384615 0.5276442307692307 0.11538461538461539 0.15384615384615385
2 0.328125 0.7439903846153846 0.1201923076923077 0.15865384615384615
1 0.33774038461538464 0.40384615384615385 0.16105769230769232 0.1971153846153846
1 0.36538461538461536 0.59375 0.15144230769230768 0.20192307692307693
2 0.3629807692307692 0.203125 0.1201923076923077 0.16826923076923078
2 0.46634615384615385 0.890625 0.12980769230769232 0.1658653846153846
1 0.4675480769230769 0.7235576923076923 0.15625 0.1971153846153846
1 0.4675480769230769 0.34615384615384615 0.15625 0.20192307692307693
2 0.46153846153846156 0.1346153846153846 0.1201923076923077 0.16346153846153846
2 0.47836538461538464 0.5204326923076923 0.1201923076923077 0.16346153846153846
2 0.5637019230769231 0.22235576923076922 0.13221153846153846 0.1778846153846154
1 0.5865384615384616 0.6237980769230769 0.16105769230769232 0.21153846153846154
1 0.5973557692307693 0.8257211538461539 0.15865384615384615 0.20673076923076922
1 0.6033653846153846 0.4170673076923077 0.15865384615384615 0.20192307692307693
1 0.7259615384615384 0.5360576923076923 0.1658653846153846 0.21394230769230768
2 0.7319711538461539 0.3449519230769231 0.1346153846153846 0.17307692307692307