2 0.71875 0.4543269230769231 0.14903846153846154 0.18509615384615385
2 0.6069711538461539 0.22235576923076922 0.14903846153846154 0.18509615384615385
3 0.6382211538461539 0.6057692307692307 0.18990384615384615 0.2403846153846154
3 0.5829326923076923 0.40024038461538464 0.17307692307692307 0.22596153846153846
2 0.6370192307692307 0.8377403846153846 0.1466346153846154 0.1875
2 0.4326923076923077 0.0829326923076923 0.15384615384615385 0.1658653846153846
3 0.4519230769230769 0.2608173076923077 0.1778846153846154 0.23557692307692307
3 0.5012019230769231 0.6862980769230769 0.18990384615384615 0.2403846153846154
2 0.5252403846153846 0.9134615384615384 0.15144230769230768 0.17307692307692307
2 0.4651442307692308 0.49038461538461536 0.15144230769230768 0.19951923076923078
2 0.40625 0.8389423076923077 0.15865384615384615 0.20432692307692307
3 0.33413461538461536 0.39663461538461536 0.1971153846153846 0.24278846153846154
3 0.2980769230769231 0.1622596153846154 0.1971153846153846 0.24759615384615385
3 0.3401442307692308 0.625 0.18990384615384615 0.24519230769230768
3 0.18269230769230768 0.5 0.2091346153846154 0.2548076923076923
2 0.19831730769230768 0.7175480769230769 0.18028846153846154 0.21153846153846154