2 0.5168269230769231 0.7716346153846154 0.15865384615384615 0.12740384615384615
2 0.29086538461538464 0.7211538461538461 0.16105769230769232 0.12740384615384615
3 0.6310096153846154 0.6730769230769231 0.2091346153846154 0.16105769230769232
3 0.4411057692307692 0.6634615384615384 0.1971153846153846 0.14903846153846154
2 0.8329326923076923 0.625 0.16346153846153846 0.12259615384615384
2 0.125 0.6009615384615384 0.16105769230769232 0.13221153846153846
3 0.2920673076923077 0.5805288461538461 0.20432692307692307 0.15144230769230768
3 0.6742788461538461 0.5336538461538461 0.2091346153846154 0.16105769230769232
2 0.8882211538461539 0.5120192307692307 0.16826923076923078 0.12980769230769232
2 0.4963942307692308 0.5420673076923077 0.17307692307692307 0.12980769230769232
2 0.7872596153846154 0.4230769230769231 0.1778846153846154 0.1346153846153846
3 0.38822115384615385 0.44711538461538464 0.21153846153846154 0.1658653846153846
3 0.17548076923076922 0.46274038461538464 0.21394230769230768 0.1658653846153846
3 0.5889423076923077 0.4098557692307692 0.21394230769230768 0.16105769230769232
3 0.44711538461538464 0.29447115384615385 0.22115384615384615 0.17548076923076922
2 0.6394230769230769 0.2644230769230769 0.18509615384615385 0.15144230769230768