3 0.5600961538461539 0.34375 0.1971153846153846 0.18269230769230768
3 0.5420673076923077 0.1502403846153846 0.19471153846153846 0.1875
3 0.5709134615384616 0.75 0.19951923076923078 0.20192307692307693
3 0.5504807692307693 0.5336538461538461 0.1875 0.1875
2 0.33052884615384615 0.8088942307692307 0.1658653846153846 0.1658653846153846
2 0.3004807692307692 0.5745192307692307 0.16105769230769232 0.16105769230769232
2 0.2704326923076923 0.20793269230769232 0.15625 0.14903846153846154
2 0.2704326923076923 0.38221153846153844 0.16105769230769232 0.15384615384615385
2 0.11778846153846154 0.8221153846153846 0.1658653846153846 0.1658653846153846
2 0.10336538461538461 0.6057692307692307 0.16105769230769232 0.15625
2 0.08774038461538461 0.4050480769230769 0.16105769230769232 0.15384615384615385
2 0.06971153846153846 0.20552884615384615 0.13942307692307693 0.1658653846153846
3 0.7824519230769231 0.5180288461538461 0.20673076923076922 0.19230769230769232
3 0.7920673076923077 0.7415865384615384 0.20192307692307693 0.20673076923076922
3 0.7572115384615384 0.13942307692307693 0.18990384615384615 0.18509615384615385
3 0.75 0.31971153846153844 0.19951923076923078 0.1875