2 0.5612980769230769 0.4110576923076923 0.1658653846153846 0.17067307692307693
2 0.7596153846153846 0.3870192307692308 0.1658653846153846 0.1658653846153846
2 0.36538461538461536 0.44591346153846156 0.17307692307692307 0.18509615384615385
2 0.13942307692307693 0.484375 0.17067307692307693 0.17067307692307693
1 0.7884615384615384 0.6165865384615384 0.1875 0.1875
1 0.5889423076923077 0.6430288461538461 0.1875 0.1875
1 0.3762019230769231 0.671875 0.19230769230769232 0.1875
1 0.13942307692307693 0.7067307692307693 0.19230769230769232 0.19230769230769232
1 0.8064903846153846 0.8233173076923077 0.17307692307692307 0.1778846153846154
1 0.14903846153846154 0.9122596153846154 0.19230769230769232 0.17548076923076922
1 0.40625 0.9002403846153846 0.20192307692307693 0.19471153846153846
1 0.6382211538461539 0.8774038461538461 0.19230769230769232 0.19230769230769232
2 0.3112980769230769 0.21634615384615385 0.17307692307692307 0.17548076923076922
2 0.7391826923076923 0.1658653846153846 0.16826923076923078 0.1778846153846154
2 0.08173076923076923 0.25600961538461536 0.16346153846153846 0.18028846153846154
2 0.5120192307692307 0.21754807692307693 0.16826923076923078 0.18028846153846154