2 0.19831730769230768 0.4074519230769231 0.15144230769230768 0.15144230769230768
2 0.5192307692307693 0.39903846153846156 0.15144230769230768 0.14423076923076922
2 0.8305288461538461 0.3870192307692308 0.15625 0.1466346153846154
1 0.3545673076923077 0.4266826923076923 0.16105769230769232 0.15625
2 0.7067307692307693 0.4483173076923077 0.15144230769230768 0.14182692307692307
1 0.10216346153846154 0.5372596153846154 0.17067307692307693 0.17307692307692307
2 0.2548076923076923 0.5348557692307693 0.1466346153846154 0.14903846153846154
1 0.5829326923076923 0.5288461538461539 0.16826923076923078 0.16826923076923078
1 0.8990384615384616 0.5216346153846154 0.18509615384615385 0.17548076923076922
1 0.421875 0.5600961538461539 0.17067307692307693 0.17307692307692307
2 0.7548076923076923 0.5877403846153846 0.16105769230769232 0.15625
1 0.30649038461538464 0.6766826923076923 0.17067307692307693 0.18269230769230768
2 0.5144230769230769 0.6730769230769231 0.15625 0.15384615384615385
1 0.13822115384615385 0.7415865384615384 0.18028846153846154 0.18028846153846154
1 0.6778846153846154 0.7115384615384616 0.18028846153846154 0.19951923076923078
2 0.8629807692307693 0.7079326923076923 0.15865384615384615 0.16105769230769232
1 0.4014423076923077 0.8112980769230769 0.18028846153846154 0.18990384615384615
2 0.5649038461538461 0.8197115384615384 0.15144230769230768 0.16826923076923078
2 0.25 0.8605769230769231 0.17067307692307693 0.17307692307692307
1 0.41466346153846156 0.16466346153846154 0.16105769230769232 0.1466346153846154
2 0.6502403846153846 0.15865384615384615 0.1466346153846154 0.13701923076923078
1 0.5408653846153846 0.24158653846153846 0.16105769230769232 0.15144230769230768
1 0.8016826923076923 0.25240384615384615 0.16105769230769232 0.15144230769230768
2 0.27283653846153844 0.3004807692307692 0.15144230769230768 0.14182692307692307
2 0.4098557692307692 0.30528846153846156 0.14423076923076922 0.14182692307692307
1 0.6670673076923077 0.32091346153846156 0.16826923076923078 0.15625