3 0.6165865384615384 0.6490384615384616 0.21875 0.22115384615384615
3 0.8629807692307693 0.6622596153846154 0.22355769230769232 0.22355769230769232
2 0.3641826923076923 0.6141826923076923 0.17548076923076922 0.18509615384615385
2 0.18389423076923078 0.5913461538461539 0.18509615384615385 0.18509615384615385
3 0.6502403846153846 0.4423076923076923 0.22355769230769232 0.22596153846153846
3 0.890625 0.43028846153846156 0.21875 0.23076923076923078
2 0.40024038461538464 0.390625 0.18509615384615385 0.18990384615384615
2 0.21153846153846154 0.35336538461538464 0.18990384615384615 0.18990384615384615
3 0.9278846153846154 0.18870192307692307 0.14423076923076922 0.23317307692307693
3 0.6887019230769231 0.17067307692307693 0.23076923076923078 0.24519230769230768
2 0.43149038461538464 0.1201923076923077 0.18509615384615385 0.19471153846153846
2 0.2247596153846154 0.08774038461538461 0.18990384615384615 0.17548076923076922
3 0.6189903846153846 0.8629807692307693 0.22115384615384615 0.21634615384615385
3 0.8269230769230769 0.8737980769230769 0.21153846153846154 0.2091346153846154
2 0.3245192307692308 0.8245192307692307 0.17307692307692307 0.17307692307692307
2 0.15264423076923078 0.7932692307692307 0.17307692307692307 0.17307692307692307