2 0.5949519230769231 0.78125 0.18028846153846154 0.14903846153846154
2 0.34375 0.7439903846153846 0.18509615384615385 0.14903846153846154
3 0.7127403846153846 0.6658653846153846 0.23798076923076922 0.18990384615384615
3 0.5 0.6706730769230769 0.22355769230769232 0.17548076923076922
2 0.9170673076923077 0.5961538461538461 0.1658653846153846 0.14903846153846154
2 0.15384615384615385 0.6237980769230769 0.1875 0.15384615384615385
3 0.33413461538461536 0.5889423076923077 0.23317307692307693 0.18028846153846154
3 0.7463942307692307 0.5108173076923077 0.23798076923076922 0.18990384615384615
2 0.9435096153846154 0.47475961538461536 0.11298076923076923 0.14182692307692307
2 0.5528846153846154 0.5324519230769231 0.1971153846153846 0.15144230769230768
2 0.8629807692307693 0.3798076923076923 0.20432692307692307 0.15865384615384615
3 0.42908653846153844 0.4375 0.24278846153846154 0.19471153846153846
3 0.19831730769230768 0.4699519230769231 0.24519230769230768 0.1971153846153846
3 0.6430288461538461 0.3798076923076923 0.24278846153846154 0.19230769230769232
3 0.4795673076923077 0.265625 0.2548076923076923 0.20673076923076922
2 0.6887019230769231 0.21754807692307693 0.2091346153846154 0.17548076923076922