3 0.8257211538461539 0.3557692307692308 0.20673076923076922 0.21153846153846154
3 0.6141826923076923 0.33052884615384615 0.20673076923076922 0.20673076923076922
2 0.1971153846153846 0.30528846153846156 0.16826923076923078 0.17307692307692307
2 0.39302884615384615 0.3449519230769231 0.17307692307692307 0.16826923076923078
3 0.7908653846153846 0.5552884615384616 0.20673076923076922 0.21634615384615385
3 0.578125 0.5300480769230769 0.21153846153846154 0.21634615384615385
2 0.3581730769230769 0.5216346153846154 0.17307692307692307 0.17307692307692307
2 0.1658653846153846 0.5120192307692307 0.18509615384615385 0.18509615384615385
3 0.7692307692307693 0.7776442307692307 0.21394230769230768 0.22115384615384615
3 0.5600961538461539 0.7512019230769231 0.2091346153846154 0.22355769230769232
2 0.34975961538461536 0.7259615384615384 0.1778846153846154 0.17548076923076922
2 0.13822115384615385 0.7067307692307693 0.18509615384615385 0.18509615384615385
3 0.8353365384615384 0.15625 0.19951923076923078 0.19951923076923078
3 0.6394230769230769 0.13581730769230768 0.20673076923076922 0.20673076923076922
2 0.40625 0.13581730769230768 0.16826923076923078 0.16826923076923078
2 0.2283653846153846 0.12740384615384615 0.17307692307692307 0.16826923076923078