2 0.5540865384615384 0.45552884615384615 0.16105769230769232 0.1658653846153846
2 0.7451923076923077 0.4795673076923077 0.16105769230769232 0.16105769230769232
2 0.36177884615384615 0.44350961538461536 0.16826923076923078 0.17548076923076922
2 0.14182692307692307 0.4266826923076923 0.1658653846153846 0.1658653846153846
1 0.7175480769230769 0.6983173076923077 0.1778846153846154 0.18028846153846154
1 0.5252403846153846 0.6790865384615384 0.18269230769230768 0.1778846153846154
1 0.31971153846153844 0.65625 0.18509615384615385 0.1778846153846154
1 0.09134615384615384 0.6310096153846154 0.18269230769230768 0.18509615384615385
1 0.6838942307692307 0.8966346153846154 0.17067307692307693 0.17067307692307693
1 0.07091346153846154 0.8377403846153846 0.14182692307692307 0.18990384615384615
1 0.2956730769230769 0.8762019230769231 0.1971153846153846 0.1875
1 0.5180288461538461 0.9074519230769231 0.18509615384615385 0.18509615384615385
2 0.36538461538461536 0.21634615384615385 0.1658653846153846 0.17067307692307693
2 0.7764423076923077 0.26802884615384615 0.16105769230769232 0.17067307692307693
2 0.13822115384615385 0.19831730769230768 0.16826923076923078 0.17548076923076922
2 0.5528846153846154 0.26322115384615385 0.16346153846153846 0.17548076923076922