3 0.5492788461538461 0.3545673076923077 0.19471153846153846 0.19471153846153846
3 0.3293269230769231 0.37740384615384615 0.20192307692307693 0.18990384615384615
2 0.7632211538461539 0.3870192307692308 0.16105769230769232 0.16105769230769232
2 0.9266826923076923 0.38221153846153844 0.14182692307692307 0.15625
3 0.3233173076923077 0.5552884615384616 0.20673076923076922 0.1971153846153846
3 0.5673076923076923 0.5420673076923077 0.20432692307692307 0.20432692307692307
2 0.9435096153846154 0.5432692307692307 0.11298076923076923 0.15865384615384615
2 0.7788461538461539 0.5721153846153846 0.1658653846153846 0.1658653846153846
2 0.8088942307692307 0.7391826923076923 0.17307692307692307 0.17548076923076922
2 0.9495192307692307 0.7331730769230769 0.10096153846153846 0.16826923076923078
3 0.30528846153846156 0.8125 0.21875 0.2283653846153846
3 0.6105769230769231 0.7896634615384616 0.2091346153846154 0.22355769230769232
3 0.3112980769230769 0.18269230769230768 0.19951923076923078 0.17548076923076922
3 0.5228365384615384 0.17668269230769232 0.18990384615384615 0.1778846153846154
2 0.90625 0.21394230769230768 0.15144230769230768 0.15144230769230768
2 0.7403846153846154 0.23197115384615385 0.15625 0.1466346153846154