3 0.5673076923076923 0.3233173076923077 0.19230769230769232 0.19471153846153846
3 0.7944711538461539 0.31850961538461536 0.1971153846153846 0.1971153846153846
2 0.33653846153846156 0.3473557692307692 0.15384615384615385 0.16105769230769232
2 0.17307692307692307 0.359375 0.16105769230769232 0.16105769230769232
3 0.5925480769230769 0.5120192307692307 0.1971153846153846 0.19951923076923078
3 0.8125 0.5276442307692307 0.19951923076923078 0.20192307692307693
2 0.3641826923076923 0.5492788461538461 0.16105769230769232 0.1658653846153846
2 0.19230769230769232 0.5769230769230769 0.1658653846153846 0.1658653846153846
3 0.8774038461538461 0.7487980769230769 0.2091346153846154 0.2091346153846154
3 0.6177884615384616 0.7596153846153846 0.20432692307692307 0.21875
2 0.38341346153846156 0.7944711538461539 0.16346153846153846 0.17067307692307693
2 0.19591346153846154 0.8305288461538461 0.1658653846153846 0.17548076923076922
3 0.5757211538461539 0.12860576923076922 0.19471153846153846 0.18990384615384615
3 0.7668269230769231 0.12740384615384615 0.1875 0.18269230769230768
2 0.31009615384615385 0.15264423076923078 0.15144230769230768 0.15144230769230768
2 0.15144230769230768 0.17548076923076922 0.15144230769230768 0.15144230769230768