2 0.6478365384615384 0.11778846153846154 0.1658653846153846 0.1658653846153846
2 0.6502403846153846 0.47475961538461536 0.15625 0.1658653846153846
2 0.6586538461538461 0.8221153846153846 0.16105769230769232 0.17067307692307693
1 0.6225961538461539 0.29086538461538464 0.17307692307692307 0.17548076923076922
2 0.5913461538461539 0.6838942307692307 0.15625 0.1658653846153846
1 0.5060096153846154 0.04927884615384615 0.18509615384615385 0.0985576923076923
2 0.5036057692307693 0.17668269230769232 0.16346153846153846 0.16105769230769232
1 0.5048076923076923 0.5432692307692307 0.18269230769230768 0.18269230769230768
1 0.5072115384615384 0.8966346153846154 0.18990384615384615 0.20192307692307693
1 0.4735576923076923 0.3629807692307692 0.18990384615384615 0.1875
2 0.43509615384615385 0.7331730769230769 0.17307692307692307 0.17548076923076922
1 0.34615384615384615 0.23076923076923078 0.20192307692307693 0.18269230769230768
2 0.34615384615384615 0.4651442307692308 0.16826923076923078 0.17067307692307693
1 0.2776442307692308 0.0733173076923077 0.19471153846153846 0.1346153846153846
1 0.29927884615384615 0.6442307692307693 0.21634615384615385 0.1971153846153846
2 0.29927884615384615 0.8509615384615384 0.1778846153846154 0.1778846153846154
1 0.19230769230769232 0.33533653846153844 0.20673076923076922 0.1971153846153846
2 0.18028846153846154 0.5168269230769231 0.18028846153846154 0.16826923076923078
2 0.140625 0.1658653846153846 0.18990384615384615 0.18269230769230768
1 0.9146634615384616 0.3641826923076923 0.16346153846153846 0.17548076923076922
2 0.9170673076923077 0.6262019230769231 0.14903846153846154 0.16105769230769232
1 0.8257211538461539 0.5024038461538461 0.16826923076923078 0.17548076923076922
1 0.8076923076923077 0.7932692307692307 0.16826923076923078 0.17548076923076922
2 0.765625 0.20192307692307693 0.15625 0.1658653846153846
2 0.7584134615384616 0.3545673076923077 0.15625 0.15625
1 0.734375 0.640625 0.17307692307692307 0.18269230769230768