2 0.36778846153846156 0.21394230769230768 0.14903846153846154 0.1466346153846154
2 0.38100961538461536 0.5997596153846154 0.1466346153846154 0.13701923076923078
2 0.38100961538461536 0.4254807692307692 0.13701923076923078 0.13701923076923078
2 0.39903846153846156 0.7848557692307693 0.13942307692307693 0.13221153846153846
1 0.5853365384615384 0.18389423076923078 0.15144230769230768 0.15625
1 0.6153846153846154 0.7896634615384616 0.15144230769230768 0.15625
1 0.6153846153846154 0.38341346153846156 0.16105769230769232 0.15144230769230768
1 0.6382211538461539 0.5745192307692307 0.15144230769230768 0.1466346153846154
1 0.7884615384615384 0.16346153846153846 0.1658653846153846 0.15144230769230768
1 0.8125 0.7836538461538461 0.16105769230769232 0.15144230769230768
1 0.8125 0.36899038461538464 0.15144230769230768 0.15384615384615385
1 0.8185096153846154 0.5745192307692307 0.15144230769230768 0.14903846153846154
2 0.19471153846153846 0.21875 0.13701923076923078 0.1346153846153846
2 0.22355769230769232 0.42427884615384615 0.14903846153846154 0.13701923076923078
2 0.234375 0.7824519230769231 0.1466346153846154 0.13221153846153846
2 0.23677884615384615 0.5925480769230769 0.14182692307692307 0.14182692307692307