2 0.49399038461538464 0.22956730769230768 0.16105769230769232 0.1201923076923077
2 0.2692307692307692 0.3088942307692308 0.16346153846153846 0.12259615384615384
1 0.6237980769230769 0.31850961538461536 0.20192307692307693 0.1658653846153846
1 0.42427884615384615 0.34615384615384615 0.21153846153846154 0.15625
2 0.8305288461538461 0.3449519230769231 0.17307692307692307 0.12259615384615384
2 0.11658653846153846 0.4519230769230769 0.17307692307692307 0.1346153846153846
1 0.29086538461538464 0.453125 0.20432692307692307 0.16105769230769232
1 0.6826923076923077 0.453125 0.20673076923076922 0.16105769230769232
2 0.9014423076923077 0.44711538461538464 0.16826923076923078 0.12259615384615384
2 0.5012019230769231 0.4639423076923077 0.16826923076923078 0.12259615384615384
2 0.8100961538461539 0.5516826923076923 0.18269230769230768 0.13701923076923078
1 0.3942307692307692 0.5757211538461539 0.22115384615384615 0.1658653846153846
1 0.18389423076923078 0.5865384615384616 0.21634615384615385 0.16346153846153846
1 0.6081730769230769 0.5925480769230769 0.21153846153846154 0.16346153846153846
1 0.484375 0.7211538461538461 0.22115384615384615 0.17067307692307693
2 0.6838942307692307 0.7259615384615384 0.18269230769230768 0.14182692307692307