3 0.4567307692307692 0.6586538461538461 0.1971153846153846 0.19230769230769232
3 0.24519230769230768 0.6742788461538461 0.1971153846153846 0.1875
2 0.6454326923076923 0.5961538461538461 0.15865384615384615 0.14903846153846154
2 0.8161057692307693 0.578125 0.1658653846153846 0.15865384615384615
3 0.20673076923076922 0.5012019230769231 0.21153846153846154 0.18990384615384615
3 0.4387019230769231 0.47836538461538464 0.1875 0.1971153846153846
2 0.8064903846153846 0.41225961538461536 0.16105769230769232 0.16346153846153846
2 0.6213942307692307 0.4230769230769231 0.15865384615384615 0.16346153846153846
2 0.6189903846153846 0.2608173076923077 0.15865384615384615 0.16346153846153846
2 0.7848557692307693 0.23918269230769232 0.17548076923076922 0.17307692307692307
3 0.16947115384615385 0.28125 0.20673076923076922 0.20432692307692307
3 0.43149038461538464 0.24879807692307693 0.20432692307692307 0.20673076923076922
3 0.46153846153846156 0.8425480769230769 0.1875 0.18269230769230768
3 0.2668269230769231 0.8569711538461539 0.18269230769230768 0.1875
2 0.8257211538461539 0.7427884615384616 0.15144230769230768 0.15625
2 0.6526442307692307 0.7463942307692307 0.15384615384615385 0.14182692307692307