2 0.4495192307692308 0.21634615384615385 0.17548076923076922 0.14182692307692307
2 0.21394230769230768 0.3137019230769231 0.1778846153846154 0.14182692307692307
3 0.5949519230769231 0.30288461538461536 0.23076923076923078 0.1778846153846154
3 0.38822115384615385 0.3485576923076923 0.21875 0.16346153846153846
2 0.8257211538461539 0.3161057692307692 0.18028846153846154 0.1346153846153846
2 0.0733173076923077 0.47836538461538464 0.1466346153846154 0.14423076923076922
3 0.24278846153846154 0.4699519230769231 0.2283653846153846 0.16826923076923078
3 0.6682692307692307 0.44471153846153844 0.23076923076923078 0.1778846153846154
2 0.90625 0.42908653846153844 0.1875 0.14423076923076922
2 0.4723557692307692 0.46875 0.19230769230769232 0.14182692307692307
2 0.8137019230769231 0.5444711538461539 0.1971153846153846 0.14903846153846154
3 0.3713942307692308 0.5949519230769231 0.23557692307692307 0.18509615384615385
3 0.13701923076923078 0.6177884615384616 0.23798076923076922 0.18509615384615385
3 0.5997596153846154 0.5997596153846154 0.23557692307692307 0.1778846153846154
3 0.46634615384615385 0.75 0.24519230769230768 0.1971153846153846
2 0.6826923076923077 0.7451923076923077 0.20432692307692307 0.16826923076923078