2 0.46875 0.7764423076923077 0.1658653846153846 0.125
2 0.7019230769230769 0.7211538461538461 0.1658653846153846 0.12980769230769232
1 0.34975961538461536 0.6730769230769231 0.20673076923076922 0.17307692307692307
1 0.5492788461538461 0.6658653846153846 0.21634615384615385 0.16346153846153846
2 0.14543269230769232 0.625 0.1778846153846154 0.13221153846153846
2 0.8689903846153846 0.59375 0.1778846153846154 0.14182692307692307
1 0.6959134615384616 0.5733173076923077 0.21153846153846154 0.16826923076923078
1 0.30528846153846156 0.5336538461538461 0.21153846153846154 0.16826923076923078
2 0.08533653846153846 0.5144230769230769 0.17067307692307693 0.13221153846153846
2 0.48677884615384615 0.5396634615384616 0.17067307692307693 0.13221153846153846
2 0.1875 0.4206730769230769 0.18990384615384615 0.14182692307692307
1 0.6057692307692307 0.43990384615384615 0.22596153846153846 0.17307692307692307
1 0.8149038461538461 0.45072115384615385 0.22115384615384615 0.17307692307692307
1 0.3942307692307692 0.4014423076923077 0.21634615384615385 0.17307692307692307
1 0.53125 0.2848557692307692 0.2283653846153846 0.1778846153846154
2 0.3329326923076923 0.25961538461538464 0.1875 0.14903846153846154