2 0.2800480769230769 0.2283653846153846 0.18509615384615385 0.1778846153846154
2 0.33774038461538464 0.4266826923076923 0.1875 0.1875
2 0.3798076923076923 0.6033653846153846 0.19471153846153846 0.19471153846153846
2 0.43149038461538464 0.7920673076923077 0.1971153846153846 0.1971153846153846
3 0.4951923076923077 0.1045673076923077 0.22115384615384615 0.2091346153846154
3 0.5480769230769231 0.29927884615384615 0.2403846153846154 0.23076923076923078
3 0.6057692307692307 0.5588942307692307 0.23798076923076922 0.2403846153846154
3 0.6574519230769231 0.7704326923076923 0.25240384615384615 0.25240384615384615
3 0.7259615384615384 0.07091346153846154 0.22115384615384615 0.14182692307692307
3 0.7572115384615384 0.22716346153846154 0.2283653846153846 0.22115384615384615
3 0.8137019230769231 0.4855769230769231 0.2403846153846154 0.23798076923076922
3 0.8786057692307693 0.7367788461538461 0.24278846153846154 0.25240384615384615
2 0.19230769230769232 0.8461538461538461 0.20432692307692307 0.2091346153846154
2 0.10817307692307693 0.2548076923076923 0.1875 0.1875
2 0.14302884615384615 0.4423076923076923 0.18509615384615385 0.18269230769230768
2 0.17668269230769232 0.6346153846153846 0.19230769230769232 0.19471153846153846