3 0.3112980769230769 0.53125 0.21153846153846154 0.21153846153846154
3 0.31009615384615385 0.7848557692307693 0.21634615384615385 0.21634615384615385
2 0.3329326923076923 0.2764423076923077 0.1778846153846154 0.16826923076923078
2 0.34375 0.09254807692307693 0.17548076923076922 0.17548076923076922
3 0.5216346153846154 0.5564903846153846 0.22115384615384615 0.21634615384615385
3 0.5444711538461539 0.8016826923076923 0.22115384615384615 0.22115384615384615
2 0.5576923076923077 0.30288461538461536 0.18269230769230768 0.17548076923076922
2 0.5865384615384616 0.109375 0.18269230769230768 0.18028846153846154
3 0.7920673076923077 0.8701923076923077 0.23076923076923078 0.23076923076923078
3 0.7980769230769231 0.5793269230769231 0.23798076923076922 0.22596153846153846
2 0.8329326923076923 0.31971153846153844 0.1875 0.18028846153846154
2 0.8689903846153846 0.109375 0.19230769230769232 0.18269230769230768
3 0.0985576923076923 0.5432692307692307 0.1971153846153846 0.21153846153846154
3 0.09735576923076923 0.7584134615384616 0.19471153846153846 0.20432692307692307
2 0.11658653846153846 0.24879807692307693 0.1658653846153846 0.1658653846153846
2 0.13822115384615385 0.07692307692307693 0.1658653846153846 0.15384615384615385