2 0.6826923076923077 0.734375 0.14423076923076922 0.1466346153846154
3 0.33774038461538464 0.7199519230769231 0.17307692307692307 0.1778846153846154
3 0.515625 0.6850961538461539 0.17548076923076922 0.1875
2 0.18870192307692307 0.6262019230769231 0.15865384615384615 0.14423076923076922
2 0.7271634615384616 0.609375 0.1466346153846154 0.1346153846153846
2 0.32091346153846156 0.5637019230769231 0.1466346153846154 0.14903846153846154
3 0.6021634615384616 0.5276442307692307 0.18028846153846154 0.18269230769230768
2 0.22355769230769232 0.46033653846153844 0.15865384615384615 0.13942307692307693
3 0.4423076923076923 0.44591346153846156 0.18028846153846154 0.19471153846153846
2 0.6237980769230769 0.36899038461538464 0.15144230769230768 0.15865384615384615
2 0.1201923076923077 0.33052884615384615 0.16346153846153846 0.15865384615384615
3 0.31009615384615385 0.3112980769230769 0.20432692307692307 0.20432692307692307
3 0.5096153846153846 0.24158653846153846 0.18509615384615385 0.2091346153846154
2 0.390625 0.8605769230769231 0.14423076923076922 0.13942307692307693
3 0.5528846153846154 0.84375 0.18028846153846154 0.18269230769230768
3 0.16466346153846154 0.7788461538461539 0.1971153846153846 0.19230769230769232