3 0.5012019230769231 0.4639423076923077 0.21394230769230768 0.19951923076923078
2 0.5 0.6947115384615384 0.1658653846153846 0.1658653846153846
3 0.4543269230769231 0.25961538461538464 0.2091346153846154 0.20432692307692307
2 0.5024038461538461 0.8617788461538461 0.17307692307692307 0.17307692307692307
3 0.2608173076923077 0.48197115384615385 0.22355769230769232 0.22115384615384615
3 0.23076923076923078 0.2283653846153846 0.21875 0.21875
2 0.25841346153846156 0.7163461538461539 0.18269230769230768 0.1778846153846154
2 0.25961538461538464 0.9050480769230769 0.18269230769230768 0.18269230769230768
3 0.875 0.421875 0.18269230769230768 0.1875
3 0.8497596153846154 0.23197115384615385 0.1875 0.1971153846153846
2 0.8894230769230769 0.6826923076923077 0.15144230769230768 0.15384615384615385
2 0.8918269230769231 0.8365384615384616 0.15625 0.16105769230769232
3 0.6935096153846154 0.46033653846153844 0.1875 0.1971153846153846
2 0.7139423076923077 0.8509615384615384 0.16105769230769232 0.1658653846153846
2 0.6983173076923077 0.6875 0.17067307692307693 0.16346153846153846
3 0.6574519230769231 0.2403846153846154 0.19230769230769232 0.1971153846153846