3 0.6033653846153846 0.5108173076923077 0.21153846153846154 0.21153846153846154
3 0.6346153846153846 0.28725961538461536 0.20432692307692307 0.21634615384615385
2 0.5180288461538461 0.7151442307692307 0.17548076923076922 0.17548076923076922
2 0.4807692307692308 0.8894230769230769 0.17067307692307693 0.17548076923076922
3 0.45913461538461536 0.23798076923076922 0.21394230769230768 0.22355769230769232
3 0.4110576923076923 0.4831730769230769 0.21634615384615385 0.21634615384615385
2 0.3137019230769231 0.8810096153846154 0.17548076923076922 0.17548076923076922
2 0.33052884615384615 0.6850961538461539 0.18269230769230768 0.18269230769230768
2 0.15625 0.6742788461538461 0.19230769230769232 0.1875
2 0.1201923076923077 0.8569711538461539 0.18269230769230768 0.19230769230769232
3 0.2091346153846154 0.15745192307692307 0.24519230769230768 0.23798076923076922
3 0.15625 0.4651442307692308 0.2403846153846154 0.2283653846153846
3 0.8317307692307693 0.31850961538461536 0.19230769230769232 0.21394230769230768
3 0.7836538461538461 0.5276442307692307 0.19471153846153846 0.20192307692307693
2 0.6538461538461539 0.9026442307692307 0.16346153846153846 0.16826923076923078
2 0.6766826923076923 0.7307692307692307 0.16105769230769232 0.1658653846153846