2 0.7067307692307693 0.6887019230769231 0.15384615384615385 0.15865384615384615
3 0.3701923076923077 0.6334134615384616 0.1875 0.19471153846153846
3 0.5480769230769231 0.6189903846153846 0.18990384615384615 0.20192307692307693
2 0.23798076923076922 0.5240384615384616 0.16826923076923078 0.15625
2 0.7632211538461539 0.5709134615384616 0.15865384615384615 0.1466346153846154
2 0.3737980769230769 0.47836538461538464 0.15865384615384615 0.15865384615384615
3 0.6514423076923077 0.47836538461538464 0.1971153846153846 0.19951923076923078
2 0.2920673076923077 0.36778846153846156 0.16826923076923078 0.15625
3 0.5060096153846154 0.3798076923076923 0.1971153846153846 0.21153846153846154
2 0.6923076923076923 0.32572115384615385 0.1658653846153846 0.17067307692307693
2 0.20552884615384615 0.2283653846153846 0.17548076923076922 0.17307692307692307
3 0.3942307692307692 0.23197115384615385 0.22115384615384615 0.22115384615384615
3 0.5949519230769231 0.18870192307692307 0.20432692307692307 0.22115384615384615
2 0.40625 0.7764423076923077 0.15384615384615385 0.15384615384615385
3 0.5661057692307693 0.7788461538461539 0.19471153846153846 0.1971153846153846
3 0.19591346153846154 0.6694711538461539 0.21394230769230768 0.20673076923076922