3 0.6346153846153846 0.4074519230769231 0.17548076923076922 0.19230769230769232
3 0.8341346153846154 0.41346153846153844 0.18028846153846154 0.18990384615384615
3 0.2247596153846154 0.4266826923076923 0.1971153846153846 0.19471153846153846
3 0.44471153846153844 0.43149038461538464 0.18028846153846154 0.18028846153846154
2 0.18389423076923078 0.6730769230769231 0.16105769230769232 0.16105769230769232
2 0.421875 0.6862980769230769 0.15625 0.15625
2 0.7956730769230769 0.6899038461538461 0.1466346153846154 0.15144230769230768
2 0.6165865384615384 0.703125 0.15144230769230768 0.15625
2 0.18389423076923078 0.8882211538461539 0.16105769230769232 0.16105769230769232
2 0.40384615384615385 0.8858173076923077 0.15384615384615385 0.15625
2 0.6069711538461539 0.8882211538461539 0.15144230769230768 0.15625
2 0.8100961538461539 0.9014423076923077 0.16105769230769232 0.15384615384615385
3 0.44350961538461536 0.19591346153846154 0.1875 0.20192307692307693
3 0.22115384615384615 0.20192307692307693 0.20192307692307693 0.1971153846153846
3 0.8293269230769231 0.19471153846153846 0.18028846153846154 0.18509615384615385
3 0.6466346153846154 0.21394230769230768 0.18269230769230768 0.19471153846153846