3 0.7596153846153846 0.6802884615384616 0.20192307692307693 0.2091346153846154
3 0.5300480769230769 0.6658653846153846 0.20432692307692307 0.20432692307692307
2 0.0829326923076923 0.6141826923076923 0.16346153846153846 0.16826923076923078
2 0.2980769230769231 0.6081730769230769 0.16826923076923078 0.16346153846153846
3 0.7620192307692307 0.46033653846153844 0.20432692307692307 0.2091346153846154
3 0.5300480769230769 0.44711538461538464 0.2091346153846154 0.21394230769230768
2 0.2980769230769231 0.41586538461538464 0.17307692307692307 0.16826923076923078
2 0.09134615384615384 0.3894230769230769 0.18269230769230768 0.18269230769230768
3 0.7800480769230769 0.22115384615384615 0.2091346153846154 0.21634615384615385
3 0.5504807692307693 0.21033653846153846 0.20432692307692307 0.22115384615384615
2 0.3245192307692308 0.1971153846153846 0.17548076923076922 0.16826923076923078
2 0.09735576923076923 0.1778846153846154 0.18028846153846154 0.18028846153846154
3 0.7307692307692307 0.8918269230769231 0.19951923076923078 0.1971153846153846
3 0.5216346153846154 0.8774038461538461 0.20192307692307693 0.20432692307692307
2 0.27403846153846156 0.8329326923076923 0.16346153846153846 0.16346153846153846
2 0.08533653846153846 0.8100961538461539 0.16826923076923078 0.16346153846153846