3 0.328125 0.609375 0.21875 0.21634615384615385
3 0.36177884615384615 0.8425480769230769 0.22115384615384615 0.22115384615384615
2 0.31490384615384615 0.36658653846153844 0.18028846153846154 0.17548076923076922
2 0.30528846153846156 0.1935096153846154 0.18269230769230768 0.18269230769230768
3 0.5288461538461539 0.6021634615384616 0.22355769230769232 0.22355769230769232
3 0.5841346153846154 0.8305288461538461 0.23076923076923078 0.22596153846153846
2 0.5324519230769231 0.359375 0.1875 0.18269230769230768
2 0.5324519230769231 0.17548076923076922 0.1875 0.1875
3 0.8209134615384616 0.8605769230769231 0.23557692307692307 0.23076923076923078
3 0.7896634615384616 0.5889423076923077 0.24519230769230768 0.23317307692307693
2 0.7908653846153846 0.3401442307692308 0.19230769230769232 0.1875
2 0.796875 0.13822115384615385 0.1971153846153846 0.1875
3 0.12980769230769232 0.6490384615384616 0.21394230769230768 0.21875
3 0.15745192307692307 0.8473557692307693 0.20673076923076922 0.21153846153846154
2 0.11177884615384616 0.36778846153846156 0.17067307692307693 0.17067307692307693
2 0.109375 0.20192307692307693 0.17067307692307693 0.17067307692307693