3 0.6466346153846154 0.3581730769230769 0.21153846153846154 0.21153846153846154
2 0.34134615384615385 0.35216346153846156 0.17548076923076922 0.17548076923076922
2 0.14302884615384615 0.34615384615384615 0.18509615384615385 0.18028846153846154
3 0.8497596153846154 0.5733173076923077 0.21153846153846154 0.21153846153846154
3 0.6081730769230769 0.5528846153846154 0.21153846153846154 0.21634615384615385
2 0.33774038461538464 0.5540865384615384 0.1875 0.18028846153846154
2 0.12379807692307693 0.5685096153846154 0.19471153846153846 0.18028846153846154
3 0.8389423076923077 0.8064903846153846 0.21875 0.21875
3 0.6021634615384616 0.78125 0.22596153846153846 0.23557692307692307
2 0.3389423076923077 0.8064903846153846 0.18028846153846154 0.18990384615384615
2 0.11057692307692307 0.7992788461538461 0.18990384615384615 0.19471153846153846
3 0.8713942307692307 0.17548076923076922 0.20432692307692307 0.1971153846153846
3 0.6526442307692307 0.15745192307692307 0.19951923076923078 0.19951923076923078
2 0.14903846153846154 0.14182692307692307 0.18028846153846154 0.17548076923076922
2 0.36658653846153844 0.17307692307692307 0.1658653846153846 0.1658653846153846
3 0.8521634615384616 0.36177884615384615 0.21153846153846154 0.20673076923076922