2 0.5324519230769231 0.3918269230769231 0.1658653846153846 0.16105769230769232
2 0.5564903846153846 0.19951923076923078 0.16105769230769232 0.16105769230769232
2 0.4987980769230769 0.5805288461538461 0.17548076923076922 0.16826923076923078
2 0.46153846153846156 0.796875 0.16826923076923078 0.1658653846153846
1 0.33533653846153844 0.171875 0.18028846153846154 0.18028846153846154
1 0.3088942307692308 0.36538461538461536 0.18028846153846154 0.18269230769230768
1 0.28125 0.5697115384615384 0.1778846153846154 0.18509615384615385
1 0.24759615384615385 0.796875 0.18509615384615385 0.18509615384615385
1 0.13581730769230768 0.15625 0.17067307692307693 0.1658653846153846
1 0.0673076923076923 0.7872596153846154 0.1346153846153846 0.18509615384615385
1 0.07692307692307693 0.5432692307692307 0.15384615384615385 0.19230769230769232
1 0.09254807692307693 0.31850961538461536 0.1658653846153846 0.18269230769230768
2 0.7199519230769231 0.6322115384615384 0.17067307692307693 0.16826923076923078
2 0.7692307692307693 0.22115384615384615 0.17067307692307693 0.16105769230769232
2 0.6814903846153846 0.8569711538461539 0.17548076923076922 0.16826923076923078
2 0.7199519230769231 0.4387019230769231 0.17548076923076922 0.16346153846153846