2 0.3425480769230769 0.5084134615384616 0.1466346153846154 0.14182692307692307
1 0.3858173076923077 0.3701923076923077 0.1658653846153846 0.1658653846153846
2 0.3918269230769231 0.6430288461538461 0.1466346153846154 0.1466346153846154
1 0.4807692307692308 0.24759615384615385 0.16826923076923078 0.17307692307692307
1 0.48677884615384615 0.484375 0.1658653846153846 0.15625
2 0.5252403846153846 0.625 0.1466346153846154 0.1466346153846154
1 0.5913461538461539 0.3762019230769231 0.1658653846153846 0.1658653846153846
2 0.6334134615384616 0.23317307692307693 0.1466346153846154 0.1466346153846154
2 0.6117788461538461 0.7247596153846154 0.14182692307692307 0.14182692307692307
1 0.6346153846153846 0.5192307692307693 0.16105769230769232 0.16105769230769232
2 0.7295673076923077 0.40865384615384615 0.14182692307692307 0.14182692307692307
1 0.7259615384615384 0.6418269230769231 0.16105769230769232 0.16346153846153846
2 0.7704326923076923 0.27403846153846156 0.1466346153846154 0.1466346153846154
1 0.8197115384615384 0.5192307692307693 0.1658653846153846 0.16105769230769232
2 0.2403846153846154 0.41466346153846156 0.14182692307692307 0.1466346153846154
1 0.24639423076923078 0.6165865384615384 0.1658653846153846 0.15865384615384615