2 0.6009615384615384 0.5625 0.18269230769230768 0.17307692307692307
2 0.5649038461538461 0.7704326923076923 0.17548076923076922 0.17548076923076922
2 0.6286057692307693 0.39302884615384615 0.16346153846153846 0.15865384615384615
2 0.6586538461538461 0.21033653846153846 0.16826923076923078 0.15865384615384615
1 0.390625 0.7536057692307693 0.18509615384615385 0.1875
1 0.40625 0.5504807692307693 0.19230769230769232 0.1778846153846154
1 0.43149038461538464 0.3581730769230769 0.1875 0.1778846153846154
1 0.44591346153846156 0.18028846153846154 0.1875 0.18028846153846154
1 0.1971153846153846 0.7079326923076923 0.19471153846153846 0.19471153846153846
1 0.24158653846153846 0.3329326923076923 0.1971153846153846 0.18028846153846154
1 0.2091346153846154 0.5084134615384616 0.1971153846153846 0.18028846153846154
1 0.25240384615384615 0.15144230769230768 0.1875 0.17548076923076922
2 0.7596153846153846 0.8125 0.17067307692307693 0.16826923076923078
2 0.78125 0.6021634615384616 0.17307692307692307 0.16105769230769232
2 0.7908653846153846 0.4266826923076923 0.16826923076923078 0.16105769230769232
2 0.8233173076923077 0.23317307692307693 0.16826923076923078 0.16105769230769232