2 0.796875 0.5793269230769231 0.1658653846153846 0.15384615384615385
3 0.453125 0.6177884615384616 0.20432692307692307 0.20432692307692307
3 0.6201923076923077 0.5516826923076923 0.1971153846153846 0.20192307692307693
2 0.29447115384615385 0.5492788461538461 0.1658653846153846 0.15865384615384615
2 0.8137019230769231 0.4483173076923077 0.15625 0.15384615384615385
2 0.41466346153846156 0.4699519230769231 0.16346153846153846 0.16346153846153846
3 0.6778846153846154 0.38341346153846156 0.19951923076923078 0.20673076923076922
2 0.2956730769230769 0.3798076923076923 0.16826923076923078 0.19471153846153846
3 0.5096153846153846 0.3329326923076923 0.19951923076923078 0.21153846153846154
2 0.6706730769230769 0.21875 0.1658653846153846 0.1778846153846154
2 0.17908653846153846 0.2800480769230769 0.17548076923076922 0.18269230769230768
3 0.359375 0.2247596153846154 0.21394230769230768 0.22355769230769232
3 0.5360576923076923 0.12379807692307693 0.21153846153846154 0.22355769230769232
2 0.5372596153846154 0.7463942307692307 0.15625 0.15144230769230768
3 0.6862980769230769 0.7115384615384616 0.1971153846153846 0.18509615384615385
3 0.2980769230769231 0.7103365384615384 0.20673076923076922 0.19951923076923078