1 0.3713942307692308 0.32211538461538464 0.19230769230769232 0.1875
2 0.33533653846153844 0.7235576923076923 0.17307692307692307 0.18509615384615385
2 0.4495192307692308 0.4483173076923077 0.16105769230769232 0.1658653846153846
2 0.49399038461538464 0.21754807692307693 0.16105769230769232 0.16105769230769232
1 0.4831730769230769 0.6574519230769231 0.19230769230769232 0.1971153846153846
1 0.5829326923076923 0.36899038461538464 0.1971153846153846 0.1875
1 0.5456730769230769 0.8173076923076923 0.19230769230769232 0.1971153846153846
1 0.5829326923076923 0.5288461538461539 0.20192307692307693 0.19471153846153846
2 0.6454326923076923 0.22596153846153846 0.17067307692307693 0.16105769230769232
2 0.6418269230769231 0.6766826923076923 0.17307692307692307 0.17067307692307693
1 0.7451923076923077 0.41225961538461536 0.18269230769230768 0.1875
1 0.7548076923076923 0.5757211538461539 0.1875 0.1875
2 0.8942307692307693 0.5108173076923077 0.17307692307692307 0.16826923076923078
1 0.203125 0.6370192307692307 0.1971153846153846 0.1971153846153846
2 0.24519230769230768 0.4098557692307692 0.17067307692307693 0.17067307692307693
2 0.3293269230769231 0.5288461538461539 0.17307692307692307 0.17067307692307693