2 0.5889423076923077 0.42788461538461536 0.16826923076923078 0.17548076923076922
2 0.8100961538461539 0.44711538461538464 0.17307692307692307 0.17307692307692307
2 0.4098557692307692 0.41466346153846156 0.15625 0.16105769230769232
2 0.21514423076923078 0.40024038461538464 0.15384615384615385 0.1658653846153846
1 0.8088942307692307 0.6310096153846154 0.18509615384615385 0.1778846153846154
1 0.5949519230769231 0.6322115384615384 0.17307692307692307 0.1875
1 0.3918269230769231 0.6262019230769231 0.17307692307692307 0.18269230769230768
1 0.203125 0.6237980769230769 0.1778846153846154 0.18509615384615385
1 0.7776442307692307 0.8365384615384616 0.18990384615384615 0.18990384615384615
1 0.38100961538461536 0.8245192307692307 0.17307692307692307 0.19471153846153846
1 0.5673076923076923 0.8425480769230769 0.17307692307692307 0.19230769230769232
1 0.18990384615384615 0.8305288461538461 0.17307692307692307 0.18269230769230768
2 0.8377403846153846 0.23918269230769232 0.16826923076923078 0.17067307692307693
2 0.6129807692307693 0.23557692307692307 0.15865384615384615 0.17067307692307693
2 0.43028846153846156 0.2403846153846154 0.15625 0.1658653846153846
2 0.22355769230769232 0.2247596153846154 0.15625 0.1658653846153846