3 0.6502403846153846 0.5504807692307693 0.20673076923076922 0.2091346153846154
3 0.6646634615384616 0.7836538461538461 0.20192307692307693 0.2091346153846154
2 0.5853365384615384 0.34375 0.15865384615384615 0.16826923076923078
2 0.5697115384615384 0.15865384615384615 0.17067307692307693 0.1778846153846154
3 0.47475961538461536 0.8209134615384616 0.20192307692307693 0.22596153846153846
3 0.4543269230769231 0.5673076923076923 0.2091346153846154 0.20192307692307693
2 0.38822115384615385 0.1658653846153846 0.1778846153846154 0.17548076923076922
2 0.39663461538461536 0.36778846153846156 0.17548076923076922 0.17067307692307693
2 0.21995192307692307 0.36658653846153844 0.17548076923076922 0.17067307692307693
2 0.19951923076923078 0.18629807692307693 0.18269230769230768 0.18990384615384615
3 0.234375 0.8569711538461539 0.22115384615384615 0.22596153846153846
3 0.20432692307692307 0.5709134615384616 0.22596153846153846 0.21634615384615385
3 0.8521634615384616 0.5504807692307693 0.19471153846153846 0.19951923076923078
3 0.8641826923076923 0.7620192307692307 0.19951923076923078 0.19471153846153846
2 0.75 0.15144230769230768 0.16826923076923078 0.16346153846153846
2 0.75 0.3389423076923077 0.15144230769230768 0.16826923076923078