2 0.7632211538461539 0.5276442307692307 0.12980769230769232 0.16105769230769232
2 0.7175480769230769 0.30288461538461536 0.12980769230769232 0.16346153846153846
3 0.6646634615384616 0.640625 0.16346153846153846 0.21153846153846154
3 0.6586538461538461 0.45072115384615385 0.14903846153846154 0.1971153846153846
2 0.6141826923076923 0.8401442307692307 0.125 0.16346153846153846
2 0.5997596153846154 0.13581730769230768 0.1346153846153846 0.16346153846153846
3 0.578125 0.3016826923076923 0.15384615384615385 0.20432692307692307
3 0.5252403846153846 0.6802884615384616 0.16346153846153846 0.21153846153846154
2 0.5 0.8930288461538461 0.13221153846153846 0.17067307692307693
2 0.5372596153846154 0.5036057692307693 0.13221153846153846 0.17548076923076922
2 0.41225961538461536 0.7920673076923077 0.13701923076923078 0.18028846153846154
3 0.44350961538461536 0.3954326923076923 0.16826923076923078 0.21153846153846154
3 0.46274038461538464 0.18389423076923078 0.16826923076923078 0.21634615384615385
3 0.40384615384615385 0.5925480769230769 0.16346153846153846 0.21634615384615385
3 0.29086538461538464 0.45072115384615385 0.18028846153846154 0.22115384615384615
2 0.25841346153846156 0.6430288461538461 0.15144230769230768 0.18269230769230768