3 0.390625 0.6382211538461539 0.18509615384615385 0.17067307692307693
3 0.39663461538461536 0.8305288461538461 0.18269230769230768 0.17548076923076922
3 0.4098557692307692 0.2439903846153846 0.1875 0.18990384615384615
3 0.41466346153846156 0.4567307692307692 0.17548076923076922 0.17548076923076922
2 0.6454326923076923 0.203125 0.15625 0.15625
2 0.6598557692307693 0.4326923076923077 0.15144230769230768 0.15144230769230768
2 0.6646634615384616 0.7920673076923077 0.14903846153846154 0.14182692307692307
2 0.6754807692307693 0.6225961538461539 0.15144230769230768 0.1466346153846154
2 0.8533653846153846 0.20432692307692307 0.15625 0.15625
2 0.8521634615384616 0.41586538461538464 0.15144230769230768 0.14903846153846154
2 0.8545673076923077 0.6129807692307693 0.15144230769230768 0.1466346153846154
2 0.8677884615384616 0.8064903846153846 0.14903846153846154 0.15865384615384615
3 0.18629807692307693 0.4543269230769231 0.19471153846153846 0.18028846153846154
3 0.1935096153846154 0.23798076923076922 0.18990384615384615 0.19471153846153846
3 0.18629807692307693 0.8245192307692307 0.1778846153846154 0.17307692307692307
3 0.20432692307692307 0.6514423076923077 0.1875 0.17548076923076922