2 0.25841346153846156 0.6033653846153846 0.1466346153846154 0.14903846153846154
3 0.5697115384615384 0.6550480769230769 0.1778846153846154 0.18269230769230768
3 0.41947115384615385 0.5913461538461539 0.18028846153846154 0.1875
2 0.7199519230769231 0.5997596153846154 0.15865384615384615 0.1466346153846154
2 0.24519230769230768 0.4855769230769231 0.14903846153846154 0.13942307692307693
2 0.6117788461538461 0.5180288461538461 0.15144230769230768 0.15144230769230768
3 0.36899038461538464 0.4338942307692308 0.18509615384615385 0.1875
2 0.71875 0.4483173076923077 0.15865384615384615 0.14423076923076922
3 0.5264423076923077 0.3942307692307692 0.18509615384615385 0.1971153846153846
2 0.3798076923076923 0.28846153846153844 0.15625 0.16105769230769232
2 0.8341346153846154 0.35216346153846156 0.1658653846153846 0.16346153846153846
3 0.6706730769230769 0.296875 0.20673076923076922 0.20673076923076922
3 0.5048076923076923 0.20072115384615385 0.19230769230769232 0.2091346153846154
2 0.49399038461538464 0.7692307692307693 0.14423076923076922 0.14182692307692307
3 0.3557692307692308 0.7259615384615384 0.18269230769230768 0.18269230769230768
3 0.7115384615384616 0.7403846153846154 0.19951923076923078 0.19471153846153846