3 0.35697115384615385 0.38341346153846156 0.18990384615384615 0.20432692307692307
3 0.1622596153846154 0.37259615384615385 0.19471153846153846 0.20192307692307693
3 0.7572115384615384 0.4375 0.21153846153846154 0.2091346153846154
3 0.5408653846153846 0.4230769230769231 0.19230769230769232 0.19230769230769232
2 0.7740384615384616 0.6802884615384616 0.17067307692307693 0.17067307692307693
2 0.5420673076923077 0.6730769230769231 0.16346153846153846 0.16346153846153846
2 0.17668269230769232 0.6454326923076923 0.15625 0.15865384615384615
2 0.34975961538461536 0.6742788461538461 0.15865384615384615 0.16346153846153846
2 0.7572115384615384 0.890625 0.17067307692307693 0.17067307692307693
2 0.5432692307692307 0.8701923076923077 0.16105769230769232 0.16346153846153846
2 0.34375 0.8545673076923077 0.15865384615384615 0.16346153846153846
2 0.14543269230769232 0.8509615384615384 0.17067307692307693 0.16346153846153846
3 0.5625 0.1935096153846154 0.20192307692307693 0.21394230769230768
3 0.7800480769230769 0.21875 0.21634615384615385 0.21153846153846154
3 0.18509615384615385 0.15985576923076922 0.18990384615384615 0.19471153846153846
3 0.3629807692307692 0.19471153846153846 0.19471153846153846 0.20432692307692307