3 0.3954326923076923 0.3425480769230769 0.20673076923076922 0.20673076923076922
3 0.5793269230769231 0.359375 0.20432692307692307 0.19230769230769232
2 0.25240384615384615 0.4543269230769231 0.16826923076923078 0.16346153846153846
2 0.8125 0.4182692307692308 0.1658653846153846 0.15865384615384615
2 0.3954326923076923 0.5036057692307693 0.17307692307692307 0.16826923076923078
3 0.6850961538461539 0.515625 0.20192307692307693 0.2091346153846154
2 0.2980769230769231 0.6201923076923077 0.1778846153846154 0.1658653846153846
3 0.5240384615384616 0.6057692307692307 0.21153846153846154 0.2091346153846154
2 0.7247596153846154 0.6802884615384616 0.16826923076923078 0.17307692307692307
2 0.20673076923076922 0.7560096153846154 0.17307692307692307 0.17307692307692307
3 0.39903846153846156 0.7644230769230769 0.2283653846153846 0.22355769230769232
3 0.6105769230769231 0.8161057692307693 0.22355769230769232 0.22596153846153846
2 0.4483173076923077 0.18990384615384615 0.16346153846153846 0.15144230769230768
3 0.6081730769230769 0.18870192307692307 0.19230769230769232 0.19471153846153846
3 0.21514423076923078 0.29086538461538464 0.21394230769230768 0.1971153846153846
2 0.7572115384615384 0.2860576923076923 0.15865384615384615 0.15144230769230768