2 0.24639423076923078 0.33653846153846156 0.15384615384615385 0.14903846153846154
2 0.4795673076923077 0.3954326923076923 0.1346153846153846 0.13942307692307693
3 0.7115384615384616 0.4735576923076923 0.16105769230769232 0.16105769230769232
2 0.3713942307692308 0.4362980769230769 0.13942307692307693 0.13942307692307693
2 0.5949519230769231 0.5168269230769231 0.12980769230769232 0.13221153846153846
2 0.24278846153846154 0.46033653846153844 0.1466346153846154 0.1466346153846154
3 0.46634615384615385 0.53125 0.16826923076923078 0.16826923076923078
2 0.734375 0.6033653846153846 0.12259615384615384 0.12740384615384615
3 0.3269230769230769 0.5733173076923077 0.17307692307692307 0.17307692307692307
3 0.546875 0.6550480769230769 0.16346153846153846 0.1658653846153846
3 0.6706730769230769 0.7091346153846154 0.15144230769230768 0.16346153846153846
2 0.21995192307692307 0.6646634615384616 0.14903846153846154 0.14903846153846154
2 0.42908653846153844 0.7091346153846154 0.1346153846153846 0.13942307692307693
3 0.5480769230769231 0.8028846153846154 0.16346153846153846 0.17067307692307693
3 0.33052884615384615 0.8052884615384616 0.1778846153846154 0.1875
3 0.6057692307692307 0.3870192307692308 0.15865384615384615 0.17548076923076922