2 0.3425480769230769 0.6850961538461539 0.16105769230769232 0.1658653846153846
2 0.49158653846153844 0.6658653846153846 0.16105769230769232 0.16105769230769232
1 0.6502403846153846 0.6346153846153846 0.18028846153846154 0.1875
1 0.8161057692307693 0.5600961538461539 0.1875 0.2091346153846154
2 0.22235576923076922 0.5913461538461539 0.1658653846153846 0.15625
1 0.3737980769230769 0.5264423076923077 0.1778846153846154 0.1875
2 0.5360576923076923 0.5168269230769231 0.16105769230769232 0.16105769230769232
1 0.234375 0.43028846153846156 0.18028846153846154 0.1778846153846154
1 0.6262019230769231 0.3786057692307692 0.18028846153846154 0.18269230769230768
1 0.453125 0.3798076923076923 0.18269230769230768 0.1875
2 0.8076923076923077 0.3473557692307692 0.1778846153846154 0.1778846153846154
2 0.32091346153846156 0.2824519230769231 0.16826923076923078 0.16105769230769232
1 0.6959134615384616 0.20673076923076922 0.18269230769230768 0.18990384615384615
2 0.5024038461538461 0.2127403846153846 0.1658653846153846 0.17307692307692307
2 0.5793269230769231 0.7920673076923077 0.16826923076923078 0.17548076923076922
1 0.7728365384615384 0.7680288461538461 0.19951923076923078 0.1875