2 0.19831730769230768 0.3557692307692308 0.18028846153846154 0.17067307692307693
3 0.5588942307692307 0.43028846153846156 0.22355769230769232 0.22355769230769232
3 0.36899038461538464 0.4411057692307692 0.21394230769230768 0.22115384615384615
2 0.6959134615384616 0.5504807692307693 0.18269230769230768 0.17548076923076922
2 0.13822115384615385 0.4831730769230769 0.17067307692307693 0.1658653846153846
2 0.5480769230769231 0.5925480769230769 0.1778846153846154 0.1778846153846154
3 0.2548076923076923 0.5925480769230769 0.21875 0.22596153846153846
2 0.6394230769230769 0.7223557692307693 0.18509615384615385 0.21153846153846154
3 0.40865384615384615 0.6995192307692307 0.21875 0.23076923076923078
2 0.20793269230769232 0.7620192307692307 0.18028846153846154 0.19471153846153846
2 0.7259615384615384 0.8605769230769231 0.19230769230769232 0.20192307692307693
3 0.5252403846153846 0.8581730769230769 0.23317307692307693 0.24278846153846154
3 0.3161057692307692 0.8846153846153846 0.22596153846153846 0.2091346153846154
2 0.515625 0.27163461538461536 0.17067307692307693 0.16346153846153846
3 0.35336538461538464 0.25841346153846156 0.21394230769230768 0.20432692307692307
3 0.7463942307692307 0.3870192307692308 0.22596153846153846 0.21875