3 0.47836538461538464 0.6838942307692307 0.22355769230769232 0.2091346153846154
3 0.5192307692307693 0.8846153846153846 0.22115384615384615 0.21634615384615385
3 0.4230769230769231 0.2620192307692308 0.2283653846153846 0.23076923076923078
3 0.46875 0.48677884615384615 0.21394230769230768 0.21394230769230768
2 0.6658653846153846 0.17427884615384615 0.1875 0.1875
2 0.7235576923076923 0.41586538461538464 0.18269230769230768 0.18269230769230768
2 0.7956730769230769 0.7944711538461539 0.18028846153846154 0.17307692307692307
2 0.7752403846153846 0.6117788461538461 0.18028846153846154 0.1778846153846154
2 0.8762019230769231 0.13822115384615385 0.16826923076923078 0.18509615384615385
2 0.9134615384615384 0.3629807692307692 0.16346153846153846 0.1778846153846154
2 0.9362980769230769 0.5721153846153846 0.12740384615384615 0.17307692307692307
2 0.9603365384615384 0.7752403846153846 0.07932692307692307 0.18509615384615385
3 0.22716346153846154 0.5276442307692307 0.23317307692307693 0.22115384615384615
3 0.19230769230769232 0.2956730769230769 0.23076923076923078 0.23557692307692307
3 0.29447115384615385 0.90625 0.21394230769230768 0.1875
3 0.2824519230769231 0.7319711538461539 0.22596153846153846 0.21634615384615385