2 0.6634615384615384 0.09014423076923077 0.16346153846153846 0.17307692307692307
1 0.7079326923076923 0.4387019230769231 0.19230769230769232 0.19230769230769232
2 0.7079326923076923 0.6983173076923077 0.16826923076923078 0.17548076923076922
2 0.7247596153846154 0.8521634615384616 0.1658653846153846 0.17548076923076922
2 0.6069711538461539 0.22596153846153846 0.17548076923076922 0.17548076923076922
1 0.5600961538461539 0.3762019230769231 0.19230769230769232 0.19471153846153846
2 0.5096153846153846 0.09134615384615384 0.18269230769230768 0.18269230769230768
2 0.5769230769230769 0.5300480769230769 0.17067307692307693 0.18028846153846154
1 0.5552884615384616 0.6923076923076923 0.19230769230769232 0.19230769230769232
1 0.5709134615384616 0.8605769230769231 0.19951923076923078 0.20192307692307693
1 0.4483173076923077 0.24639423076923078 0.19471153846153846 0.20192307692307693
1 0.4110576923076923 0.4639423076923077 0.19951923076923078 0.20192307692307693
2 0.41586538461538464 0.6286057692307693 0.18269230769230768 0.18509615384615385
1 0.28725961538461536 0.1658653846153846 0.20432692307692307 0.21394230769230768
2 0.30528846153846156 0.3329326923076923 0.18509615384615385 0.18269230769230768
1 0.37259615384615385 0.8125 0.21153846153846154 0.20432692307692307
1 0.24278846153846154 0.6153846153846154 0.22355769230769232 0.21394230769230768
2 0.1502403846153846 0.27403846153846156 0.19471153846153846 0.18269230769230768
1 0.17307692307692307 0.44591346153846156 0.22355769230769232 0.20673076923076922
1 0.9038461538461539 0.24759615384615385 0.1466346153846154 0.17548076923076922
2 0.9242788461538461 0.5348557692307693 0.15144230769230768 0.1658653846153846
1 0.8665865384615384 0.39783653846153844 0.1778846153846154 0.18509615384615385
2 0.8040865384615384 0.14423076923076922 0.15144230769230768 0.1658653846153846
2 0.8461538461538461 0.6983173076923077 0.16105769230769232 0.1658653846153846
1 0.75 0.2848557692307692 0.1875 0.18990384615384615
2 0.7860576923076923 0.5697115384615384 0.16346153846153846 0.1658653846153846