1 0.6322115384615384 0.30408653846153844 0.1778846153846154 0.18028846153846154
2 0.2283653846153846 0.33052884615384615 0.17548076923076922 0.16346153846153846
2 0.5192307692307693 0.4014423076923077 0.15384615384615385 0.14903846153846154
2 0.7536057692307693 0.40865384615384615 0.14903846153846154 0.14903846153846154
1 0.3161057692307692 0.4651442307692308 0.1875 0.18269230769230768
1 0.6201923076923077 0.5216346153846154 0.1778846153846154 0.18509615384615385
1 0.16706730769230768 0.5552884615384616 0.18509615384615385 0.18269230769230768
1 0.46033653846153844 0.546875 0.18269230769230768 0.18990384615384615
2 0.7704326923076923 0.5576923076923077 0.14903846153846154 0.15865384615384615
2 0.32211538461538464 0.6262019230769231 0.15865384615384615 0.16346153846153846
1 0.6009615384615384 0.6875 0.17307692307692307 0.16826923076923078
1 0.4387019230769231 0.7211538461538461 0.17307692307692307 0.17548076923076922
2 0.5264423076923077 0.8533653846153846 0.15865384615384615 0.16346153846153846
1 0.29447115384615385 0.18629807692307693 0.18990384615384615 0.18509615384615385
2 0.5240384615384616 0.18990384615384615 0.16346153846153846 0.15865384615384615
2 0.4206730769230769 0.2920673076923077 0.15865384615384615 0.16346153846153846