2 0.7908653846153846 0.6274038461538461 0.14423076923076922 0.14423076923076922
2 0.4651442307692308 0.6129807692307693 0.14423076923076922 0.13701923076923078
2 0.14903846153846154 0.6045673076923077 0.14903846153846154 0.13942307692307693
1 0.6346153846153846 0.5973557692307693 0.15384615384615385 0.14903846153846154
2 0.27884615384615385 0.5492788461538461 0.14423076923076922 0.1346153846153846
1 0.8978365384615384 0.5024038461538461 0.15865384615384615 0.16346153846153846
2 0.7439903846153846 0.49399038461538464 0.13942307692307693 0.14182692307692307
1 0.4098557692307692 0.47716346153846156 0.15865384615384615 0.15865384615384615
1 0.09014423076923077 0.46274038461538464 0.17307692307692307 0.16346153846153846
1 0.5757211538461539 0.4579326923076923 0.16346153846153846 0.16346153846153846
2 0.24158653846153846 0.4050480769230769 0.15384615384615385 0.14903846153846154
1 0.7019230769230769 0.3485576923076923 0.15865384615384615 0.17307692307692307
2 0.49038461538461536 0.33653846153846156 0.14903846153846154 0.1466346153846154
1 0.8762019230769231 0.2920673076923077 0.16826923076923078 0.17307692307692307
1 0.328125 0.2860576923076923 0.16826923076923078 0.1875
2 0.140625 0.2764423076923077 0.15144230769230768 0.15384615384615385
1 0.6141826923076923 0.20432692307692307 0.16826923076923078 0.1778846153846154
2 0.45072115384615385 0.18389423076923078 0.14423076923076922 0.15865384615384615
2 0.7716346153846154 0.16466346153846154 0.15865384615384615 0.16346153846153846
1 0.5552884615384616 0.8581730769230769 0.15384615384615385 0.13942307692307693
2 0.3161057692307692 0.8485576923076923 0.13942307692307693 0.12980769230769232
1 0.4326923076923077 0.7716346153846154 0.15384615384615385 0.14423076923076922
1 0.16947115384615385 0.7415865384615384 0.15384615384615385 0.14423076923076922
2 0.7091346153846154 0.7307692307692307 0.14423076923076922 0.1346153846153846
2 0.5709134615384616 0.7163461538461539 0.13701923076923078 0.1346153846153846
1 0.3112980769230769 0.6814903846153846 0.15865384615384615 0.14903846153846154