2 0.46634615384615385 0.24158653846153846 0.16105769230769232 0.13221153846153846
2 0.6947115384615384 0.28365384615384615 0.1658653846153846 0.13221153846153846
3 0.35216346153846156 0.34615384615384615 0.21394230769230768 0.16826923076923078
3 0.5456730769230769 0.34615384615384615 0.20192307692307693 0.15625
2 0.15144230769230768 0.4014423076923077 0.16826923076923078 0.12980769230769232
2 0.8665865384615384 0.4014423076923077 0.16826923076923078 0.13701923076923078
3 0.6983173076923077 0.4266826923076923 0.21153846153846154 0.15865384615384615
3 0.3137019230769231 0.4855769230769231 0.21394230769230768 0.16826923076923078
2 0.09975961538461539 0.5180288461538461 0.17307692307692307 0.13701923076923078
2 0.49399038461538464 0.4699519230769231 0.1778846153846154 0.1346153846153846
2 0.203125 0.6021634615384616 0.18509615384615385 0.13942307692307693
3 0.6069711538461539 0.5637019230769231 0.21875 0.17307692307692307
3 0.8197115384615384 0.5396634615384616 0.21875 0.17307692307692307
3 0.40625 0.6105769230769231 0.21875 0.16826923076923078
3 0.5528846153846154 0.71875 0.23076923076923078 0.18509615384615385
2 0.3581730769230769 0.7572115384615384 0.18990384615384615 0.15865384615384615