3 0.6634615384615384 0.39903846153846156 0.16826923076923078 0.16826923076923078
3 0.6370192307692307 0.5612980769230769 0.15865384615384615 0.16826923076923078
2 0.5769230769230769 0.2668269230769231 0.1346153846153846 0.13942307692307693
2 0.5709134615384616 0.7632211538461539 0.1346153846153846 0.13942307692307693
2 0.5216346153846154 0.3894230769230769 0.13942307692307693 0.14423076923076922
3 0.4963942307692308 0.6442307692307693 0.17307692307692307 0.16826923076923078
2 0.4266826923076923 0.2956730769230769 0.1346153846153846 0.14903846153846154
3 0.4230769230769231 0.49759615384615385 0.17307692307692307 0.17307692307692307
2 0.34615384615384615 0.6694711538461539 0.14423076923076922 0.13942307692307693
2 0.3112980769230769 0.20793269230769232 0.14423076923076922 0.14423076923076922
3 0.2932692307692308 0.3762019230769231 0.18509615384615385 0.18990384615384615
3 0.234375 0.5600961538461539 0.18990384615384615 0.18509615384615385
2 0.796875 0.45552884615384615 0.125 0.1346153846153846
3 0.7860576923076923 0.5973557692307693 0.16346153846153846 0.15865384615384615
3 0.7235576923076923 0.2439903846153846 0.16346153846153846 0.1778846153846154
2 0.6947115384615384 0.7211538461538461 0.125 0.12980769230769232