2 0.5769230769230769 0.5456730769230769 0.15144230769230768 0.15625
2 0.7512019230769231 0.5180288461538461 0.15144230769230768 0.15144230769230768
2 0.40024038461538464 0.5637019230769231 0.15865384615384615 0.1658653846153846
2 0.20072115384615385 0.5853365384615384 0.15625 0.15625
1 0.71875 0.3173076923076923 0.16826923076923078 0.16826923076923078
1 0.5432692307692307 0.3425480769230769 0.17067307692307693 0.16826923076923078
1 0.3557692307692308 0.3701923076923077 0.17307692307692307 0.16826923076923078
1 0.1466346153846154 0.39663461538461536 0.17307692307692307 0.17307692307692307
1 0.6826923076923077 0.13701923076923078 0.16105769230769232 0.16105769230769232
1 0.10096153846153846 0.21033653846153846 0.17548076923076922 0.18028846153846154
1 0.32572115384615385 0.16706730769230768 0.18509615384615385 0.17548076923076922
1 0.5276442307692307 0.1310096153846154 0.17307692307692307 0.17307692307692307
2 0.4110576923076923 0.7704326923076923 0.15625 0.15865384615384615
2 0.7860576923076923 0.7103365384615384 0.15384615384615385 0.16105769230769232
2 0.20432692307692307 0.7932692307692307 0.15865384615384615 0.16346153846153846
2 0.5829326923076923 0.7223557692307693 0.15384615384615385 0.16346153846153846