3 0.6502403846153846 0.3713942307692308 0.20432692307692307 0.2091346153846154
2 0.6706730769230769 0.65625 0.16826923076923078 0.16826923076923078
2 0.6862980769230769 0.8425480769230769 0.17548076923076922 0.18028846153846154
3 0.4387019230769231 0.19230769230769232 0.2091346153846154 0.2091346153846154
3 0.47115384615384615 0.4182692307692308 0.2091346153846154 0.2091346153846154
2 0.48197115384615385 0.6706730769230769 0.17548076923076922 0.18028846153846154
2 0.4795673076923077 0.8701923076923077 0.17548076923076922 0.18990384615384615
3 0.22115384615384615 0.21394230769230768 0.21394230769230768 0.21394230769230768
3 0.25600961538461536 0.4338942307692308 0.2283653846153846 0.22115384615384615
2 0.24639423076923078 0.6814903846153846 0.18509615384615385 0.17548076923076922
2 0.2644230769230769 0.8954326923076923 0.19230769230769232 0.1875
3 0.8100961538461539 0.15264423076923078 0.19471153846153846 0.20192307692307693
3 0.8389423076923077 0.35697115384615385 0.19230769230769232 0.1971153846153846
2 0.8762019230769231 0.8269230769230769 0.16826923076923078 0.17307692307692307
2 0.8377403846153846 0.625 0.16346153846153846 0.16346153846153846
3 0.6370192307692307 0.18028846153846154 0.20192307692307693 0.20673076923076922