2 0.14543269230769232 0.39783653846153844 0.17548076923076922 0.17548076923076922
2 0.5 0.375 0.17307692307692307 0.1658653846153846
2 0.84375 0.3485576923076923 0.1778846153846154 0.17067307692307693
1 0.31971153846153844 0.41225961538461536 0.18509615384615385 0.18028846153846154
2 0.7103365384615384 0.4230769230769231 0.17307692307692307 0.16346153846153846
1 0.06850961538461539 0.5396634615384616 0.13701923076923078 0.18990384615384615
2 0.21153846153846154 0.5336538461538461 0.16826923076923078 0.16826923076923078
1 0.5757211538461539 0.5144230769230769 0.18990384615384615 0.18990384615384615
1 0.9110576923076923 0.4963942307692308 0.1778846153846154 0.19471153846153846
1 0.39783653846153844 0.5564903846153846 0.19471153846153846 0.19471153846153846
2 0.7680288461538461 0.5733173076923077 0.18509615384615385 0.18028846153846154
1 0.27403846153846156 0.6875 0.19230769230769232 0.20673076923076922
2 0.5048076923076923 0.6754807692307693 0.18028846153846154 0.17548076923076922
1 0.10576923076923077 0.7704326923076923 0.1778846153846154 0.20192307692307693
1 0.6875 0.7151442307692307 0.20673076923076922 0.22596153846153846
2 0.8918269230769231 0.7043269230769231 0.18269230769230768 0.18509615384615385
1 0.3858173076923077 0.8365384615384616 0.20432692307692307 0.21634615384615385
2 0.5661057692307693 0.8377403846153846 0.17548076923076922 0.18990384615384615
2 0.21875 0.8978365384615384 0.18990384615384615 0.1971153846153846
1 0.375 0.11899038461538461 0.18269230769230768 0.17067307692307693
2 0.6358173076923077 0.09975961538461539 0.16826923076923078 0.15625
1 0.5180288461538461 0.1971153846153846 0.18509615384615385 0.17548076923076922
1 0.8052884615384616 0.19951923076923078 0.1875 0.17548076923076922
2 0.22235576923076922 0.27524038461538464 0.17307692307692307 0.16346153846153846
2 0.3737980769230769 0.27283653846153844 0.16346153846153846 0.16105769230769232
1 0.6598557692307693 0.28365384615384615 0.18990384615384615 0.18028846153846154