2 0.2932692307692308 0.3798076923076923 0.16105769230769232 0.16346153846153846
2 0.44711538461538464 0.3942307692307692 0.15625 0.16105769230769232
1 0.6081730769230769 0.421875 0.1778846153846154 0.18509615384615385
1 0.7800480769230769 0.4891826923076923 0.18509615384615385 0.20432692307692307
2 0.171875 0.47836538461538464 0.16346153846153846 0.15625
1 0.3317307692307692 0.5420673076923077 0.17548076923076922 0.18509615384615385
2 0.4963942307692308 0.5444711538461539 0.15625 0.15625
1 0.1935096153846154 0.6454326923076923 0.1778846153846154 0.17548076923076922
1 0.5925480769230769 0.6814903846153846 0.1778846153846154 0.18028846153846154
1 0.4182692307692308 0.6875 0.18028846153846154 0.18509615384615385
2 0.7824519230769231 0.7079326923076923 0.17548076923076922 0.17548076923076922
2 0.28725961538461536 0.7920673076923077 0.16346153846153846 0.16105769230769232
1 0.671875 0.8569711538461539 0.18028846153846154 0.18509615384615385
2 0.47596153846153844 0.8569711538461539 0.16105769230769232 0.17067307692307693
2 0.53125 0.2608173076923077 0.16346153846153846 0.17548076923076922
1 0.7283653846153846 0.27884615384615385 0.1971153846153846 0.18509615384615385