2 0.8317307692307693 0.41947115384615385 0.17067307692307693 0.17067307692307693
2 0.4963942307692308 0.3798076923076923 0.16826923076923078 0.16346153846153846
2 0.17067307692307693 0.33774038461538464 0.17548076923076922 0.1658653846153846
1 0.6670673076923077 0.42427884615384615 0.18028846153846154 0.1778846153846154
2 0.29447115384615385 0.41466346153846156 0.16826923076923078 0.16105769230769232
1 0.9134615384615384 0.5625 0.17307692307692307 0.19230769230769232
2 0.7620192307692307 0.5456730769230769 0.1658653846153846 0.16826923076923078
1 0.4182692307692308 0.5072115384615384 0.1875 0.1875
1 0.09375 0.4735576923076923 0.1875 0.1971153846153846
1 0.5829326923076923 0.5564903846153846 0.19230769230769232 0.19471153846153846
2 0.23317307692307693 0.5540865384615384 0.18028846153846154 0.1778846153846154
1 0.6947115384615384 0.6875 0.18990384615384615 0.20432692307692307
2 0.47596153846153844 0.6646634615384616 0.17548076923076922 0.17548076923076922
1 0.8641826923076923 0.7752403846153846 0.20192307692307693 0.20432692307692307
1 0.30288461538461536 0.6923076923076923 0.20432692307692307 0.22115384615384615
2 0.10817307692307693 0.6730769230769231 0.18269230769230768 0.18269230769230768
1 0.5817307692307693 0.8233173076923077 0.20192307692307693 0.2091346153846154
2 0.4110576923076923 0.8149038461538461 0.17307692307692307 0.18509615384615385
2 0.7355769230769231 0.8894230769230769 0.1875 0.19471153846153846
1 0.6274038461538461 0.14423076923076922 0.18028846153846154 0.16826923076923078
2 0.38100961538461536 0.1141826923076923 0.16346153846153846 0.15625
1 0.4879807692307692 0.21153846153846154 0.18028846153846154 0.17307692307692307
1 0.21514423076923078 0.19951923076923078 0.18509615384615385 0.17307692307692307
2 0.7644230769230769 0.29927884615384615 0.16826923076923078 0.16105769230769232
2 0.6213942307692307 0.28966346153846156 0.16105769230769232 0.16105769230769232
1 0.3485576923076923 0.2848557692307692 0.18509615384615385 0.1778846153846154