2 0.6694711538461539 0.25961538461538464 0.16105769230769232 0.15865384615384615
2 0.6009615384615384 0.6225961538461539 0.15865384615384615 0.15144230769230768
2 0.625 0.45552884615384615 0.15144230769230768 0.15144230769230768
2 0.5540865384615384 0.7956730769230769 0.15144230769230768 0.1466346153846154
1 0.46875 0.1971153846153846 0.1658653846153846 0.17067307692307693
1 0.3473557692307692 0.7704326923076923 0.16826923076923078 0.17067307692307693
1 0.40865384615384615 0.38221153846153844 0.17548076923076922 0.1658653846153846
1 0.35697115384615385 0.5625 0.1658653846153846 0.16346153846153846
1 0.2764423076923077 0.1466346153846154 0.18028846153846154 0.16826923076923078
1 0.16105769230769232 0.734375 0.1778846153846154 0.17067307692307693
1 0.22355769230769232 0.3389423076923077 0.16826923076923078 0.16826923076923078
1 0.18870192307692307 0.5324519230769231 0.1658653846153846 0.16346153846153846
2 0.8353365384615384 0.28966346153846156 0.14903846153846154 0.14903846153846154
2 0.7764423076923077 0.4807692307692308 0.15865384615384615 0.15144230769230768
2 0.7103365384615384 0.8173076923076923 0.15865384615384615 0.1466346153846154
2 0.7367788461538461 0.6394230769230769 0.15625 0.15625