2 0.2439903846153846 0.46033653846153844 0.13221153846153846 0.1658653846153846
2 0.3449519230769231 0.2548076923076923 0.13701923076923078 0.17067307692307693
1 0.31490384615384615 0.5949519230769231 0.18269230769230768 0.21394230769230768
1 0.3641826923076923 0.4074519230769231 0.17307692307692307 0.21634615384615385
2 0.31490384615384615 0.796875 0.13942307692307693 0.18028846153846154
2 0.5024038461538461 0.125 0.14903846153846154 0.1778846153846154
1 0.4831730769230769 0.2920673076923077 0.1778846153846154 0.21394230769230768
1 0.4362980769230769 0.6658653846153846 0.1778846153846154 0.21875
2 0.4050480769230769 0.8762019230769231 0.13942307692307693 0.17548076923076922
2 0.4675480769230769 0.4951923076923077 0.13942307692307693 0.17548076923076922
2 0.5168269230769231 0.8004807692307693 0.15144230769230768 0.18990384615384615
1 0.5877403846153846 0.4050480769230769 0.18509615384615385 0.2283653846153846
1 0.6225961538461539 0.20673076923076922 0.18028846153846154 0.22355769230769232
1 0.578125 0.6117788461538461 0.18028846153846154 0.21875
1 0.7163461538461539 0.5084134615384616 0.18990384615384615 0.2283653846153846
2 0.6971153846153846 0.7007211538461539 0.15384615384615385 0.18990384615384615