2 0.5817307692307693 0.33653846153846156 0.15625 0.16105769230769232
1 0.4230769230769231 0.36658653846153844 0.18269230769230768 0.18269230769230768
2 0.7211538461538461 0.4050480769230769 0.16105769230769232 0.16105769230769232
1 0.2800480769230769 0.4579326923076923 0.19230769230769232 0.18269230769230768
1 0.5384615384615384 0.49158653846153844 0.17307692307692307 0.18028846153846154
2 0.6862980769230769 0.5492788461538461 0.16105769230769232 0.16346153846153846
1 0.4050480769230769 0.59375 0.18269230769230768 0.18269230769230768
2 0.2439903846153846 0.6225961538461539 0.16105769230769232 0.16346153846153846
2 0.7884615384615384 0.6574519230769231 0.15625 0.15625
1 0.5576923076923077 0.6598557692307693 0.1778846153846154 0.1778846153846154
2 0.4266826923076923 0.75 0.15625 0.15625
1 0.6814903846153846 0.7716346153846154 0.18269230769230768 0.1778846153846154
2 0.27524038461538464 0.7800480769230769 0.16105769230769232 0.16346153846153846
1 0.5384615384615384 0.8605769230769231 0.1778846153846154 0.18269230769230768
2 0.49038461538461536 0.2127403846153846 0.16105769230769232 0.15625
1 0.7115384615384616 0.24278846153846154 0.1778846153846154 0.18269230769230768