3 0.4074519230769231 0.35697115384615385 0.19230769230769232 0.19230769230769232
3 0.5793269230769231 0.3701923076923077 0.19230769230769232 0.18028846153846154
2 0.2764423076923077 0.46033653846153844 0.16105769230769232 0.15625
2 0.7992788461538461 0.4206730769230769 0.15384615384615385 0.15144230769230768
2 0.4098557692307692 0.5072115384615384 0.1658653846153846 0.15625
3 0.6802884615384616 0.5108173076923077 0.19230769230769232 0.1971153846153846
2 0.32091346153846156 0.6153846153846154 0.17067307692307693 0.15625
3 0.5324519230769231 0.5997596153846154 0.1971153846153846 0.1971153846153846
2 0.7199519230769231 0.6670673076923077 0.15625 0.1658653846153846
2 0.23798076923076922 0.7451923076923077 0.1658653846153846 0.16346153846153846
3 0.4170673076923077 0.7475961538461539 0.21634615384615385 0.21153846153846154
3 0.6165865384615384 0.7944711538461539 0.21153846153846154 0.21394230769230768
2 0.453125 0.21153846153846154 0.15384615384615385 0.1466346153846154
3 0.6033653846153846 0.21033653846153846 0.18269230769230768 0.1875
3 0.23918269230769232 0.3076923076923077 0.20432692307692307 0.18990384615384615
2 0.7439903846153846 0.29447115384615385 0.14903846153846154 0.14423076923076922