3 0.3473557692307692 0.5228365384615384 0.21634615384615385 0.21875
2 0.3137019230769231 0.1971153846153846 0.16826923076923078 0.17067307692307693
2 0.3605769230769231 0.35216346153846156 0.17548076923076922 0.16826923076923078
2 0.43509615384615385 0.828125 0.17307692307692307 0.1778846153846154
2 0.4206730769230769 0.6646634615384616 0.16346153846153846 0.16826923076923078
3 0.47596153846153844 0.23076923076923078 0.21875 0.22115384615384615
3 0.5060096153846154 0.42908653846153844 0.21875 0.22115384615384615
3 0.5829326923076923 0.7632211538461539 0.21634615384615385 0.22596153846153846
2 0.5600961538461539 0.5913461538461539 0.18269230769230768 0.19471153846153846
2 0.6442307692307693 0.29086538461538464 0.1875 0.1778846153846154
3 0.6899038461538461 0.47115384615384615 0.21875 0.22115384615384615
3 0.7548076923076923 0.6646634615384616 0.22596153846153846 0.21875
2 0.18269230769230768 0.47716346153846156 0.16826923076923078 0.16346153846153846
2 0.2091346153846154 0.6225961538461539 0.16346153846153846 0.17067307692307693
3 0.203125 0.3161057692307692 0.20192307692307693 0.21634615384615385
3 0.27283653846153844 0.7752403846153846 0.21634615384615385 0.21394230769230768