2 0.6935096153846154 0.22235576923076922 0.13942307692307693 0.14903846153846154
1 0.6514423076923077 0.5300480769230769 0.16346153846153846 0.16346153846153846
2 0.5925480769230769 0.7512019230769231 0.14423076923076922 0.1466346153846154
2 0.5721153846153846 0.8870192307692307 0.14182692307692307 0.1466346153846154
2 0.6153846153846154 0.3245192307692308 0.14903846153846154 0.15144230769230768
1 0.5396634615384616 0.4423076923076923 0.16346153846153846 0.1658653846153846
2 0.5612980769230769 0.1875 0.15384615384615385 0.15865384615384615
2 0.5180288461538461 0.578125 0.14423076923076922 0.15384615384615385
1 0.46274038461538464 0.7115384615384616 0.16346153846153846 0.16346153846153846
1 0.4387019230769231 0.8581730769230769 0.17067307692307693 0.17307692307692307
1 0.47475961538461536 0.30649038461538464 0.1658653846153846 0.17307692307692307
1 0.39302884615384615 0.484375 0.17067307692307693 0.17307692307692307
2 0.3581730769230769 0.625 0.15384615384615385 0.15865384615384615
1 0.3545673076923077 0.20072115384615385 0.17548076923076922 0.18269230769230768
2 0.3329326923076923 0.3473557692307692 0.15865384615384615 0.15384615384615385
1 0.2800480769230769 0.7716346153846154 0.18028846153846154 0.17548076923076922
1 0.21394230769230768 0.5733173076923077 0.18990384615384615 0.18028846153846154
2 0.2127403846153846 0.2620192307692308 0.16826923076923078 0.15384615384615385
1 0.19230769230769232 0.41346153846153844 0.1875 0.17307692307692307
1 0.8774038461538461 0.41225961538461536 0.15144230769230768 0.15625
2 0.8137019230769231 0.6610576923076923 0.12740384615384615 0.14182692307692307
1 0.7980769230769231 0.53125 0.15144230769230768 0.15865384615384615
2 0.8016826923076923 0.29927884615384615 0.12740384615384615 0.14182692307692307
2 0.7103365384615384 0.7836538461538461 0.1346153846153846 0.14182692307692307
1 0.7223557692307693 0.40865384615384615 0.15865384615384615 0.16105769230769232
2 0.6887019230769231 0.6598557692307693 0.13701923076923078 0.14182692307692307