3 0.5997596153846154 0.6814903846153846 0.19471153846153846 0.19471153846153846
3 0.42908653846153844 0.6274038461538461 0.19471153846153846 0.18028846153846154
2 0.7548076923076923 0.609375 0.16105769230769232 0.15625
2 0.22115384615384615 0.5276442307692307 0.15865384615384615 0.15384615384615385
2 0.6286057692307693 0.5300480769230769 0.1658653846153846 0.15865384615384615
3 0.359375 0.46634615384615385 0.19230769230769232 0.1971153846153846
2 0.7451923076923077 0.44350961538461536 0.17307692307692307 0.15865384615384615
3 0.5300480769230769 0.4098557692307692 0.19951923076923078 0.19951923076923078
2 0.35697115384615385 0.3016826923076923 0.15865384615384615 0.1658653846153846
2 0.8557692307692307 0.3329326923076923 0.16826923076923078 0.16346153846153846
3 0.6778846153846154 0.29086538461538464 0.21875 0.21153846153846154
3 0.49158653846153844 0.19831730769230768 0.21153846153846154 0.21634615384615385
2 0.5204326923076923 0.8149038461538461 0.15384615384615385 0.14423076923076922
3 0.36778846153846156 0.7824519230769231 0.18509615384615385 0.1875
3 0.7536057692307693 0.7668269230769231 0.20432692307692307 0.18990384615384615
2 0.25 0.6658653846153846 0.1466346153846154 0.1466346153846154