2 0.8209134615384616 0.5745192307692307 0.16105769230769232 0.16346153846153846
2 0.4050480769230769 0.5877403846153846 0.15144230769230768 0.16346153846153846
2 0.5925480769230769 0.5757211538461539 0.15144230769230768 0.15144230769230768
2 0.20552884615384615 0.5841346153846154 0.1466346153846154 0.15625
1 0.8353365384615384 0.33774038461538464 0.17548076923076922 0.16826923076923078
1 0.18269230769230768 0.35336538461538464 0.17548076923076922 0.17067307692307693
1 0.6177884615384616 0.32211538461538464 0.16826923076923078 0.18028846153846154
1 0.41225961538461536 0.3112980769230769 0.16346153846153846 0.16826923076923078
1 0.8425480769230769 0.11899038461538461 0.16826923076923078 0.18509615384615385
1 0.17427884615384615 0.140625 0.17067307692307693 0.18028846153846154
1 0.6189903846153846 0.10817307692307693 0.16826923076923078 0.16826923076923078
1 0.39903846153846156 0.11778846153846154 0.16346153846153846 0.16826923076923078
2 0.828125 0.7596153846153846 0.15144230769230768 0.15384615384615385
2 0.6045673076923077 0.7451923076923077 0.15144230769230768 0.16346153846153846
2 0.21995192307692307 0.7596153846153846 0.1466346153846154 0.16346153846153846
2 0.42427884615384615 0.7439903846153846 0.15625 0.15625