2 0.5721153846153846 0.7704326923076923 0.17548076923076922 0.14423076923076922
2 0.7932692307692307 0.6610576923076923 0.18269230769230768 0.1466346153846154
1 0.4266826923076923 0.6959134615384616 0.23076923076923078 0.1971153846153846
1 0.6286057692307693 0.6418269230769231 0.23557692307692307 0.18509615384615385
2 0.20793269230769232 0.6947115384615384 0.19471153846153846 0.14903846153846154
2 0.9182692307692307 0.4951923076923077 0.16346153846153846 0.15865384615384615
1 0.7536057692307693 0.5132211538461539 0.23076923076923078 0.18990384615384615
1 0.34975961538461536 0.5637019230769231 0.23317307692307693 0.18990384615384615
2 0.12259615384615384 0.5973557692307693 0.1875 0.1466346153846154
2 0.5336538461538461 0.5300480769230769 0.1875 0.1466346153846154
2 0.20432692307692307 0.47716346153846156 0.20673076923076922 0.16346153846153846
1 0.6298076923076923 0.40024038461538464 0.25 0.19951923076923078
1 0.8473557692307693 0.36177884615384615 0.24278846153846154 0.19471153846153846
1 0.40625 0.4098557692307692 0.23798076923076922 0.19471153846153846
1 0.5192307692307693 0.2608173076923077 0.25 0.20432692307692307
2 0.3137019230769231 0.28125 0.20192307692307693 0.16826923076923078