3 0.3317307692307692 0.5612980769230769 0.18990384615384615 0.19471153846153846
3 0.34134615384615385 0.7800480769230769 0.18269230769230768 0.19471153846153846
2 0.37259615384615385 0.36177884615384615 0.1466346153846154 0.15384615384615385
2 0.36899038461538464 0.1875 0.15625 0.16346153846153846
3 0.5228365384615384 0.796875 0.18269230769230768 0.20673076923076922
3 0.5180288461538461 0.5576923076923077 0.19471153846153846 0.18269230769230768
2 0.5396634615384616 0.17548076923076922 0.16105769230769232 0.15865384615384615
2 0.5504807692307693 0.3641826923076923 0.16105769230769232 0.15384615384615385
2 0.7163461538461539 0.3473557692307692 0.16105769230769232 0.15625
2 0.7175480769230769 0.17668269230769232 0.1658653846153846 0.17067307692307693
3 0.7512019230769231 0.8064903846153846 0.19951923076923078 0.20432692307692307
3 0.7512019230769231 0.5372596153846154 0.20432692307692307 0.19951923076923078
3 0.14302884615384615 0.5793269230769231 0.1778846153846154 0.18028846153846154
3 0.15264423076923078 0.7800480769230769 0.18028846153846154 0.18028846153846154
2 0.19951923076923078 0.19831730769230768 0.15384615384615385 0.14903846153846154
2 0.21754807692307693 0.37259615384615385 0.13942307692307693 0.15384615384615385