2 0.5805288461538461 0.1310096153846154 0.1778846153846154 0.17548076923076922
2 0.6310096153846154 0.546875 0.1778846153846154 0.16826923076923078
2 0.6009615384615384 0.359375 0.1658653846153846 0.1658653846153846
2 0.6430288461538461 0.7487980769230769 0.16826923076923078 0.16105769230769232
1 0.3401442307692308 0.1346153846153846 0.18028846153846154 0.18990384615384615
1 0.41225961538461536 0.7932692307692307 0.18509615384615385 0.18990384615384615
1 0.3425480769230769 0.3557692307692308 0.19471153846153846 0.18269230769230768
1 0.34975961538461536 0.5649038461538461 0.18509615384615385 0.18028846153846154
1 0.11778846153846154 0.14903846153846154 0.19951923076923078 0.18509615384615385
1 0.19951923076923078 0.8185096153846154 0.19471153846153846 0.18509615384615385
1 0.12740384615384615 0.3737980769230769 0.18509615384615385 0.18509615384615385
1 0.15625 0.5949519230769231 0.18509615384615385 0.18028846153846154
2 0.7668269230769231 0.10697115384615384 0.1658653846153846 0.16346153846153846
2 0.7704326923076923 0.3329326923076923 0.1778846153846154 0.16826923076923078
2 0.8185096153846154 0.71875 0.1778846153846154 0.16346153846153846
2 0.7848557692307693 0.5144230769230769 0.17307692307692307 0.17307692307692307