3 0.3137019230769231 0.5817307692307693 0.2283653846153846 0.22355769230769232
3 0.28365384615384615 0.8221153846153846 0.2283653846153846 0.2283653846153846
2 0.3641826923076923 0.3401442307692308 0.18990384615384615 0.18028846153846154
2 0.39663461538461536 0.16706730769230768 0.18990384615384615 0.18990384615384615
3 0.5120192307692307 0.6298076923076923 0.23317307692307693 0.2283653846153846
3 0.5048076923076923 0.8641826923076923 0.23317307692307693 0.23317307692307693
2 0.5757211538461539 0.3918269230769231 0.19471153846153846 0.18990384615384615
2 0.6237980769230769 0.2127403846153846 0.19471153846153846 0.19471153846153846
3 0.7331730769230769 0.9182692307692307 0.2403846153846154 0.16346153846153846
3 0.7716346153846154 0.6838942307692307 0.25 0.2403846153846154
2 0.8353365384615384 0.43990384615384615 0.19951923076923078 0.19230769230769232
2 0.8942307692307693 0.24519230769230768 0.20432692307692307 0.1971153846153846
3 0.10817307692307693 0.5697115384615384 0.21634615384615385 0.22596153846153846
3 0.09375 0.7716346153846154 0.1875 0.21634615384615385
2 0.1622596153846154 0.28966346153846156 0.17548076923076922 0.17548076923076922
2 0.203125 0.125 0.17548076923076922 0.17548076923076922