3 0.5709134615384616 0.640625 0.19230769230769232 0.1971153846153846
3 0.7800480769230769 0.6177884615384616 0.18509615384615385 0.18990384615384615
2 0.3641826923076923 0.6117788461538461 0.15625 0.16105769230769232
2 0.1935096153846154 0.6237980769230769 0.16105769230769232 0.1658653846153846
3 0.78125 0.4387019230769231 0.19230769230769232 0.1875
3 0.5552884615384616 0.45552884615384615 0.19230769230769232 0.1971153846153846
2 0.17427884615384615 0.4543269230769231 0.16105769230769232 0.16105769230769232
2 0.3557692307692308 0.4326923076923077 0.15625 0.16105769230769232
2 0.3329326923076923 0.26802884615384615 0.15625 0.16105769230769232
2 0.15985576923076922 0.27884615384615385 0.16105769230769232 0.16105769230769232
3 0.7896634615384616 0.20673076923076922 0.19951923076923078 0.20673076923076922
3 0.515625 0.22115384615384615 0.19951923076923078 0.20673076923076922
3 0.8004807692307693 0.8064903846153846 0.1875 0.1875
3 0.5985576923076923 0.8221153846153846 0.18990384615384615 0.18269230769230768
2 0.2127403846153846 0.7920673076923077 0.15625 0.15625
2 0.38341346153846156 0.7644230769230769 0.15144230769230768 0.15625