3 0.5504807692307693 0.6550480769230769 0.1875 0.18269230769230768
3 0.7716346153846154 0.6526442307692307 0.1875 0.1778846153846154
2 0.34975961538461536 0.6069711538461539 0.15384615384615385 0.14182692307692307
2 0.17427884615384615 0.6045673076923077 0.15865384615384615 0.15384615384615385
3 0.7944711538461539 0.4699519230769231 0.20192307692307693 0.1778846153846154
3 0.5528846153846154 0.4675480769230769 0.1778846153846154 0.1875
2 0.16826923076923078 0.43149038461538464 0.15384615384615385 0.15865384615384615
2 0.3605769230769231 0.4266826923076923 0.15384615384615385 0.15865384615384615
2 0.3473557692307692 0.25841346153846156 0.15384615384615385 0.15865384615384615
2 0.17548076923076922 0.2512019230769231 0.16826923076923078 0.16346153846153846
3 0.8137019230769231 0.2403846153846154 0.20192307692307693 0.1971153846153846
3 0.5408653846153846 0.22956730769230768 0.19230769230769232 0.20192307692307693
3 0.5637019230769231 0.8449519230769231 0.1778846153846154 0.17307692307692307
3 0.765625 0.8425480769230769 0.17548076923076922 0.1778846153846154
2 0.17908653846153846 0.7752403846153846 0.14423076923076922 0.15144230769230768
2 0.35697115384615385 0.7632211538461539 0.14903846153846154 0.1346153846153846