3 0.36177884615384615 0.45552884615384615 0.1875 0.1875
3 0.3401442307692308 0.6598557692307693 0.18028846153846154 0.19230769230769232
2 0.43149038461538464 0.26802884615384615 0.15625 0.15625
2 0.46033653846153844 0.10697115384615384 0.15144230769230768 0.15384615384615385
3 0.5012019230769231 0.6995192307692307 0.1875 0.1971153846153846
3 0.5360576923076923 0.4735576923076923 0.19230769230769232 0.19230769230769232
2 0.6129807692307693 0.109375 0.15625 0.15625
2 0.6033653846153846 0.28846153846153844 0.16105769230769232 0.16105769230769232
2 0.7632211538461539 0.2920673076923077 0.17067307692307693 0.1658653846153846
2 0.7896634615384616 0.125 0.16346153846153846 0.17307692307692307
3 0.7295673076923077 0.765625 0.21875 0.2091346153846154
3 0.7680288461538461 0.4831730769230769 0.21153846153846154 0.19951923076923078
3 0.15865384615384615 0.6370192307692307 0.16826923076923078 0.18990384615384615
3 0.19591346153846154 0.44591346153846156 0.17307692307692307 0.18028846153846154
2 0.3016826923076923 0.09975961538461539 0.14423076923076922 0.14903846153846154
2 0.2860576923076923 0.25721153846153844 0.13942307692307693 0.14903846153846154