3 0.3125 0.5132211538461539 0.2283653846153846 0.21153846153846154
2 0.36538461538461536 0.20673076923076922 0.18028846153846154 0.17307692307692307
2 0.38221153846153844 0.35697115384615385 0.18028846153846154 0.1658653846153846
3 0.3858173076923077 0.6887019230769231 0.21875 0.21394230769230768
3 0.5240384615384616 0.2668269230769231 0.22115384615384615 0.22355769230769232
2 0.4567307692307692 0.8509615384615384 0.18269230769230768 0.1778846153846154
2 0.5276442307692307 0.4411057692307692 0.18509615384615385 0.17307692307692307
2 0.5348557692307693 0.5925480769230769 0.18509615384615385 0.17307692307692307
2 0.5661057692307693 0.7524038461538461 0.17307692307692307 0.17548076923076922
3 0.7259615384615384 0.2704326923076923 0.23076923076923078 0.23076923076923078
3 0.7019230769230769 0.46274038461538464 0.23317307692307693 0.22115384615384615
3 0.7199519230769231 0.6622596153846154 0.23076923076923078 0.23317307692307693
3 0.109375 0.49278846153846156 0.21875 0.2091346153846154
3 0.21875 0.33413461538461536 0.21875 0.21875
2 0.19951923076923078 0.6394230769230769 0.1778846153846154 0.18269230769230768
2 0.2439903846153846 0.7824519230769231 0.17067307692307693 0.16826923076923078