2 0.4579326923076923 0.609375 0.16105769230769232 0.15625
2 0.4807692307692308 0.796875 0.15865384615384615 0.15625
2 0.4495192307692308 0.4206730769230769 0.17307692307692307 0.16346153846153846
2 0.43990384615384615 0.20673076923076922 0.16105769230769232 0.16105769230769232
1 0.6959134615384616 0.7740384615384616 0.17548076923076922 0.17548076923076922
1 0.6766826923076923 0.5853365384615384 0.17548076923076922 0.17548076923076922
1 0.6622596153846154 0.38221153846153844 0.17548076923076922 0.18028846153846154
1 0.6418269230769231 0.15745192307692307 0.18028846153846154 0.18028846153846154
1 0.890625 0.7451923076923077 0.16826923076923078 0.16105769230769232
1 0.8449519230769231 0.12259615384615384 0.18509615384615385 0.18028846153846154
1 0.875 0.3629807692307692 0.18028846153846154 0.18990384615384615
1 0.9038461538461539 0.5793269230769231 0.18028846153846154 0.18269230769230768
2 0.22716346153846154 0.4206730769230769 0.16346153846153846 0.16105769230769232
2 0.2704326923076923 0.8233173076923077 0.1658653846153846 0.15625
2 0.21394230769230768 0.19591346153846154 0.16826923076923078 0.16346153846153846
2 0.27283653846153844 0.6057692307692307 0.16826923076923078 0.15625