2 0.7704326923076923 0.5721153846153846 0.15865384615384615 0.16105769230769232
2 0.34134615384615385 0.5637019230769231 0.14903846153846154 0.16105769230769232
2 0.5360576923076923 0.5612980769230769 0.14903846153846154 0.14903846153846154
2 0.13581730769230768 0.5480769230769231 0.14423076923076922 0.15384615384615385
1 0.8004807692307693 0.3293269230769231 0.17307692307692307 0.16346153846153846
1 0.125 0.3088942307692308 0.17307692307692307 0.16826923076923078
1 0.5769230769230769 0.3004807692307692 0.16346153846153846 0.1778846153846154
1 0.3641826923076923 0.2776442307692308 0.16105769230769232 0.16826923076923078
1 0.8185096153846154 0.10336538461538461 0.16346153846153846 0.18269230769230768
1 0.12740384615384615 0.0889423076923077 0.16826923076923078 0.1778846153846154
1 0.5889423076923077 0.08173076923076923 0.16826923076923078 0.16346153846153846
1 0.3605769230769231 0.08052884615384616 0.16105769230769232 0.16105769230769232
2 0.7680288461538461 0.7644230769230769 0.1466346153846154 0.14903846153846154
2 0.5384615384615384 0.7355769230769231 0.14903846153846154 0.16105769230769232
2 0.14182692307692307 0.7307692307692307 0.14423076923076922 0.16105769230769232
2 0.35336538461538464 0.7247596153846154 0.15384615384615385 0.15384615384615385