3 0.41225961538461536 0.30408653846153844 0.18990384615384615 0.18990384615384615
2 0.7067307692307693 0.3329326923076923 0.15625 0.15625
2 0.9002403846153846 0.35216346153846156 0.1658653846153846 0.16105769230769232
3 0.18870192307692307 0.4879807692307692 0.18990384615384615 0.19471153846153846
3 0.4254807692307692 0.4951923076923077 0.18990384615384615 0.19471153846153846
2 0.6875 0.5288461538461539 0.16826923076923078 0.16105769230769232
2 0.8918269230769231 0.5685096153846154 0.17548076923076922 0.16105769230769232
3 0.171875 0.7139423076923077 0.19471153846153846 0.19471153846153846
3 0.4050480769230769 0.71875 0.20432692307692307 0.21153846153846154
2 0.6574519230769231 0.7728365384615384 0.16346153846153846 0.17067307692307693
2 0.8774038461538461 0.7932692307692307 0.17067307692307693 0.17548076923076922
3 0.21634615384615385 0.09975961538461539 0.18509615384615385 0.17548076923076922
3 0.43028846153846156 0.10697115384615384 0.18028846153846154 0.1778846153846154
2 0.9194711538461539 0.15264423076923078 0.16105769230769232 0.15625
2 0.7067307692307693 0.15625 0.15144230769230768 0.15144230769230768
3 0.2127403846153846 0.2824519230769231 0.18990384615384615 0.18509615384615385