3 0.6322115384615384 0.49038461538461536 0.21394230769230768 0.2091346153846154
3 0.6610576923076923 0.703125 0.20432692307692307 0.20192307692307693
2 0.5516826923076923 0.28966346153846156 0.17307692307692307 0.16826923076923078
2 0.5228365384615384 0.11778846153846154 0.18028846153846154 0.17548076923076922
3 0.4831730769230769 0.75 0.20432692307692307 0.2091346153846154
3 0.44350961538461536 0.5204326923076923 0.21394230769230768 0.2091346153846154
2 0.3485576923076923 0.13942307692307693 0.17307692307692307 0.17307692307692307
2 0.3713942307692308 0.3269230769230769 0.17307692307692307 0.16826923076923078
2 0.203125 0.34375 0.17307692307692307 0.17067307692307693
2 0.16947115384615385 0.16947115384615385 0.17307692307692307 0.1778846153846154
3 0.2548076923076923 0.8149038461538461 0.22355769230769232 0.21634615384615385
3 0.19951923076923078 0.5372596153846154 0.22355769230769232 0.21153846153846154
3 0.8545673076923077 0.6778846153846154 0.20432692307692307 0.20432692307692307
3 0.8185096153846154 0.4699519230769231 0.19951923076923078 0.20192307692307693
2 0.6923076923076923 0.09615384615384616 0.16826923076923078 0.16826923076923078
2 0.7079326923076923 0.27283653846153844 0.17067307692307693 0.1658653846153846