3 0.6430288461538461 0.5612980769230769 0.1875 0.19230769230769232
3 0.6298076923076923 0.7740384615384616 0.18269230769230768 0.19230769230769232
2 0.6081730769230769 0.36658653846153844 0.14423076923076922 0.15384615384615385
2 0.6141826923076923 0.19591346153846154 0.15384615384615385 0.16105769230769232
3 0.4519230769230769 0.7872596153846154 0.18269230769230768 0.20673076923076922
3 0.46274038461538464 0.5540865384615384 0.19230769230769232 0.18269230769230768
2 0.4483173076923077 0.1814903846153846 0.15865384615384615 0.15625
2 0.4338942307692308 0.36658653846153844 0.15865384615384615 0.15384615384615385
2 0.27163461538461536 0.34615384615384615 0.15865384615384615 0.15384615384615385
2 0.27403846153846156 0.17908653846153846 0.1658653846153846 0.17067307692307693
3 0.23076923076923078 0.7944711538461539 0.19951923076923078 0.20192307692307693
3 0.234375 0.5300480769230769 0.20192307692307693 0.1971153846153846
3 0.8269230769230769 0.5829326923076923 0.1778846153846154 0.18269230769230768
3 0.8137019230769231 0.7776442307692307 0.18269230769230768 0.1778846153846154
2 0.7788461538461539 0.2091346153846154 0.15144230769230768 0.1466346153846154
2 0.7584134615384616 0.3798076923076923 0.13701923076923078 0.15144230769230768