2 0.859375 0.671875 0.16826923076923078 0.15384615384615385
1 0.5084134615384616 0.6298076923076923 0.18269230769230768 0.18269230769230768
2 0.2548076923076923 0.5661057692307693 0.1658653846153846 0.16105769230769232
2 0.10096153846153846 0.5456730769230769 0.1658653846153846 0.15625
2 0.7415865384615384 0.5841346153846154 0.16826923076923078 0.1658653846153846
1 0.6057692307692307 0.5012019230769231 0.1875 0.18269230769230768
2 0.8966346153846154 0.5216346153846154 0.17548076923076922 0.17307692307692307
2 0.45072115384615385 0.47836538461538464 0.17307692307692307 0.16346153846153846
1 0.2980769230769231 0.41947115384615385 0.18269230769230768 0.18269230769230768
1 0.1310096153846154 0.3942307692307692 0.19471153846153846 0.1875
1 0.7584134615384616 0.42427884615384615 0.19471153846153846 0.18269230769230768
1 0.5552884615384616 0.33413461538461536 0.19471153846153846 0.1875
2 0.3942307692307692 0.29927884615384615 0.17548076923076922 0.17307692307692307
1 0.8774038461538461 0.2860576923076923 0.20192307692307693 0.1971153846153846
2 0.7103365384615384 0.26322115384615385 0.17307692307692307 0.17548076923076922
1 0.22596153846153846 0.2127403846153846 0.1971153846153846 0.20192307692307693
1 0.4495192307692308 0.13341346153846154 0.20432692307692307 0.21153846153846154
2 0.8040865384615384 0.12620192307692307 0.17307692307692307 0.18509615384615385
1 0.6322115384615384 0.10697115384615384 0.19471153846153846 0.20673076923076922
1 0.6466346153846154 0.8846153846153846 0.17307692307692307 0.17067307692307693
2 0.3629807692307692 0.8173076923076923 0.16105769230769232 0.14423076923076922
1 0.5108173076923077 0.7956730769230769 0.17548076923076922 0.17067307692307693
2 0.7728365384615384 0.7956730769230769 0.16105769230769232 0.14423076923076922
2 0.22115384615384615 0.7019230769230769 0.16105769230769232 0.15144230769230768
1 0.6478365384615384 0.7067307692307693 0.18269230769230768 0.1778846153846154
2 0.36177884615384615 0.6754807692307693 0.16105769230769232 0.15384615384615385