3 0.4807692307692308 0.7007211538461539 0.21394230769230768 0.21634615384615385
3 0.7103365384615384 0.71875 0.20673076923076922 0.21153846153846154
2 0.265625 0.6262019230769231 0.17067307692307693 0.17548076923076922
2 0.08533653846153846 0.6021634615384616 0.17067307692307693 0.18509615384615385
3 0.7487980769230769 0.5288461538461539 0.21394230769230768 0.20673076923076922
3 0.5024038461538461 0.4987980769230769 0.21394230769230768 0.21634615384615385
2 0.09495192307692307 0.4182692307692308 0.1778846153846154 0.1778846153846154
2 0.29447115384615385 0.4338942307692308 0.17067307692307693 0.17548076923076922
2 0.30408653846153844 0.2536057692307692 0.17548076923076922 0.1778846153846154
2 0.11658653846153846 0.22716346153846154 0.18028846153846154 0.1778846153846154
3 0.8040865384615384 0.28125 0.22115384615384615 0.22596153846153846
3 0.5096153846153846 0.2403846153846154 0.21875 0.22596153846153846
3 0.6923076923076923 0.9110576923076923 0.20673076923076922 0.1778846153846154
3 0.4735576923076923 0.8990384615384616 0.21153846153846154 0.20192307692307693
2 0.07572115384615384 0.7860576923076923 0.15144230769230768 0.16826923076923078
2 0.2548076923076923 0.7944711538461539 0.17067307692307693 0.17307692307692307