2 0.17307692307692307 0.37740384615384615 0.15865384615384615 0.15144230769230768
1 0.49038461538461536 0.33413461538461536 0.1778846153846154 0.1778846153846154
2 0.7223557692307693 0.328125 0.16105769230769232 0.15625
2 0.8617788461538461 0.31009615384615385 0.15865384615384615 0.15144230769230768
2 0.2980769230769231 0.42788461538461536 0.16105769230769232 0.16105769230769232
1 0.43509615384615385 0.46634615384615385 0.1778846153846154 0.1778846153846154
2 0.17908653846153846 0.5192307692307693 0.17067307692307693 0.16826923076923078
2 0.5757211538461539 0.45072115384615385 0.1658653846153846 0.15865384615384615
1 0.71875 0.46634615384615385 0.1778846153846154 0.1778846153846154
1 0.8737980769230769 0.4483173076923077 0.1875 0.18509615384615385
1 0.3173076923076923 0.5697115384615384 0.1875 0.18028846153846154
1 0.515625 0.6021634615384616 0.1875 0.18509615384615385
2 0.6646634615384616 0.5949519230769231 0.17067307692307693 0.16826923076923078
1 0.24639423076923078 0.7163461538461539 0.19471153846153846 0.18990384615384615
2 0.39903846153846156 0.6983173076923077 0.16826923076923078 0.17067307692307693
1 0.8305288461538461 0.6298076923076923 0.18990384615384615 0.19471153846153846
1 0.65625 0.75 0.1971153846153846 0.20432692307692307
2 0.3473557692307692 0.8389423076923077 0.17067307692307693 0.18028846153846154
1 0.5048076923076923 0.8185096153846154 0.1875 0.20192307692307693
1 0.3076923076923077 0.14423076923076922 0.1658653846153846 0.16346153846153846
2 0.5709134615384616 0.13701923076923078 0.15384615384615385 0.13942307692307693
1 0.4483173076923077 0.19110576923076922 0.17067307692307693 0.16346153846153846
2 0.21754807692307693 0.25 0.15384615384615385 0.13942307692307693
2 0.7223557692307693 0.20432692307692307 0.15384615384615385 0.1466346153846154
1 0.3485576923076923 0.29927884615384615 0.17307692307692307 0.17307692307692307
2 0.6057692307692307 0.2620192307692308 0.15625 0.15144230769230768