3 0.6526442307692307 0.40384615384615385 0.1778846153846154 0.1778846153846154
3 0.6274038461538461 0.5745192307692307 0.16826923076923078 0.17548076923076922
2 0.5600961538461539 0.2692307692307692 0.14182692307692307 0.1466346153846154
2 0.5637019230769231 0.7836538461538461 0.13942307692307693 0.14423076923076922
2 0.5060096153846154 0.40024038461538464 0.14423076923076922 0.15144230769230768
3 0.484375 0.6622596153846154 0.18269230769230768 0.1778846153846154
2 0.40625 0.30288461538461536 0.14182692307692307 0.15625
3 0.40625 0.5096153846153846 0.18269230769230768 0.18509615384615385
2 0.3293269230769231 0.6911057692307693 0.15144230769230768 0.14423076923076922
2 0.2860576923076923 0.21514423076923078 0.15144230769230768 0.15625
3 0.27163461538461536 0.3894230769230769 0.19471153846153846 0.19951923076923078
3 0.2127403846153846 0.578125 0.1971153846153846 0.19471153846153846
2 0.7908653846153846 0.45913461538461536 0.13221153846153846 0.14182692307692307
3 0.7824519230769231 0.6081730769230769 0.17067307692307693 0.16826923076923078
3 0.7103365384615384 0.24639423076923078 0.17307692307692307 0.1875
2 0.6899038461538461 0.7355769230769231 0.13221153846153846 0.13701923076923078