3 0.6514423076923077 0.5120192307692307 0.19471153846153846 0.1971153846153846
2 0.6670673076923077 0.20793269230769232 0.15144230769230768 0.15384615384615385
2 0.6298076923076923 0.3557692307692308 0.15865384615384615 0.15144230769230768
2 0.5829326923076923 0.8052884615384616 0.15384615384615385 0.16105769230769232
2 0.5889423076923077 0.6490384615384616 0.14903846153846154 0.15144230769230768
3 0.5168269230769231 0.24639423076923078 0.19471153846153846 0.19951923076923078
3 0.4987980769230769 0.43149038461538464 0.19471153846153846 0.19951923076923078
3 0.44350961538461536 0.7512019230769231 0.19471153846153846 0.20192307692307693
2 0.45552884615384615 0.5889423076923077 0.1658653846153846 0.17307692307692307
2 0.36177884615384615 0.3112980769230769 0.16826923076923078 0.15865384615384615
3 0.328125 0.48197115384615385 0.19471153846153846 0.19951923076923078
3 0.2776442307692308 0.6634615384615384 0.20432692307692307 0.1971153846153846
2 0.8040865384615384 0.46274038461538464 0.15144230769230768 0.14903846153846154
2 0.7860576923076923 0.5985576923076923 0.14903846153846154 0.15384615384615385
3 0.7764423076923077 0.31009615384615385 0.18028846153846154 0.19471153846153846
3 0.7331730769230769 0.7475961538461539 0.19471153846153846 0.19230769230769232