3 0.5360576923076923 0.6466346153846154 0.17067307692307693 0.17307692307692307
3 0.7367788461538461 0.6418269230769231 0.16346153846153846 0.16826923076923078
2 0.3473557692307692 0.5985576923076923 0.13701923076923078 0.14182692307692307
2 0.18629807692307693 0.5901442307692307 0.14182692307692307 0.1466346153846154
3 0.7524038461538461 0.47596153846153844 0.17067307692307693 0.1658653846153846
3 0.5384615384615384 0.46875 0.17067307692307693 0.17307692307692307
2 0.18389423076923078 0.42908653846153844 0.14182692307692307 0.14182692307692307
2 0.35697115384615385 0.42788461538461536 0.13701923076923078 0.14182692307692307
2 0.34975961538461536 0.27163461538461536 0.13701923076923078 0.14182692307692307
2 0.18509615384615385 0.26322115384615385 0.14423076923076922 0.14182692307692307
3 0.7836538461538461 0.25841346153846156 0.17548076923076922 0.18269230769230768
3 0.5264423076923077 0.2439903846153846 0.17067307692307693 0.18269230769230768
3 0.734375 0.8233173076923077 0.1658653846153846 0.1658653846153846
3 0.5444711538461539 0.8161057692307693 0.1658653846153846 0.16105769230769232
2 0.18509615384615385 0.7512019230769231 0.13701923076923078 0.13701923076923078
2 0.3473557692307692 0.7415865384615384 0.1346153846153846 0.13942307692307693