1 0.32572115384615385 0.33413461538461536 0.1875 0.18269230769230768
2 0.3245192307692308 0.7524038461538461 0.1658653846153846 0.18028846153846154
2 0.41586538461538464 0.4579326923076923 0.15384615384615385 0.15865384615384615
2 0.43990384615384615 0.21514423076923078 0.15384615384615385 0.15384615384615385
1 0.4699519230769231 0.671875 0.1875 0.19471153846153846
1 0.546875 0.3629807692307692 0.19471153846153846 0.18269230769230768
1 0.5492788461538461 0.8305288461538461 0.1875 0.18990384615384615
1 0.5612980769230769 0.5288461538461539 0.19471153846153846 0.1875
2 0.5973557692307693 0.21153846153846154 0.16346153846153846 0.15384615384615385
2 0.6358173076923077 0.6778846153846154 0.16826923076923078 0.16346153846153846
1 0.71875 0.3942307692307692 0.17548076923076922 0.1778846153846154
1 0.7427884615384616 0.5625 0.18028846153846154 0.18028846153846154
2 0.8834134615384616 0.4831730769230769 0.16826923076923078 0.16346153846153846
1 0.17908653846153846 0.6754807692307693 0.18990384615384615 0.19471153846153846
2 0.20192307692307693 0.4362980769230769 0.16346153846153846 0.16346153846153846
2 0.29927884615384615 0.5516826923076923 0.16826923076923078 0.16346153846153846