3 0.4254807692307692 0.6838942307692307 0.21153846153846154 0.21634615384615385
3 0.20432692307692307 0.6442307692307693 0.20432692307692307 0.2091346153846154
2 0.6418269230769231 0.6646634615384616 0.16826923076923078 0.17548076923076922
2 0.8209134615384616 0.6838942307692307 0.1778846153846154 0.18028846153846154
3 0.21634615384615385 0.4579326923076923 0.21153846153846154 0.20673076923076922
3 0.453125 0.4855769230769231 0.21153846153846154 0.21634615384615385
2 0.8521634615384616 0.5060096153846154 0.17548076923076922 0.17548076923076922
2 0.6610576923076923 0.4735576923076923 0.16826923076923078 0.17548076923076922
2 0.6971153846153846 0.3016826923076923 0.16826923076923078 0.17548076923076922
2 0.8798076923076923 0.32211538461538464 0.1778846153846154 0.1778846153846154
3 0.21995192307692307 0.21153846153846154 0.21875 0.22596153846153846
3 0.5060096153846154 0.24158653846153846 0.21394230769230768 0.22596153846153846
3 0.17427884615384615 0.8449519230769231 0.20673076923076922 0.20673076923076922
3 0.3858173076923077 0.8701923076923077 0.20673076923076922 0.20192307692307693
2 0.7932692307692307 0.8617788461538461 0.16826923076923078 0.17067307692307693
2 0.6165865384615384 0.8221153846153846 0.16826923076923078 0.17307692307692307