3 0.7127403846153846 0.5805288461538461 0.1971153846153846 0.21634615384615385
3 0.9122596153846154 0.5793269230769231 0.17548076923076922 0.21153846153846154
3 0.2692307692307692 0.5444711538461539 0.22115384615384615 0.21634615384615385
3 0.5084134615384616 0.546875 0.20432692307692307 0.20432692307692307
2 0.23317307692307693 0.2776442307692308 0.18269230769230768 0.18269230769230768
2 0.49278846153846156 0.2704326923076923 0.1778846153846154 0.1778846153846154
2 0.8954326923076923 0.2800480769230769 0.16105769230769232 0.17067307692307693
2 0.7043269230769231 0.2608173076923077 0.17067307692307693 0.17548076923076922
2 0.24158653846153846 0.0673076923076923 0.18028846153846154 0.1346153846153846
2 0.4795673076923077 0.07091346153846154 0.17067307692307693 0.14182692307692307
2 0.7019230769230769 0.07572115384615384 0.16826923076923078 0.13942307692307693
2 0.9134615384615384 0.078125 0.17307692307692307 0.12259615384615384
3 0.4987980769230769 0.8028846153846154 0.21153846153846154 0.22596153846153846
3 0.2536057692307692 0.7884615384615384 0.22596153846153846 0.22355769230769232
3 0.9014423076923077 0.8173076923076923 0.17548076923076922 0.20432692307692307
3 0.71875 0.7908653846153846 0.20432692307692307 0.21634615384615385