2 0.6598557692307693 0.8605769230769231 0.15625 0.17067307692307693
3 0.6682692307692307 0.4807692307692308 0.20673076923076922 0.20673076923076922
3 0.6129807692307693 0.6694711538461539 0.20673076923076922 0.19951923076923078
2 0.578125 0.3137019230769231 0.16105769230769232 0.17067307692307693
2 0.5180288461538461 0.8918269230769231 0.15625 0.16105769230769232
2 0.5024038461538461 0.453125 0.1658653846153846 0.1658653846153846
3 0.43509615384615385 0.7487980769230769 0.21153846153846154 0.20192307692307693
2 0.39302884615384615 0.3317307692307692 0.19951923076923078 0.16826923076923078
3 0.36177884615384615 0.5697115384615384 0.21875 0.20192307692307693
2 0.2536057692307692 0.7572115384615384 0.18269230769230768 0.16826923076923078
2 0.27283653846153844 0.2127403846153846 0.19230769230769232 0.18028846153846154
3 0.2283653846153846 0.41586538461538464 0.23076923076923078 0.21875
3 0.13581730769230768 0.6177884615384616 0.23076923076923078 0.21394230769230768
2 0.8173076923076923 0.5612980769230769 0.15144230769230768 0.16105769230769232
3 0.7932692307692307 0.7271634615384616 0.19230769230769232 0.20192307692307693
3 0.7548076923076923 0.3016826923076923 0.20192307692307693 0.21153846153846154