2 0.3088942307692308 0.39783653846153844 0.16346153846153846 0.17548076923076922
2 0.35096153846153844 0.8052884615384616 0.16346153846153846 0.16826923076923078
2 0.40625 0.26802884615384615 0.16826923076923078 0.17307692307692307
3 0.4651442307692308 0.48677884615384615 0.21875 0.21394230769230768
3 0.4987980769230769 0.9086538461538461 0.23317307692307693 0.18269230769230768
3 0.4963942307692308 0.6923076923076923 0.21634615384615385 0.21394230769230768
2 0.6045673076923077 0.3641826923076923 0.18269230769230768 0.1778846153846154
3 0.6646634615384616 0.5540865384615384 0.2283653846153846 0.22355769230769232
3 0.6911057692307693 0.7800480769230769 0.21875 0.22355769230769232
2 0.7163461538461539 0.23798076923076922 0.18269230769230768 0.1875
3 0.8533653846153846 0.4026442307692308 0.2283653846153846 0.22355769230769232
3 0.8617788461538461 0.6490384615384616 0.2403846153846154 0.2283653846153846
3 0.1201923076923077 0.5540865384615384 0.21875 0.21875
2 0.15625 0.3713942307692308 0.16346153846153846 0.16826923076923078
2 0.22956730769230768 0.7019230769230769 0.17307692307692307 0.17067307692307693
2 0.29927884615384615 0.5612980769230769 0.16346153846153846 0.16826923076923078