3 0.8581730769230769 0.671875 0.20673076923076922 0.19951923076923078
3 0.6310096153846154 0.6658653846153846 0.20432692307692307 0.20192307692307693
2 0.1971153846153846 0.6237980769230769 0.16346153846153846 0.17067307692307693
2 0.39903846153846156 0.6153846153846154 0.16105769230769232 0.16105769230769232
3 0.8533653846153846 0.45552884615384615 0.21153846153846154 0.2091346153846154
3 0.6225961538461539 0.44591346153846156 0.20673076923076922 0.20192307692307693
2 0.39903846153846156 0.42908653846153844 0.16346153846153846 0.16346153846153846
2 0.19591346153846154 0.41225961538461536 0.1658653846153846 0.16346153846153846
3 0.6370192307692307 0.22235576923076922 0.21153846153846154 0.2091346153846154
2 0.41586538461538464 0.21394230769230768 0.16346153846153846 0.16346153846153846
3 0.8677884615384616 0.21754807692307693 0.19471153846153846 0.20432692307692307
2 0.18990384615384615 0.19831730769230768 0.17067307692307693 0.16346153846153846
3 0.8269230769230769 0.8774038461538461 0.19471153846153846 0.18990384615384615
3 0.6237980769230769 0.8665865384615384 0.19951923076923078 0.19951923076923078
2 0.38341346153846156 0.8341346153846154 0.15865384615384615 0.15144230769230768
2 0.19591346153846154 0.8197115384615384 0.17067307692307693 0.16105769230769232