2 0.3858173076923077 0.5456730769230769 0.16105769230769232 0.1658653846153846
2 0.19591346153846154 0.5685096153846154 0.16105769230769232 0.16105769230769232
2 0.5733173076923077 0.5132211538461539 0.16826923076923078 0.17548076923076922
2 0.7872596153846154 0.47596153846153844 0.1658653846153846 0.1658653846153846
1 0.16947115384615385 0.35216346153846156 0.1778846153846154 0.1778846153846154
1 0.359375 0.32572115384615385 0.18028846153846154 0.1778846153846154
1 0.5637019230769231 0.296875 0.18269230769230768 0.1778846153846154
1 0.7884615384615384 0.2644230769230769 0.18269230769230768 0.18269230769230768
1 0.15384615384615385 0.15384615384615385 0.1658653846153846 0.17067307692307693
1 0.7788461538461539 0.07572115384615384 0.18269230769230768 0.15144230769230768
1 0.5336538461538461 0.08533653846153846 0.19230769230769232 0.17067307692307693
1 0.3125 0.10096153846153846 0.18269230769230768 0.18269230769230768
2 0.6237980769230769 0.7319711538461539 0.1658653846153846 0.1658653846153846
2 0.21754807692307693 0.7788461538461539 0.16105769230769232 0.17067307692307693
2 0.8461538461538461 0.6935096153846154 0.1658653846153846 0.17307692307692307
2 0.4326923076923077 0.7307692307692307 0.16105769230769232 0.17307692307692307