2 0.40024038461538464 0.2512019230769231 0.19471153846153846 0.18269230769230768
2 0.8112980769230769 0.3317307692307692 0.18509615384615385 0.18028846153846154
2 0.25841346153846156 0.3389423076923077 0.18990384615384615 0.1875
3 0.47596153846153844 0.4170673076923077 0.23557692307692307 0.2403846153846154
3 0.9002403846153846 0.49038461538461536 0.19951923076923078 0.2548076923076923
3 0.6826923076923077 0.46875 0.23557692307692307 0.23798076923076922
2 0.3389423076923077 0.5504807692307693 0.19471153846153846 0.20192307692307693
3 0.5276442307692307 0.6274038461538461 0.24519230769230768 0.25
3 0.7548076923076923 0.6754807692307693 0.24519230769230768 0.24278846153846154
2 0.20072115384615385 0.6538461538461539 0.20192307692307693 0.19951923076923078
3 0.3557692307692308 0.8064903846153846 0.25 0.25240384615384615
3 0.6045673076923077 0.8377403846153846 0.25240384615384615 0.2644230769230769
3 0.5745192307692307 0.09615384615384616 0.23557692307692307 0.19230769230769232
2 0.3858173076923077 0.09375 0.1875 0.18269230769230768
2 0.7163461538461539 0.19831730769230768 0.1875 0.18990384615384615
2 0.5661057692307693 0.25600961538461536 0.1875 0.18269230769230768