2 0.3713942307692308 0.2247596153846154 0.125 0.13221153846153846
2 0.36778846153846156 0.43990384615384615 0.1201923076923077 0.11538461538461539
3 0.38221153846153844 0.6634615384615384 0.13701923076923078 0.1346153846153846
2 0.4266826923076923 0.3557692307692308 0.1201923076923077 0.1201923076923077
2 0.44591346153846156 0.5697115384615384 0.11298076923076923 0.11057692307692307
2 0.4795673076923077 0.25 0.125 0.125
3 0.4891826923076923 0.46153846153846156 0.14182692307692307 0.14182692307692307
2 0.4891826923076923 0.7127403846153846 0.10817307692307693 0.10576923076923077
3 0.5576923076923077 0.34975961538461536 0.1466346153846154 0.1466346153846154
3 0.578125 0.5612980769230769 0.13942307692307693 0.13942307692307693
3 0.5973557692307693 0.6826923076923077 0.13942307692307693 0.12740384615384615
2 0.6634615384615384 0.2764423076923077 0.125 0.12740384615384615
2 0.6538461538461539 0.47115384615384615 0.1201923076923077 0.11538461538461539
3 0.7079326923076923 0.5949519230769231 0.14423076923076922 0.13701923076923078
3 0.7608173076923077 0.40625 0.16105769230769232 0.14903846153846154
3 0.33052884615384615 0.5492788461538461 0.14903846153846154 0.1346153846153846