2 0.20552884615384615 0.390625 0.15144230769230768 0.15384615384615385
2 0.5889423076923077 0.37740384615384615 0.14182692307692307 0.15144230769230768
2 0.41346153846153844 0.3894230769230769 0.14182692307692307 0.14182692307692307
2 0.7740384615384616 0.38221153846153844 0.13701923076923078 0.14423076923076922
1 0.18870192307692307 0.6105769230769231 0.1658653846153846 0.15625
1 0.7980769230769231 0.5985576923076923 0.16105769230769232 0.16105769230769232
1 0.3894230769230769 0.6262019230769231 0.15625 0.1658653846153846
1 0.5841346153846154 0.6346153846153846 0.15144230769230768 0.15625
1 0.1814903846153846 0.8149038461538461 0.15625 0.17067307692307693
1 0.8028846153846154 0.7944711538461539 0.15625 0.1658653846153846
1 0.390625 0.8233173076923077 0.16105769230769232 0.15625
1 0.59375 0.8149038461538461 0.15144230769230768 0.15625
2 0.19591346153846154 0.21634615384615385 0.13942307692307693 0.14423076923076922
2 0.4026442307692308 0.23197115384615385 0.14182692307692307 0.15144230769230768
2 0.7608173076923077 0.21754807692307693 0.13701923076923078 0.15384615384615385
2 0.5733173076923077 0.23317307692307693 0.1466346153846154 0.1466346153846154