3 0.5877403846153846 0.3137019230769231 0.21634615384615385 0.21153846153846154
2 0.2932692307692308 0.38100961538461536 0.17307692307692307 0.17307692307692307
2 0.10096153846153846 0.42427884615384615 0.18509615384615385 0.18028846153846154
3 0.8341346153846154 0.47115384615384615 0.21634615384615385 0.21634615384615385
3 0.5949519230769231 0.5084134615384616 0.21634615384615385 0.21634615384615385
2 0.33653846153846156 0.5745192307692307 0.18990384615384615 0.18028846153846154
2 0.13942307692307693 0.6394230769230769 0.19471153846153846 0.18269230769230768
3 0.8762019230769231 0.6971153846153846 0.22355769230769232 0.22355769230769232
3 0.6466346153846154 0.7295673076923077 0.2283653846153846 0.23798076923076922
2 0.40024038461538464 0.8161057692307693 0.18509615384615385 0.19230769230769232
2 0.1814903846153846 0.8629807692307693 0.19230769230769232 0.1971153846153846
3 0.7596153846153846 0.09254807692307693 0.20673076923076922 0.18509615384615385
3 0.5444711538461539 0.1201923076923077 0.20432692307692307 0.20192307692307693
2 0.07572115384615384 0.2247596153846154 0.15144230769230768 0.17548076923076922
2 0.27403846153846156 0.20432692307692307 0.16826923076923078 0.16826923076923078
3 0.7848557692307693 0.26802884615384615 0.21634615384615385 0.20673076923076922