2 0.6430288461538461 0.2932692307692308 0.15144230769230768 0.14903846153846154
2 0.6358173076923077 0.4338942307692308 0.14903846153846154 0.1466346153846154
1 0.6189903846153846 0.5841346153846154 0.17307692307692307 0.16346153846153846
1 0.5661057692307693 0.7439903846153846 0.18990384615384615 0.17548076923076922
2 0.546875 0.1875 0.14423076923076922 0.15144230769230768
1 0.4963942307692308 0.33533653846153844 0.17307692307692307 0.16346153846153846
2 0.5024038461538461 0.48677884615384615 0.1466346153846154 0.1466346153846154
1 0.39663461538461536 0.2127403846153846 0.16346153846153846 0.16346153846153846
1 0.38100961538461536 0.5805288461538461 0.16826923076923078 0.16346153846153846
1 0.36778846153846156 0.4206730769230769 0.17307692307692307 0.16826923076923078
2 0.36658653846153844 0.7536057692307693 0.16346153846153846 0.16346153846153846
2 0.265625 0.30649038461538464 0.14903846153846154 0.15384615384615385
1 0.22716346153846154 0.6622596153846154 0.17307692307692307 0.16826923076923078
2 0.21634615384615385 0.4807692307692308 0.15865384615384615 0.14903846153846154
2 0.7620192307692307 0.5048076923076923 0.16346153846153846 0.15384615384615385
1 0.7560096153846154 0.6875 0.17548076923076922 0.18269230769230768