3 0.3425480769230769 0.5733173076923077 0.18509615384615385 0.1971153846153846
3 0.15745192307692307 0.5420673076923077 0.1875 0.1971153846153846
3 0.7283653846153846 0.6105769230769231 0.20432692307692307 0.20432692307692307
3 0.5216346153846154 0.5769230769230769 0.1875 0.1875
2 0.7992788461538461 0.3858173076923077 0.1658653846153846 0.1658653846153846
2 0.578125 0.34134615384615385 0.16105769230769232 0.16105769230769232
2 0.23076923076923078 0.28725961538461536 0.15144230769230768 0.15865384615384615
2 0.39783653846153844 0.29927884615384615 0.15625 0.16105769230769232
2 0.8269230769230769 0.18269230769230768 0.1658653846153846 0.1658653846153846
2 0.6225961538461539 0.15504807692307693 0.16105769230769232 0.16105769230769232
2 0.43028846153846156 0.12740384615384615 0.15625 0.16105769230769232
2 0.2439903846153846 0.0889423076923077 0.17067307692307693 0.16105769230769232
3 0.49278846153846156 0.796875 0.19471153846153846 0.2091346153846154
3 0.7055288461538461 0.8209134615384616 0.21153846153846154 0.20432692307692307
3 0.13341346153846154 0.7463942307692307 0.1875 0.19230769230769232
3 0.30528846153846156 0.7536057692307693 0.18990384615384615 0.20192307692307693