3 0.5300480769230769 0.6646634615384616 0.21153846153846154 0.21394230769230768
3 0.7548076923076923 0.6826923076923077 0.20192307692307693 0.2091346153846154
2 0.3161057692307692 0.5901442307692307 0.17067307692307693 0.17307692307692307
2 0.13341346153846154 0.5673076923076923 0.17548076923076922 0.18509615384615385
3 0.7932692307692307 0.49399038461538464 0.21153846153846154 0.20673076923076922
3 0.5504807692307693 0.4651442307692308 0.21153846153846154 0.21394230769230768
2 0.1466346153846154 0.3858173076923077 0.17548076923076922 0.17548076923076922
2 0.3449519230769231 0.40024038461538464 0.17067307692307693 0.17307692307692307
2 0.35336538461538464 0.22235576923076922 0.17307692307692307 0.17307692307692307
2 0.16826923076923078 0.1971153846153846 0.18028846153846154 0.17548076923076922
3 0.8485576923076923 0.25 0.21875 0.22596153846153846
3 0.5576923076923077 0.2091346153846154 0.21634615384615385 0.22596153846153846
3 0.7379807692307693 0.8870192307692307 0.20673076923076922 0.20673076923076922
3 0.5216346153846154 0.8605769230769231 0.2091346153846154 0.20192307692307693
2 0.1201923076923077 0.75 0.16826923076923078 0.16826923076923078
2 0.30649038461538464 0.7572115384615384 0.1658653846153846 0.17067307692307693