2 0.2956730769230769 0.6466346153846154 0.15625 0.15865384615384615
2 0.43509615384615385 0.6237980769230769 0.15384615384615385 0.15625
1 0.5805288461538461 0.5889423076923077 0.17307692307692307 0.18028846153846154
1 0.7319711538461539 0.515625 0.18269230769230768 0.1971153846153846
2 0.1814903846153846 0.5637019230769231 0.15865384615384615 0.15144230769230768
1 0.31971153846153844 0.49759615384615385 0.17067307692307693 0.18028846153846154
2 0.47115384615384615 0.484375 0.15384615384615385 0.15384615384615385
1 0.1875 0.41225961538461536 0.17067307692307693 0.17067307692307693
1 0.5492788461538461 0.35336538461538464 0.17307692307692307 0.17307692307692307
1 0.3894230769230769 0.3605769230769231 0.17548076923076922 0.18269230769230768
2 0.7175480769230769 0.31971153846153844 0.16826923076923078 0.16826923076923078
2 0.26322115384615385 0.27283653846153844 0.16105769230769232 0.15625
1 0.609375 0.19110576923076922 0.17548076923076922 0.18269230769230768
2 0.42908653846153844 0.203125 0.15625 0.1658653846153846
2 0.5192307692307693 0.7391826923076923 0.16105769230769232 0.16826923076923078
1 0.6983173076923077 0.7103365384615384 0.19230769230769232 0.18269230769230768