2 0.41947115384615385 0.7908653846153846 0.1466346153846154 0.15865384615384615
3 0.38822115384615385 0.46033653846153844 0.19230769230769232 0.19230769230769232
3 0.4495192307692308 0.6213942307692307 0.19230769230769232 0.18509615384615385
2 0.4567307692307692 0.3088942307692308 0.15144230769230768 0.15865384615384615
2 0.5456730769230769 0.8088942307692307 0.14423076923076922 0.14903846153846154
2 0.5324519230769231 0.4254807692307692 0.15625 0.15625
3 0.609375 0.6802884615384616 0.1971153846153846 0.1875
2 0.6201923076923077 0.3137019230769231 0.18509615384615385 0.15865384615384615
3 0.6622596153846154 0.5192307692307693 0.20192307692307693 0.18990384615384615
2 0.7680288461538461 0.6754807692307693 0.17067307692307693 0.15625
2 0.7175480769230769 0.20192307692307693 0.17548076923076922 0.16826923076923078
3 0.7680288461538461 0.3762019230769231 0.21394230769230768 0.20192307692307693
3 0.8617788461538461 0.5480769230769231 0.21153846153846154 0.19951923076923078
2 0.26322115384615385 0.5384615384615384 0.14182692307692307 0.14903846153846154
3 0.29447115384615385 0.6826923076923077 0.1778846153846154 0.1875
3 0.3016826923076923 0.3088942307692308 0.1875 0.1971153846153846