2 0.7307692307692307 0.5192307692307693 0.17307692307692307 0.1658653846153846
1 0.7151442307692307 0.3581730769230769 0.19471153846153846 0.19471153846153846
2 0.6514423076923077 0.6502403846153846 0.17307692307692307 0.17307692307692307
1 0.6370192307692307 0.20673076923076922 0.1971153846153846 0.20432692307692307
1 0.5817307692307693 0.46153846153846156 0.19471153846153846 0.18509615384615385
2 0.5108173076923077 0.6033653846153846 0.17307692307692307 0.17307692307692307
1 0.49278846153846156 0.32091346153846156 0.19471153846153846 0.19471153846153846
2 0.47596153846153844 0.15865384615384615 0.17307692307692307 0.17307692307692307
2 0.39663461538461536 0.6959134615384616 0.1658653846153846 0.16826923076923078
1 0.41346153846153844 0.46634615384615385 0.18990384615384615 0.18990384615384615
2 0.33413461538461536 0.328125 0.1658653846153846 0.1658653846153846
1 0.29086538461538464 0.578125 0.18990384615384615 0.19230769230769232
2 0.31850961538461536 0.17548076923076922 0.17307692307692307 0.17307692307692307
1 0.21634615384615385 0.43028846153846156 0.19471153846153846 0.18990384615384615
2 0.8617788461538461 0.4375 0.16826923076923078 0.17307692307692307
1 0.8137019230769231 0.65625 0.19471153846153846 0.1875