3 0.2980769230769231 0.6418269230769231 0.2091346153846154 0.20673076923076922
2 0.8725961538461539 0.5360576923076923 0.17548076923076922 0.18269230769230768
3 0.515625 0.578125 0.20192307692307693 0.2091346153846154
2 0.6899038461538461 0.5516826923076923 0.17307692307692307 0.15865384615384615
3 0.25721153846153844 0.4675480769230769 0.2091346153846154 0.20192307692307693
2 0.8461538461538461 0.3425480769230769 0.17307692307692307 0.16826923076923078
3 0.4579326923076923 0.3954326923076923 0.20192307692307693 0.20673076923076922
2 0.6730769230769231 0.35096153846153844 0.16826923076923078 0.1658653846153846
3 0.21634615384615385 0.22235576923076922 0.1971153846153846 0.21153846153846154
3 0.4170673076923077 0.18269230769230768 0.1971153846153846 0.21153846153846154
2 0.6382211538461539 0.14783653846153846 0.15865384615384615 0.16826923076923078
2 0.8125 0.12379807692307693 0.15865384615384615 0.16826923076923078
3 0.5384615384615384 0.8088942307692307 0.2091346153846154 0.21634615384615385
3 0.31850961538461536 0.8317307692307693 0.2091346153846154 0.2091346153846154
2 0.7211538461538461 0.7331730769230769 0.17548076923076922 0.17307692307692307
2 0.8966346153846154 0.6983173076923077 0.17067307692307693 0.17307692307692307