3 0.3293269230769231 0.4519230769230769 0.20192307692307693 0.20673076923076922
3 0.31009615384615385 0.23317307692307693 0.1971153846153846 0.20432692307692307
2 0.39783653846153844 0.6454326923076923 0.15625 0.1658653846153846
2 0.4182692307692308 0.8197115384615384 0.16826923076923078 0.17307692307692307
3 0.4879807692307692 0.19230769230769232 0.1971153846153846 0.21875
3 0.515625 0.42908653846153844 0.20432692307692307 0.1971153846153846
2 0.5901442307692307 0.8076923076923077 0.17067307692307693 0.16826923076923078
2 0.5757211538461539 0.6165865384615384 0.17067307692307693 0.1658653846153846
2 0.7427884615384616 0.6105769230769231 0.17067307692307693 0.1658653846153846
2 0.7680288461538461 0.78125 0.1778846153846154 0.18509615384615385
3 0.7127403846153846 0.14903846153846154 0.21394230769230768 0.21875
3 0.7512019230769231 0.4182692307692308 0.21875 0.21153846153846154
3 0.140625 0.45913461538461536 0.18990384615384615 0.19471153846153846
3 0.12139423076923077 0.25961538461538464 0.19471153846153846 0.19230769230769232
2 0.25 0.8317307692307693 0.16346153846153846 0.15865384615384615
2 0.24278846153846154 0.6550480769230769 0.14903846153846154 0.16346153846153846