3 0.4699519230769231 0.6346153846153846 0.21394230769230768 0.21634615384615385
3 0.22235576923076922 0.6430288461538461 0.21875 0.21875
2 0.7223557692307693 0.6033653846153846 0.17307692307692307 0.18028846153846154
2 0.9026442307692307 0.5841346153846154 0.18269230769230768 0.18269230769230768
3 0.43990384615384615 0.4266826923076923 0.21875 0.22115384615384615
3 0.19591346153846154 0.4110576923076923 0.22355769230769232 0.22596153846153846
2 0.6899038461538461 0.3798076923076923 0.18269230769230768 0.1875
2 0.8798076923076923 0.3449519230769231 0.1875 0.1875
3 0.11899038461538461 0.17067307692307693 0.23317307692307693 0.23557692307692307
3 0.4050480769230769 0.15504807692307693 0.2283653846153846 0.24278846153846154
2 0.6634615384615384 0.10817307692307693 0.18269230769230768 0.19230769230769232
2 0.8701923076923077 0.08173076923076923 0.1875 0.16346153846153846
3 0.46274038461538464 0.8473557692307693 0.21634615384615385 0.21153846153846154
3 0.2548076923076923 0.8545673076923077 0.2091346153846154 0.20432692307692307
2 0.7584134615384616 0.8149038461538461 0.16826923076923078 0.16826923076923078
2 0.921875 0.7860576923076923 0.15625 0.16826923076923078