2 0.6911057692307693 0.7872596153846154 0.16346153846153846 0.16105769230769232
2 0.6418269230769231 0.3918269230769231 0.16346153846153846 0.15384615384615385
2 0.6574519230769231 0.5721153846153846 0.15384615384615385 0.15384615384615385
2 0.6081730769230769 0.203125 0.15625 0.14903846153846154
1 0.46875 0.8377403846153846 0.17067307692307693 0.17307692307692307
1 0.38461538461538464 0.21754807692307693 0.17307692307692307 0.17307692307692307
1 0.4206730769230769 0.6334134615384616 0.1778846153846154 0.17067307692307693
1 0.3798076923076923 0.43990384615384615 0.16826923076923078 0.16346153846153846
1 0.26322115384615385 0.8762019230769231 0.18509615384615385 0.17067307692307693
1 0.18269230769230768 0.2403846153846154 0.1778846153846154 0.17307692307692307
1 0.21875 0.6670673076923077 0.17067307692307693 0.16826923076923078
1 0.19471153846153846 0.4567307692307692 0.16826923076923078 0.16346153846153846
2 0.8677884615384616 0.765625 0.15384615384615385 0.15144230769230768
2 0.8185096153846154 0.5576923076923077 0.16346153846153846 0.15384615384615385
2 0.7752403846153846 0.19110576923076922 0.16346153846153846 0.14903846153846154
2 0.7908653846153846 0.3858173076923077 0.15865384615384615 0.15865384615384615