2 0.23918269230769232 0.5348557692307693 0.13942307692307693 0.17307692307692307
2 0.29447115384615385 0.7824519230769231 0.13942307692307693 0.1778846153846154
3 0.34615384615384615 0.40865384615384615 0.1778846153846154 0.2283653846153846
3 0.35697115384615385 0.6201923076923077 0.16105769230769232 0.21634615384615385
2 0.39903846153846156 0.18870192307692307 0.13701923076923078 0.18269230769230768
2 0.42788461538461536 0.9362980769230769 0.13942307692307693 0.12740384615384615
3 0.4495192307692308 0.7800480769230769 0.1658653846153846 0.22355769230769232
3 0.4987980769230769 0.3629807692307692 0.1778846153846154 0.2283653846153846
2 0.5228365384615384 0.12620192307692307 0.14423076923076922 0.18269230769230768
2 0.4891826923076923 0.5588942307692307 0.13942307692307693 0.18990384615384615
2 0.6213942307692307 0.23918269230769232 0.1466346153846154 0.1971153846153846
3 0.5949519230769231 0.6754807692307693 0.18269230769230768 0.23317307692307693
3 0.5757211538461539 0.8942307692307693 0.18028846153846154 0.21153846153846154
3 0.6346153846153846 0.45913461538461536 0.1778846153846154 0.23317307692307693
3 0.7620192307692307 0.6129807692307693 0.19230769230769232 0.24519230769230768
2 0.7956730769230769 0.4014423076923077 0.1658653846153846 0.19951923076923078