2 0.19591346153846154 0.5721153846153846 0.18269230769230768 0.18269230769230768
2 0.34975961538461536 0.5829326923076923 0.1778846153846154 0.18028846153846154
1 0.5132211538461539 0.5865384615384616 0.19951923076923078 0.20673076923076922
1 0.6935096153846154 0.5492788461538461 0.21153846153846154 0.2283653846153846
2 0.09615384615384616 0.4543269230769231 0.18028846153846154 0.17548076923076922
1 0.26322115384615385 0.4206730769230769 0.1971153846153846 0.20673076923076922
2 0.42427884615384615 0.44711538461538464 0.17548076923076922 0.17548076923076922
1 0.14543269230769232 0.2956730769230769 0.1971153846153846 0.19471153846153846
1 0.5432692307692307 0.328125 0.19951923076923078 0.20192307692307693
1 0.3737980769230769 0.2920673076923077 0.20432692307692307 0.2091346153846154
2 0.7331730769230769 0.33653846153846156 0.19471153846153846 0.19471153846153846
2 0.2620192307692308 0.16826923076923078 0.18269230769230768 0.18269230769230768
1 0.6490384615384616 0.17067307692307693 0.20432692307692307 0.2091346153846154
2 0.4579326923076923 0.13701923076923078 0.18269230769230768 0.18990384615384615
2 0.4098557692307692 0.7295673076923077 0.18269230769230768 0.19230769230769232
1 0.6069711538461539 0.7451923076923077 0.21875 0.21153846153846154