2 0.5288461538461539 0.3713942307692308 0.16105769230769232 0.16826923076923078
1 0.6730769230769231 0.42788461538461536 0.18990384615384615 0.18990384615384615
2 0.38341346153846156 0.4098557692307692 0.16826923076923078 0.16826923076923078
1 0.7932692307692307 0.5408653846153846 0.19951923076923078 0.19230769230769232
1 0.5420673076923077 0.5240384615384616 0.18028846153846154 0.18990384615384615
2 0.3894230769230769 0.5528846153846154 0.16826923076923078 0.16826923076923078
1 0.6466346153846154 0.6454326923076923 0.18990384615384615 0.18990384615384615
2 0.7932692307692307 0.7043269230769231 0.16826923076923078 0.16826923076923078
2 0.27403846153846156 0.6358173076923077 0.16346153846153846 0.16105769230769232
1 0.49038461538461536 0.6790865384615384 0.18509615384615385 0.18509615384615385
2 0.5997596153846154 0.7908653846153846 0.16105769230769232 0.16105769230769232
1 0.35216346153846156 0.7632211538461539 0.1875 0.18509615384615385
2 0.7379807692307693 0.8449519230769231 0.16826923076923078 0.17067307692307693
1 0.47475961538461536 0.8737980769230769 0.18509615384615385 0.18990384615384615
2 0.6394230769230769 0.2704326923076923 0.16826923076923078 0.16346153846153846
1 0.4230769230769231 0.25841346153846156 0.18269230769230768 0.18990384615384615