2 0.8581730769230769 0.47115384615384615 0.1466346153846154 0.18028846153846154
2 0.7487980769230769 0.2403846153846154 0.1466346153846154 0.1875
1 0.7776442307692307 0.6177884615384616 0.19951923076923078 0.23317307692307693
1 0.7271634615384616 0.41225961538461536 0.1875 0.2403846153846154
2 0.7752403846153846 0.8413461538461539 0.14903846153846154 0.1971153846153846
2 0.578125 0.09495192307692307 0.16105769230769232 0.18990384615384615
1 0.5961538461538461 0.27884615384615385 0.19230769230769232 0.23557692307692307
1 0.6418269230769231 0.6947115384615384 0.19230769230769232 0.23798076923076922
2 0.6670673076923077 0.9098557692307693 0.14423076923076922 0.15865384615384615
2 0.6117788461538461 0.5060096153846154 0.14903846153846154 0.19230769230769232
2 0.5516826923076923 0.8425480769230769 0.1658653846153846 0.2091346153846154
1 0.47836538461538464 0.40625 0.20192307692307693 0.25240384615384615
1 0.44350961538461536 0.18028846153846154 0.1971153846153846 0.24759615384615385
1 0.48677884615384615 0.6322115384615384 0.1971153846153846 0.24278846153846154
1 0.33413461538461536 0.5168269230769231 0.20673076923076922 0.25240384615384615
2 0.35336538461538464 0.7283653846153846 0.16826923076923078 0.20673076923076922