2 0.47836538461538464 0.765625 0.15865384615384615 0.12259615384615384
2 0.24759615384615385 0.7067307692307693 0.16346153846153846 0.125
1 0.5961538461538461 0.6658653846153846 0.20432692307692307 0.16826923076923078
1 0.4014423076923077 0.6550480769230769 0.21153846153846154 0.15865384615384615
2 0.8004807692307693 0.625 0.17307692307692307 0.12740384615384615
2 0.08533653846153846 0.578125 0.17067307692307693 0.1346153846153846
1 0.2548076923076923 0.5612980769230769 0.20673076923076922 0.16346153846153846
1 0.6430288461538461 0.5288461538461539 0.2091346153846154 0.16346153846153846
2 0.8605769230769231 0.5144230769230769 0.16826923076923078 0.125
2 0.46634615384615385 0.5360576923076923 0.16826923076923078 0.125
2 0.7620192307692307 0.421875 0.18509615384615385 0.13942307692307693
1 0.35096153846153844 0.43028846153846156 0.22115384615384615 0.17067307692307693
1 0.13942307692307693 0.4387019230769231 0.21634615384615385 0.16346153846153846
1 0.5588942307692307 0.39783653846153844 0.21153846153846154 0.16346153846153846
1 0.4266826923076923 0.27884615384615385 0.22115384615384615 0.17548076923076922
2 0.6225961538461539 0.25961538461538464 0.18028846153846154 0.14423076923076922