3 0.3389423076923077 0.484375 0.20192307692307693 0.20192307692307693
2 0.31850961538461536 0.7896634615384616 0.15384615384615385 0.15625
2 0.35697115384615385 0.640625 0.16105769230769232 0.15384615384615385
2 0.4110576923076923 0.19110576923076922 0.15625 0.16346153846153846
2 0.4026442307692308 0.3485576923076923 0.15144230769230768 0.15384615384615385
3 0.46875 0.7524038461538461 0.20192307692307693 0.20673076923076922
3 0.49038461538461536 0.5673076923076923 0.20192307692307693 0.20673076923076922
3 0.5516826923076923 0.24759615384615385 0.1971153846153846 0.20432692307692307
2 0.5360576923076923 0.4110576923076923 0.16826923076923078 0.1778846153846154
2 0.625 0.6911057692307693 0.17307692307692307 0.16346153846153846
3 0.6634615384615384 0.5192307692307693 0.20192307692307693 0.20673076923076922
3 0.7163461538461539 0.33774038461538464 0.21153846153846154 0.20192307692307693
2 0.18509615384615385 0.53125 0.15384615384615385 0.15144230769230768
2 0.20552884615384615 0.3954326923076923 0.15144230769230768 0.15625
3 0.21033653846153846 0.6838942307692307 0.1875 0.19951923076923078
3 0.2608173076923077 0.24639423076923078 0.19951923076923078 0.1971153846153846