2 0.6911057692307693 0.6995192307692307 0.15865384615384615 0.16105769230769232
2 0.7127403846153846 0.8401442307692307 0.16346153846153846 0.17067307692307693
2 0.5733173076923077 0.2620192307692308 0.15865384615384615 0.17067307692307693
1 0.5336538461538461 0.40024038461538464 0.1778846153846154 0.18269230769230768
2 0.5540865384615384 0.546875 0.16826923076923078 0.16826923076923078
2 0.4723557692307692 0.13581730769230768 0.16826923076923078 0.17067307692307693
1 0.5492788461538461 0.6959134615384616 0.1778846153846154 0.1778846153846154
1 0.5685096153846154 0.8605769230769231 0.18509615384615385 0.19230769230769232
1 0.42427884615384615 0.2848557692307692 0.18990384615384615 0.18990384615384615
1 0.4050480769230769 0.49158653846153844 0.18028846153846154 0.1875
2 0.4110576923076923 0.6442307692307693 0.16826923076923078 0.16826923076923078
1 0.3786057692307692 0.8221153846153846 0.19471153846153846 0.19951923076923078
2 0.2980769230769231 0.3737980769230769 0.17307692307692307 0.17307692307692307
1 0.2692307692307692 0.21634615384615385 0.19471153846153846 0.19471153846153846
1 0.24759615384615385 0.640625 0.21153846153846154 0.1971153846153846
1 0.17548076923076922 0.48677884615384615 0.20673076923076922 0.1971153846153846
2 0.14423076923076922 0.3233173076923077 0.1875 0.18028846153846154
1 0.8617788461538461 0.2608173076923077 0.16826923076923078 0.17548076923076922
2 0.8774038461538461 0.5360576923076923 0.15144230769230768 0.15865384615384615
1 0.8185096153846154 0.40865384615384615 0.16826923076923078 0.17067307692307693
2 0.7512019230769231 0.17908653846153846 0.1466346153846154 0.15865384615384615
2 0.8185096153846154 0.6947115384615384 0.1466346153846154 0.15865384615384615
2 0.7548076923076923 0.5745192307692307 0.15625 0.15625
1 0.7079326923076923 0.3076923076923077 0.16826923076923078 0.17548076923076922
1 0.6754807692307693 0.4567307692307692 0.17548076923076922 0.18269230769230768
2 0.6189903846153846 0.13341346153846154 0.15865384615384615 0.1658653846153846