3 0.6141826923076923 0.3581730769230769 0.22355769230769232 0.22596153846153846
2 0.6370192307692307 0.6670673076923077 0.18269230769230768 0.18269230769230768
2 0.6526442307692307 0.8689903846153846 0.1875 0.19471153846153846
3 0.38341346153846156 0.16346153846153846 0.2283653846153846 0.22596153846153846
3 0.41947115384615385 0.40865384615384615 0.2283653846153846 0.22596153846153846
2 0.43149038461538464 0.6826923076923077 0.1875 0.1971153846153846
2 0.4266826923076923 0.8978365384615384 0.18990384615384615 0.20432692307692307
3 0.14903846153846154 0.1875 0.23076923076923078 0.23076923076923078
3 0.18629807692307693 0.4254807692307692 0.24519230769230768 0.23798076923076922
2 0.17548076923076922 0.6947115384615384 0.19951923076923078 0.19471153846153846
2 0.19591346153846154 0.9122596153846154 0.20432692307692307 0.17548076923076922
3 0.7872596153846154 0.12139423076923077 0.2091346153846154 0.21875
3 0.8185096153846154 0.34134615384615385 0.2091346153846154 0.21394230769230768
2 0.859375 0.8521634615384616 0.18269230769230768 0.1875
2 0.8173076923076923 0.6346153846153846 0.1778846153846154 0.18028846153846154
3 0.5997596153846154 0.15144230769230768 0.21634615384615385 0.22355769230769232