3 0.4519230769230769 0.5060096153846154 0.19471153846153846 0.2091346153846154
2 0.6899038461538461 0.5336538461538461 0.16105769230769232 0.16346153846153846
3 0.23677884615384615 0.5324519230769231 0.19471153846153846 0.20432692307692307
2 0.8617788461538461 0.5492788461538461 0.1658653846153846 0.16826923076923078
3 0.44471153846153844 0.7560096153846154 0.21634615384615385 0.21875
3 0.18028846153846154 0.7596153846153846 0.21394230769230768 0.21394230769230768
2 0.6862980769230769 0.7848557692307693 0.17307692307692307 0.1778846153846154
2 0.8810096153846154 0.8052884615384616 0.17548076923076922 0.17548076923076922
3 0.4495192307692308 0.11658653846153846 0.18509615384615385 0.1778846153846154
3 0.2512019230769231 0.12379807692307693 0.18990384615384615 0.18509615384615385
2 0.7199519230769231 0.13221153846153846 0.1466346153846154 0.14903846153846154
2 0.8774038461538461 0.14543269230769232 0.15865384615384615 0.15144230769230768
3 0.4699519230769231 0.31009615384615385 0.18990384615384615 0.18028846153846154
2 0.8737980769230769 0.3293269230769231 0.16105769230769232 0.15625
2 0.7043269230769231 0.328125 0.15865384615384615 0.16826923076923078
3 0.2403846153846154 0.32211538461538464 0.19471153846153846 0.18990384615384615