3 0.5120192307692307 0.3076923076923077 0.1875 0.1875
3 0.2956730769230769 0.3004807692307692 0.19230769230769232 0.1778846153846154
2 0.7151442307692307 0.3701923076923077 0.15144230769230768 0.15144230769230768
2 0.8846153846153846 0.3858173076923077 0.15625 0.15144230769230768
3 0.2692307692307692 0.47475961538461536 0.1971153846153846 0.1875
3 0.5048076923076923 0.49278846153846156 0.19230769230769232 0.19230769230769232
2 0.8966346153846154 0.5492788461538461 0.15144230769230768 0.15144230769230768
2 0.7067307692307693 0.5492788461538461 0.16105769230769232 0.15865384615384615
2 0.7127403846153846 0.71875 0.16346153846153846 0.16826923076923078
2 0.8918269230769231 0.7331730769230769 0.16826923076923078 0.16105769230769232
3 0.21754807692307693 0.7211538461538461 0.20673076923076922 0.21634615384615385
3 0.515625 0.7379807692307693 0.19951923076923078 0.21153846153846154
3 0.3088942307692308 0.11177884615384616 0.18990384615384615 0.1658653846153846
3 0.5120192307692307 0.13221153846153846 0.18028846153846154 0.17067307692307693
2 0.8846153846153846 0.22235576923076922 0.15144230769230768 0.14182692307692307
2 0.7175480769230769 0.21754807692307693 0.15144230769230768 0.13942307692307693