2 0.4795673076923077 0.7584134615384616 0.16346153846153846 0.12980769230769232
2 0.2608173076923077 0.6682692307692307 0.16346153846153846 0.12980769230769232
3 0.6129807692307693 0.6814903846153846 0.21394230769230768 0.1658653846153846
3 0.4206730769230769 0.6382211538461539 0.20432692307692307 0.15144230769230768
2 0.8245192307692307 0.6682692307692307 0.17067307692307693 0.12980769230769232
2 0.11658653846153846 0.5168269230769231 0.16346153846153846 0.1346153846153846
3 0.28725961538461536 0.5264423076923077 0.21153846153846154 0.15865384615384615
3 0.6790865384615384 0.5492788461538461 0.21394230769230768 0.1658653846153846
2 0.9014423076923077 0.5637019230769231 0.17307692307692307 0.1346153846153846
2 0.49759615384615385 0.5252403846153846 0.1778846153846154 0.13221153846153846
2 0.8137019230769231 0.4567307692307692 0.18269230769230768 0.13701923076923078
3 0.4074519230769231 0.4098557692307692 0.21634615384615385 0.17067307692307693
3 0.19110576923076922 0.38822115384615385 0.21875 0.17067307692307693
3 0.6141826923076923 0.4074519230769231 0.21875 0.1658653846153846
3 0.49278846153846156 0.2668269230769231 0.2283653846153846 0.18028846153846154
2 0.6923076923076923 0.2692307692307692 0.1875 0.15384615384615385