3 0.3473557692307692 0.6358173076923077 0.23076923076923078 0.2283653846153846
3 0.3894230769230769 0.8774038461538461 0.23557692307692307 0.23557692307692307
2 0.32572115384615385 0.38822115384615385 0.19230769230769232 0.18509615384615385
2 0.30408653846153844 0.21033653846153846 0.19230769230769232 0.19230769230769232
3 0.5528846153846154 0.6237980769230769 0.23557692307692307 0.23557692307692307
3 0.6141826923076923 0.8533653846153846 0.2403846153846154 0.23798076923076922
2 0.5444711538461539 0.3762019230769231 0.1971153846153846 0.19230769230769232
2 0.5384615384615384 0.1875 0.1971153846153846 0.1971153846153846
3 0.859375 0.8581730769230769 0.24519230769230768 0.21153846153846154
3 0.8197115384615384 0.5997596153846154 0.25721153846153844 0.24519230769230768
2 0.8088942307692307 0.34615384615384615 0.20192307692307693 0.1971153846153846
2 0.8076923076923077 0.13942307692307693 0.20673076923076922 0.19951923076923078
3 0.14182692307692307 0.6862980769230769 0.22596153846153846 0.23076923076923078
3 0.18028846153846154 0.8894230769230769 0.21875 0.22115384615384615
2 0.1141826923076923 0.39783653846153844 0.18269230769230768 0.18269230769230768
2 0.1045673076923077 0.22716346153846154 0.18269230769230768 0.18269230769230768