3 0.234375 0.2620192307692308 0.19951923076923078 0.20673076923076922
3 0.4483173076923077 0.2860576923076923 0.19951923076923078 0.19951923076923078
2 0.8653846153846154 0.3557692307692308 0.16105769230769232 0.16826923076923078
2 0.6622596153846154 0.35096153846153844 0.1658653846153846 0.16105769230769232
3 0.21995192307692307 0.46875 0.20192307692307693 0.20673076923076922
3 0.4387019230769231 0.49158653846153844 0.2091346153846154 0.2091346153846154
2 0.6538461538461539 0.53125 0.17067307692307693 0.16826923076923078
2 0.8461538461538461 0.5661057692307693 0.1778846153846154 0.18028846153846154
3 0.19230769230769232 0.6899038461538461 0.20432692307692307 0.21153846153846154
3 0.40625 0.7115384615384616 0.20192307692307693 0.21634615384615385
2 0.6189903846153846 0.7355769230769231 0.17067307692307693 0.16826923076923078
2 0.8317307692307693 0.7644230769230769 0.1778846153846154 0.1778846153846154
3 0.2704326923076923 0.08052884615384616 0.19471153846153846 0.16105769230769232
3 0.46634615384615385 0.09375 0.1971153846153846 0.1875
2 0.6971153846153846 0.14182692307692307 0.16105769230769232 0.16105769230769232
2 0.8725961538461539 0.17307692307692307 0.1658653846153846 0.16105769230769232