3 0.7776442307692307 0.32091346153846156 0.19230769230769232 0.19230769230769232
3 0.5829326923076923 0.34975961538461536 0.19230769230769232 0.19230769230769232
2 0.2932692307692308 0.390625 0.15625 0.15625
2 0.09975961538461539 0.4098557692307692 0.1658653846153846 0.15625
3 0.8125 0.5192307692307693 0.20192307692307693 0.1875
3 0.5757211538461539 0.5420673076923077 0.20192307692307693 0.20192307692307693
2 0.31971153846153844 0.5877403846153846 0.16105769230769232 0.15144230769230768
2 0.1201923076923077 0.6286057692307693 0.17067307692307693 0.16346153846153846
3 0.6069711538461539 0.7632211538461539 0.21153846153846154 0.21153846153846154
3 0.8305288461538461 0.75 0.20192307692307693 0.21153846153846154
2 0.359375 0.8293269230769231 0.16826923076923078 0.17307692307692307
2 0.140625 0.8509615384615384 0.17067307692307693 0.1778846153846154
3 0.7764423076923077 0.14423076923076922 0.18509615384615385 0.18028846153846154
3 0.5600961538461539 0.15504807692307693 0.18509615384615385 0.18509615384615385
2 0.07572115384615384 0.2127403846153846 0.15144230769230768 0.15625
2 0.28365384615384615 0.21514423076923078 0.15625 0.15144230769230768