3 0.5228365384615384 0.31490384615384615 0.18990384615384615 0.18990384615384615
3 0.7427884615384616 0.3161057692307692 0.18028846153846154 0.18509615384615385
2 0.3112980769230769 0.36778846153846156 0.15144230769230768 0.15625
2 0.13341346153846154 0.37259615384615385 0.15625 0.16105769230769232
3 0.7632211538461539 0.5 0.18990384615384615 0.18269230769230768
3 0.5264423076923077 0.5096153846153846 0.18990384615384615 0.18990384615384615
2 0.1310096153846154 0.5516826923076923 0.15625 0.15625
2 0.3233173076923077 0.5540865384615384 0.15144230769230768 0.15625
2 0.3161057692307692 0.7271634615384616 0.15384615384615385 0.15625
2 0.13581730769230768 0.734375 0.16105769230769232 0.15625
3 0.796875 0.7415865384615384 0.19471153846153846 0.20192307692307693
3 0.5096153846153846 0.7572115384615384 0.18990384615384615 0.20192307692307693
3 0.7427884615384616 0.11778846153846154 0.18269230769230768 0.18269230769230768
3 0.53125 0.125 0.18269230769230768 0.1778846153846154
2 0.13581730769230768 0.1971153846153846 0.15144230769230768 0.15144230769230768
2 0.3161057692307692 0.20673076923076922 0.14903846153846154 0.15384615384615385