3 0.625 0.38341346153846156 0.19230769230769232 0.20432692307692307
3 0.8161057692307693 0.3641826923076923 0.1971153846153846 0.20192307692307693
3 0.23557692307692307 0.4483173076923077 0.21153846153846154 0.2091346153846154
3 0.44711538461538464 0.42788461538461536 0.19471153846153846 0.19471153846153846
2 0.2247596153846154 0.6887019230769231 0.17307692307692307 0.17307692307692307
2 0.4543269230769231 0.6742788461538461 0.16826923076923078 0.16826923076923078
2 0.8112980769230769 0.6346153846153846 0.15865384615384615 0.16346153846153846
2 0.6430288461538461 0.6670673076923077 0.16346153846153846 0.16826923076923078
2 0.2512019230769231 0.8954326923076923 0.17307692307692307 0.17307692307692307
2 0.46033653846153844 0.8689903846153846 0.1658653846153846 0.16826923076923078
2 0.65625 0.8461538461538461 0.16346153846153846 0.16826923076923078
2 0.8509615384615384 0.8341346153846154 0.17548076923076922 0.1658653846153846
3 0.4182692307692308 0.20192307692307693 0.20192307692307693 0.21634615384615385
3 0.203125 0.234375 0.21634615384615385 0.21153846153846154
3 0.7860576923076923 0.15625 0.19230769230769232 0.1971153846153846
3 0.6153846153846154 0.19471153846153846 0.1971153846153846 0.20673076923076922