3 0.34975961538461536 0.37259615384615385 0.20432692307692307 0.2091346153846154
3 0.34375 0.13341346153846154 0.19951923076923078 0.2091346153846154
2 0.4098557692307692 0.5889423076923077 0.15865384615384615 0.16826923076923078
2 0.41947115384615385 0.7788461538461539 0.16826923076923078 0.1778846153846154
3 0.5420673076923077 0.10817307692307693 0.19951923076923078 0.21634615384615385
3 0.5528846153846154 0.3629807692307692 0.2091346153846154 0.19951923076923078
2 0.6057692307692307 0.7776442307692307 0.17548076923076922 0.17307692307692307
2 0.6045673076923077 0.5709134615384616 0.17548076923076922 0.16826923076923078
2 0.7848557692307693 0.578125 0.17548076923076922 0.16826923076923078
2 0.8004807692307693 0.7644230769230769 0.18269230769230768 0.18990384615384615
3 0.7896634615384616 0.09254807692307693 0.21875 0.18509615384615385
3 0.8100961538461539 0.36778846153846156 0.22355769230769232 0.21634615384615385
3 0.14302884615384615 0.36658653846153844 0.19471153846153846 0.19951923076923078
3 0.13942307692307693 0.14783653846153846 0.19951923076923078 0.1971153846153846
2 0.23317307692307693 0.7800480769230769 0.16826923076923078 0.16105769230769232
2 0.2403846153846154 0.5877403846153846 0.14903846153846154 0.16826923076923078