2 0.6117788461538461 0.23317307692307693 0.15865384615384615 0.15384615384615385
2 0.6322115384615384 0.6262019230769231 0.15865384615384615 0.14903846153846154
2 0.6165865384615384 0.4483173076923077 0.14903846153846154 0.14903846153846154
2 0.6310096153846154 0.8161057692307693 0.14903846153846154 0.14182692307692307
1 0.38822115384615385 0.22115384615384615 0.15865384615384615 0.16826923076923078
1 0.41225961538461536 0.8413461538461539 0.16346153846153846 0.16826923076923078
1 0.375 0.42788461538461536 0.17307692307692307 0.16105769230769232
1 0.36778846153846156 0.625 0.16346153846153846 0.15865384615384615
1 0.17908653846153846 0.21875 0.1778846153846154 0.16105769230769232
1 0.21033653846153846 0.8533653846153846 0.17307692307692307 0.1658653846153846
1 0.17307692307692307 0.43149038461538464 0.16346153846153846 0.16346153846153846
1 0.18389423076923078 0.640625 0.16346153846153846 0.15865384615384615
2 0.7884615384615384 0.22355769230769232 0.14903846153846154 0.14423076923076922
2 0.7764423076923077 0.43509615384615385 0.15865384615384615 0.14903846153846154
2 0.796875 0.7980769230769231 0.15865384615384615 0.14182692307692307
2 0.7788461538461539 0.6057692307692307 0.15384615384615385 0.15384615384615385