2 0.6622596153846154 0.46875 0.16105769230769232 0.15625
1 0.6033653846153846 0.33413461538461536 0.18269230769230768 0.18269230769230768
2 0.6310096153846154 0.6045673076923077 0.16105769230769232 0.16105769230769232
1 0.4951923076923077 0.22716346153846154 0.18509615384615385 0.1875
1 0.5180288461538461 0.46153846153846156 0.18269230769230768 0.17548076923076922
2 0.49759615384615385 0.6033653846153846 0.16105769230769232 0.16105769230769232
1 0.4014423076923077 0.3641826923076923 0.18269230769230768 0.18269230769230768
2 0.3425480769230769 0.22956730769230768 0.16105769230769232 0.16105769230769232
2 0.4230769230769231 0.7151442307692307 0.15625 0.15625
1 0.3737980769230769 0.5120192307692307 0.1778846153846154 0.1778846153846154
2 0.26802884615384615 0.41586538461538464 0.15625 0.15625
1 0.3004807692307692 0.6442307692307693 0.1778846153846154 0.1778846153846154
2 0.21153846153846154 0.28846153846153844 0.16105769230769232 0.16105769230769232
1 0.1935096153846154 0.5372596153846154 0.18269230769230768 0.1778846153846154
2 0.7512019230769231 0.3629807692307692 0.15625 0.16105769230769232
1 0.7716346153846154 0.5637019230769231 0.18269230769230768 0.17548076923076922