3 0.25841346153846156 0.33774038461538464 0.19471153846153846 0.19230769230769232
2 0.8401442307692307 0.39302884615384615 0.16105769230769232 0.17067307692307693
3 0.4831730769230769 0.38100961538461536 0.1875 0.19230769230769232
2 0.6550480769230769 0.3918269230769231 0.16105769230769232 0.1466346153846154
3 0.23317307692307693 0.5132211538461539 0.19230769230769232 0.1875
2 0.8305288461538461 0.5853365384615384 0.16105769230769232 0.15625
3 0.4375 0.5661057692307693 0.1875 0.19230769230769232
2 0.65625 0.59375 0.15625 0.15144230769230768
3 0.21754807692307693 0.7608173076923077 0.18269230769230768 0.1971153846153846
3 0.41947115384615385 0.7824519230769231 0.18269230769230768 0.1971153846153846
2 0.6418269230769231 0.7980769230769231 0.1466346153846154 0.15625
2 0.8161057692307693 0.8064903846153846 0.1466346153846154 0.15625
3 0.48197115384615385 0.1502403846153846 0.19471153846153846 0.20192307692307693
3 0.265625 0.14783653846153846 0.19471153846153846 0.19471153846153846
2 0.6706730769230769 0.21033653846153846 0.16105769230769232 0.16105769230769232
2 0.8473557692307693 0.22956730769230768 0.15625 0.16105769230769232