2 0.6189903846153846 0.5384615384615384 0.1658653846153846 0.17067307692307693
2 0.8100961538461539 0.5084134615384616 0.1658653846153846 0.1658653846153846
2 0.42788461538461536 0.5576923076923077 0.17307692307692307 0.18028846153846154
2 0.21033653846153846 0.5817307692307693 0.17067307692307693 0.17067307692307693
1 0.7752403846153846 0.28846153846153844 0.18269230769230768 0.18269230769230768
1 0.5829326923076923 0.3161057692307692 0.18509615384615385 0.18269230769230768
1 0.3786057692307692 0.34615384615384615 0.1875 0.18269230769230768
1 0.1502403846153846 0.3762019230769231 0.18990384615384615 0.18990384615384615
1 0.7355769230769231 0.09134615384615384 0.17067307692307693 0.17548076923076922
1 0.10096153846153846 0.17427884615384615 0.18990384615384615 0.19471153846153846
1 0.34615384615384615 0.12620192307692307 0.20192307692307693 0.19230769230769232
1 0.5661057692307693 0.09014423076923077 0.18990384615384615 0.18028846153846154
2 0.4387019230769231 0.7848557692307693 0.17067307692307693 0.17548076923076922
2 0.8485576923076923 0.71875 0.1658653846153846 0.17548076923076922
2 0.2127403846153846 0.8100961538461539 0.17307692307692307 0.18028846153846154
2 0.625 0.7307692307692307 0.16826923076923078 0.18028846153846154