3 0.5408653846153846 0.6646634615384616 0.19230769230769232 0.19471153846153846
3 0.7524038461538461 0.6742788461538461 0.18509615384615385 0.18990384615384615
2 0.33774038461538464 0.6021634615384616 0.15384615384615385 0.15865384615384615
2 0.1658653846153846 0.5865384615384616 0.15865384615384615 0.16826923076923078
3 0.7824519230769231 0.4963942307692308 0.19230769230769232 0.1875
3 0.5528846153846154 0.47596153846153844 0.19230769230769232 0.19471153846153846
2 0.171875 0.41586538461538464 0.15865384615384615 0.15865384615384615
2 0.3581730769230769 0.4230769230769231 0.15384615384615385 0.15865384615384615
2 0.3605769230769231 0.2548076923076923 0.15625 0.15865384615384615
2 0.18629807692307693 0.23798076923076922 0.16346153846153846 0.15865384615384615
3 0.8257211538461539 0.265625 0.1971153846153846 0.20432692307692307
3 0.5504807692307693 0.23557692307692307 0.19471153846153846 0.20432692307692307
3 0.7427884615384616 0.8653846153846154 0.1875 0.1875
3 0.5396634615384616 0.8485576923076923 0.18990384615384615 0.18269230769230768
2 0.15865384615384615 0.7584134615384616 0.15384615384615385 0.15384615384615385
2 0.33413461538461536 0.7584134615384616 0.15144230769230768 0.15625