3 0.24879807692307693 0.29447115384615385 0.1971153846153846 0.1971153846153846
3 0.4362980769230769 0.33413461538461536 0.1971153846153846 0.1971153846153846
2 0.7127403846153846 0.3954326923076923 0.16346153846153846 0.16346153846153846
2 0.9002403846153846 0.4254807692307692 0.17067307692307693 0.16346153846153846
3 0.20072115384615385 0.484375 0.20673076923076922 0.19471153846153846
3 0.42788461538461536 0.5240384615384616 0.2091346153846154 0.2091346153846154
2 0.6742788461538461 0.5829326923076923 0.1658653846153846 0.15865384615384615
2 0.8653846153846154 0.6358173076923077 0.17548076923076922 0.17067307692307693
3 0.38341346153846156 0.734375 0.21875 0.21875
3 0.16706730769230768 0.7091346153846154 0.2091346153846154 0.21875
2 0.6177884615384616 0.8161057692307693 0.17307692307692307 0.18028846153846154
2 0.8293269230769231 0.8545673076923077 0.1778846153846154 0.1875
3 0.25961538461538464 0.11899038461538461 0.19230769230769232 0.1875
3 0.4723557692307692 0.14783653846153846 0.19230769230769232 0.19230769230769232
2 0.9278846153846154 0.23918269230769232 0.14423076923076922 0.16105769230769232
2 0.7331730769230769 0.22355769230769232 0.16346153846153846 0.15625