2 0.15504807692307693 0.7007211538461539 0.16826923076923078 0.15384615384615385
1 0.5 0.6538461538461539 0.18509615384615385 0.18509615384615385
2 0.7475961538461539 0.5877403846153846 0.16346153846153846 0.15865384615384615
2 0.8978365384615384 0.5649038461538461 0.16346153846153846 0.15865384615384615
2 0.2704326923076923 0.6141826923076923 0.16826923076923078 0.16346153846153846
1 0.4014423076923077 0.5300480769230769 0.18509615384615385 0.18509615384615385
2 0.11658653846153846 0.5540865384615384 0.17548076923076922 0.17307692307692307
2 0.5540865384615384 0.5048076923076923 0.17307692307692307 0.16105769230769232
1 0.7019230769230769 0.44350961538461536 0.18509615384615385 0.18509615384615385
1 0.8665865384615384 0.41586538461538464 0.19471153846153846 0.18990384615384615
1 0.24879807692307693 0.4567307692307692 0.19471153846153846 0.18509615384615385
1 0.4483173076923077 0.36538461538461536 0.19471153846153846 0.18990384615384615
2 0.6057692307692307 0.3269230769230769 0.17548076923076922 0.17307692307692307
1 0.1310096153846154 0.32211538461538464 0.20192307692307693 0.1971153846153846
2 0.29447115384615385 0.296875 0.17307692307692307 0.17548076923076922
1 0.7704326923076923 0.23918269230769232 0.1971153846153846 0.19951923076923078
1 0.5480769230769231 0.16466346153846154 0.20192307692307693 0.21153846153846154
2 0.19951923076923078 0.16466346153846154 0.17307692307692307 0.1875
1 0.36899038461538464 0.140625 0.19230769230769232 0.2091346153846154
1 0.36899038461538464 0.90625 0.17307692307692307 0.17067307692307693
2 0.6466346153846154 0.8365384615384616 0.15625 0.14423076923076922
1 0.5012019230769231 0.8173076923076923 0.17548076923076922 0.17067307692307693
2 0.24158653846153846 0.8221153846153846 0.15625 0.14423076923076922
2 0.7824519230769231 0.7199519230769231 0.15865384615384615 0.15144230769230768
1 0.3641826923076923 0.7331730769230769 0.18028846153846154 0.1778846153846154
2 0.6454326923076923 0.6947115384615384 0.15865384615384615 0.15384615384615385