3 0.20673076923076922 0.28725961538461536 0.22596153846153846 0.22596153846153846
3 0.41225961538461536 0.3401442307692308 0.22596153846153846 0.22596153846153846
2 0.7199519230769231 0.4170673076923077 0.1875 0.1875
2 0.9146634615384616 0.45913461538461536 0.17067307692307693 0.1875
3 0.14543269230769232 0.49759615384615385 0.23317307692307693 0.22115384615384615
3 0.39903846153846156 0.546875 0.23557692307692307 0.23557692307692307
2 0.6682692307692307 0.625 0.1875 0.18269230769230768
2 0.8786057692307693 0.6923076923076923 0.20192307692307693 0.19471153846153846
3 0.3401442307692308 0.78125 0.24759615384615385 0.25240384615384615
3 0.109375 0.7415865384615384 0.21875 0.24759615384615385
2 0.5973557692307693 0.8822115384615384 0.1971153846153846 0.20192307692307693
2 0.8305288461538461 0.9122596153846154 0.19951923076923078 0.17548076923076922
3 0.2283653846153846 0.10096153846153846 0.21634615384615385 0.20192307692307693
3 0.45913461538461536 0.13341346153846154 0.21634615384615385 0.21634615384615385
2 0.9411057692307693 0.2512019230769231 0.11778846153846154 0.18028846153846154
2 0.75 0.23076923076923078 0.18509615384615385 0.1778846153846154