3 0.34975961538461536 0.5552884615384616 0.22355769230769232 0.2091346153846154
2 0.3161057692307692 0.25961538461538464 0.1778846153846154 0.17067307692307693
2 0.37259615384615385 0.3954326923076923 0.17548076923076922 0.16346153846153846
3 0.46274038461538464 0.6983173076923077 0.21394230769230768 0.21153846153846154
3 0.47836538461538464 0.27163461538461536 0.21875 0.21875
2 0.5721153846153846 0.8293269230769231 0.1778846153846154 0.17307692307692307
2 0.5288461538461539 0.4338942307692308 0.18269230769230768 0.17067307692307693
2 0.5757211538461539 0.5709134615384616 0.18269230769230768 0.17307692307692307
2 0.6466346153846154 0.7103365384615384 0.16826923076923078 0.17548076923076922
3 0.6658653846153846 0.22355769230769232 0.2283653846153846 0.22596153846153846
3 0.6947115384615384 0.4074519230769231 0.23076923076923078 0.21875
3 0.765625 0.5865384615384616 0.2283653846153846 0.2283653846153846
3 0.15625 0.5913461538461539 0.21634615384615385 0.20673076923076922
3 0.21514423076923078 0.41586538461538464 0.21634615384615385 0.21634615384615385
2 0.2776442307692308 0.703125 0.17307692307692307 0.1778846153846154
2 0.3581730769230769 0.8233173076923077 0.17067307692307693 0.1658653846153846