2 0.578125 0.5204326923076923 0.20192307692307693 0.19230769230769232
2 0.5420673076923077 0.7524038461538461 0.19471153846153846 0.19471153846153846
2 0.6045673076923077 0.3293269230769231 0.18028846153846154 0.1778846153846154
2 0.6358173076923077 0.1201923076923077 0.1875 0.17548076923076922
1 0.34375 0.7379807692307693 0.20432692307692307 0.2091346153846154
1 0.3581730769230769 0.5120192307692307 0.21153846153846154 0.1971153846153846
1 0.38461538461538464 0.2920673076923077 0.20673076923076922 0.1971153846153846
1 0.39663461538461536 0.09495192307692307 0.20673076923076922 0.18990384615384615
1 0.12860576923076922 0.6935096153846154 0.21394230769230768 0.21394230769230768
1 0.171875 0.2692307692307692 0.22115384615384615 0.19951923076923078
1 0.13701923076923078 0.4639423076923077 0.21634615384615385 0.19951923076923078
1 0.18028846153846154 0.07932692307692307 0.20673076923076922 0.15865384615384615
2 0.7620192307692307 0.796875 0.19230769230769232 0.1875
2 0.7836538461538461 0.5588942307692307 0.19230769230769232 0.1778846153846154
2 0.7932692307692307 0.36538461538461536 0.1875 0.1778846153846154
2 0.8221153846153846 0.14182692307692307 0.1875 0.1778846153846154