2 0.3233173076923077 0.2512019230769231 0.11778846153846154 0.125
2 0.3485576923076923 0.46153846153846156 0.11057692307692307 0.10576923076923077
3 0.39302884615384615 0.6742788461538461 0.13221153846153846 0.12740384615384615
2 0.3954326923076923 0.36778846153846156 0.11057692307692307 0.11057692307692307
2 0.4423076923076923 0.5745192307692307 0.10576923076923077 0.10096153846153846
2 0.43028846153846156 0.25961538461538464 0.11538461538461539 0.11538461538461539
3 0.46875 0.4651442307692308 0.1346153846153846 0.1346153846153846
2 0.5036057692307693 0.7043269230769231 0.10096153846153846 0.09615384615384616
3 0.5204326923076923 0.3473557692307692 0.13942307692307693 0.13942307692307693
3 0.5685096153846154 0.546875 0.1346153846153846 0.13221153846153846
3 0.6033653846153846 0.6610576923076923 0.13221153846153846 0.11778846153846154
2 0.6117788461538461 0.26322115384615385 0.11538461538461539 0.1201923076923077
2 0.6298076923076923 0.4483173076923077 0.11057692307692307 0.10576923076923077
3 0.6983173076923077 0.5649038461538461 0.13942307692307693 0.12740384615384615
3 0.7247596153846154 0.37259615384615385 0.15144230769230768 0.14182692307692307
3 0.328125 0.5697115384615384 0.14423076923076922 0.12740384615384615