2 0.7932692307692307 0.4879807692307692 0.12740384615384615 0.17067307692307693
2 0.7307692307692307 0.24639423076923078 0.1346153846153846 0.17548076923076922
1 0.6875 0.6129807692307693 0.1778846153846154 0.21634615384615385
1 0.6766826923076923 0.4050480769230769 0.16826923076923078 0.22355769230769232
2 0.6418269230769231 0.828125 0.1346153846153846 0.18509615384615385
2 0.59375 0.0829326923076923 0.14182692307692307 0.16346153846153846
1 0.578125 0.2536057692307692 0.17067307692307693 0.21634615384615385
1 0.5420673076923077 0.6622596153846154 0.17307692307692307 0.21875
2 0.5276442307692307 0.8918269230769231 0.1346153846153846 0.18028846153846154
2 0.546875 0.4723557692307692 0.1346153846153846 0.18028846153846154
2 0.4266826923076923 0.7872596153846154 0.1466346153846154 0.19471153846153846
1 0.43990384615384615 0.35096153846153844 0.18028846153846154 0.23557692307692307
1 0.4483173076923077 0.1310096153846154 0.17548076923076922 0.2283653846153846
1 0.40384615384615385 0.5733173076923077 0.17548076923076922 0.22355769230769232
1 0.2800480769230769 0.43149038461538464 0.18509615384615385 0.23557692307692307
2 0.25721153846153844 0.6394230769230769 0.15384615384615385 0.19230769230769232