2 0.4795673076923077 0.34975961538461536 0.1466346153846154 0.15144230769230768
1 0.3389423076923077 0.39663461538461536 0.17307692307692307 0.17307692307692307
2 0.6129807692307693 0.3942307692307692 0.15144230769230768 0.15144230769230768
1 0.22235576923076922 0.4963942307692308 0.1778846153846154 0.17307692307692307
1 0.45913461538461536 0.49399038461538464 0.16346153846153846 0.17067307692307693
2 0.5985576923076923 0.5276442307692307 0.15144230769230768 0.15144230769230768
1 0.35216346153846156 0.6021634615384616 0.17307692307692307 0.17307692307692307
2 0.2127403846153846 0.6490384615384616 0.15144230769230768 0.15144230769230768
2 0.7055288461538461 0.6105769230769231 0.1466346153846154 0.1466346153846154
1 0.49759615384615385 0.6418269230769231 0.1658653846153846 0.1658653846153846
2 0.3918269230769231 0.7415865384615384 0.1466346153846154 0.1466346153846154
1 0.6225961538461539 0.7283653846153846 0.16826923076923078 0.1658653846153846
2 0.25961538461538464 0.7848557692307693 0.15144230769230768 0.15384615384615385
1 0.5060096153846154 0.8257211538461539 0.16826923076923078 0.17067307692307693
2 0.38221153846153844 0.2512019230769231 0.15144230769230768 0.1466346153846154
1 0.5841346153846154 0.24879807692307693 0.1658653846153846 0.17067307692307693