2 0.4891826923076923 0.7644230769230769 0.16346153846153846 0.12980769230769232
2 0.25721153846153844 0.7115384615384616 0.1658653846153846 0.12980769230769232
3 0.6081730769230769 0.6634615384615384 0.21394230769230768 0.1658653846153846
3 0.4098557692307692 0.6538461538461539 0.20432692307692307 0.15144230769230768
2 0.8149038461538461 0.6129807692307693 0.17067307692307693 0.12980769230769232
2 0.08653846153846154 0.5877403846153846 0.1658653846153846 0.1346153846153846
3 0.25841346153846156 0.5661057692307693 0.21153846153846154 0.15865384615384615
3 0.6502403846153846 0.5204326923076923 0.21394230769230768 0.1658653846153846
2 0.8725961538461539 0.49759615384615385 0.17307692307692307 0.1346153846153846
2 0.46634615384615385 0.5288461538461539 0.1778846153846154 0.13221153846153846
2 0.7668269230769231 0.40384615384615385 0.18269230769230768 0.13701923076923078
3 0.3581730769230769 0.43028846153846156 0.21875 0.17067307692307693
3 0.13942307692307693 0.44711538461538464 0.21875 0.17067307692307693
3 0.5612980769230769 0.3918269230769231 0.21875 0.1658653846153846
3 0.41586538461538464 0.27283653846153844 0.23076923076923078 0.18269230769230768
2 0.6153846153846154 0.24158653846153846 0.18990384615384615 0.15384615384615385