2 0.7884615384615384 0.6899038461538461 0.15625 0.15865384615384615
2 0.375 0.6778846153846154 0.1466346153846154 0.15865384615384615
2 0.5637019230769231 0.6754807692307693 0.1466346153846154 0.1466346153846154
2 0.1778846153846154 0.65625 0.14182692307692307 0.15144230769230768
1 0.8233173076923077 0.45913461538461536 0.17067307692307693 0.16105769230769232
1 0.16826923076923078 0.42427884615384615 0.17067307692307693 0.16346153846153846
1 0.6069711538461539 0.42427884615384615 0.16105769230769232 0.17548076923076922
1 0.39903846153846156 0.39903846153846156 0.15865384615384615 0.16346153846153846
1 0.8449519230769231 0.23677884615384615 0.16105769230769232 0.18028846153846154
1 0.17548076923076922 0.21153846153846154 0.1658653846153846 0.17548076923076922
1 0.6225961538461539 0.21153846153846154 0.16346153846153846 0.16346153846153846
1 0.4026442307692308 0.20793269230769232 0.15865384615384615 0.16346153846153846
2 0.7860576923076923 0.8786057692307693 0.1466346153846154 0.14903846153846154
2 0.5637019230769231 0.8485576923076923 0.1466346153846154 0.15865384615384615
2 0.17908653846153846 0.8329326923076923 0.14182692307692307 0.15865384615384615
2 0.38100961538461536 0.8305288461538461 0.15144230769230768 0.15144230769230768