3 0.1658653846153846 0.2608173076923077 0.21394230769230768 0.20673076923076922
3 0.3870192307692308 0.2776442307692308 0.21153846153846154 0.21153846153846154
2 0.8137019230769231 0.34134615384615385 0.17067307692307693 0.17307692307692307
2 0.6117788461538461 0.3389423076923077 0.1658653846153846 0.1658653846153846
3 0.15745192307692307 0.4735576923076923 0.22115384615384615 0.21634615384615385
3 0.3858173076923077 0.49399038461538464 0.21634615384615385 0.21153846153846154
2 0.6045673076923077 0.5228365384615384 0.16826923076923078 0.16826923076923078
2 0.8004807692307693 0.5504807692307693 0.17067307692307693 0.17067307692307693
3 0.35697115384615385 0.7127403846153846 0.22115384615384615 0.21634615384615385
2 0.5769230769230769 0.7331730769230769 0.16826923076923078 0.16826923076923078
3 0.13221153846153846 0.7067307692307693 0.20432692307692307 0.21153846153846154
2 0.7980769230769231 0.7596153846153846 0.17307692307692307 0.17067307692307693
3 0.20432692307692307 0.07932692307692307 0.20192307692307693 0.15865384615384615
3 0.4050480769230769 0.09134615384615384 0.20432692307692307 0.18269230769230768
2 0.640625 0.125 0.16346153846153846 0.15865384615384615
2 0.8245192307692307 0.1502403846153846 0.17307692307692307 0.16826923076923078