2 0.7920673076923077 0.6262019230769231 0.14903846153846154 0.14903846153846154
2 0.4639423076923077 0.6009615384615384 0.14903846153846154 0.14423076923076922
2 0.14423076923076922 0.5805288461538461 0.15384615384615385 0.14423076923076922
1 0.6346153846153846 0.5901442307692307 0.16105769230769232 0.15384615384615385
2 0.2776442307692308 0.5300480769230769 0.14903846153846154 0.13942307692307693
1 0.9050480769230769 0.5072115384615384 0.1658653846153846 0.17067307692307693
2 0.7487980769230769 0.49158653846153844 0.14423076923076922 0.14903846153846154
1 0.41346153846153844 0.4639423076923077 0.1658653846153846 0.1658653846153846
1 0.09014423076923077 0.43509615384615385 0.18028846153846154 0.17307692307692307
1 0.5817307692307693 0.44711538461538464 0.16826923076923078 0.17067307692307693
2 0.24519230769230768 0.3858173076923077 0.16105769230769232 0.15384615384615385
1 0.7115384615384616 0.34375 0.16826923076923078 0.18028846153846154
2 0.4987980769230769 0.32572115384615385 0.15384615384615385 0.15384615384615385
1 0.8894230769230769 0.29086538461538464 0.17548076923076922 0.1778846153846154
1 0.33774038461538464 0.265625 0.1778846153846154 0.1971153846153846
2 0.14783653846153846 0.24879807692307693 0.15865384615384615 0.16105769230769232
1 0.6286057692307693 0.1935096153846154 0.1778846153846154 0.1875
2 0.4639423076923077 0.16947115384615385 0.14903846153846154 0.1658653846153846
2 0.7884615384615384 0.15745192307692307 0.1658653846153846 0.17067307692307693
1 0.5456730769230769 0.8509615384615384 0.16105769230769232 0.14423076923076922
2 0.30408653846153844 0.8341346153846154 0.14423076923076922 0.1346153846153846
1 0.4254807692307692 0.7608173076923077 0.16105769230769232 0.14903846153846154
1 0.16105769230769232 0.7211538461538461 0.16346153846153846 0.14903846153846154
2 0.7055288461538461 0.7283653846153846 0.14903846153846154 0.14182692307692307
2 0.5673076923076923 0.7115384615384616 0.14423076923076922 0.13942307692307693
1 0.30528846153846156 0.6634615384615384 0.1658653846153846 0.15384615384615385