2 0.375 0.15264423076923078 0.15865384615384615 0.15865384615384615
2 0.4074519230769231 0.4963942307692308 0.15144230769230768 0.15865384615384615
2 0.4326923076923077 0.828125 0.15384615384615385 0.1658653846153846
1 0.41466346153846156 0.31850961538461536 0.1658653846153846 0.17067307692307693
2 0.4831730769230769 0.6899038461538461 0.14903846153846154 0.15865384615384615
1 0.4963942307692308 0.0625 0.18028846153846154 0.125
2 0.5144230769230769 0.19471153846153846 0.15625 0.15384615384615385
1 0.5492788461538461 0.546875 0.1778846153846154 0.1778846153846154
1 0.5853365384615384 0.8834134615384616 0.18269230769230768 0.19230769230769232
1 0.5637019230769231 0.36899038461538464 0.18269230769230768 0.18028846153846154
2 0.6346153846153846 0.7175480769230769 0.1658653846153846 0.17067307692307693
1 0.6682692307692307 0.23076923076923078 0.19230769230769232 0.1778846153846154
2 0.6923076923076923 0.4567307692307692 0.16105769230769232 0.1658653846153846
1 0.7211538461538461 0.06971153846153846 0.1875 0.13942307692307693
1 0.7584134615384616 0.6225961538461539 0.2091346153846154 0.1875
2 0.7788461538461539 0.8173076923076923 0.17067307692307693 0.1658653846153846
1 0.828125 0.3161057692307692 0.1971153846153846 0.18990384615384615
2 0.8557692307692307 0.48677884615384615 0.17548076923076922 0.16105769230769232
2 0.8617788461538461 0.14903846153846154 0.18269230769230768 0.18028846153846154
1 0.14423076923076922 0.41346153846153844 0.15384615384615385 0.17067307692307693
2 0.1658653846153846 0.6646634615384616 0.14423076923076922 0.15384615384615385
1 0.23918269230769232 0.5396634615384616 0.15865384615384615 0.17067307692307693
1 0.2848557692307692 0.8125 0.15865384615384615 0.17067307692307693
2 0.2692307692307692 0.24759615384615385 0.14903846153846154 0.15865384615384615
2 0.28966346153846156 0.3894230769230769 0.14903846153846154 0.15144230769230768
1 0.34375 0.6598557692307693 0.16826923076923078 0.17548076923076922