3 0.5769230769230769 0.6646634615384616 0.18990384615384615 0.18990384615384615
3 0.3942307692307692 0.6310096153846154 0.18990384615384615 0.17548076923076922
2 0.7307692307692307 0.5649038461538461 0.15625 0.15144230769230768
2 0.1658653846153846 0.5516826923076923 0.15384615384615385 0.14903846153846154
2 0.5913461538461539 0.5024038461538461 0.16105769230769232 0.15384615384615385
3 0.3016826923076923 0.46634615384615385 0.1875 0.19471153846153846
2 0.6995192307692307 0.3942307692307692 0.16826923076923078 0.15144230769230768
3 0.4699519230769231 0.38822115384615385 0.19471153846153846 0.19471153846153846
2 0.2764423076923077 0.296875 0.15384615384615385 0.16105769230769232
2 0.8028846153846154 0.2668269230769231 0.16105769230769232 0.16105769230769232
3 0.6117788461538461 0.2403846153846154 0.21394230769230768 0.2091346153846154
3 0.4026442307692308 0.17067307692307693 0.20673076923076922 0.2091346153846154
2 0.5120192307692307 0.8125 0.15144230769230768 0.14182692307692307
3 0.34975961538461536 0.7992788461538461 0.18028846153846154 0.18028846153846154
3 0.7524038461538461 0.7319711538461539 0.19951923076923078 0.18269230769230768
2 0.21033653846153846 0.6899038461538461 0.1466346153846154 0.14182692307692307