2 0.5649038461538461 0.5625 0.14182692307692307 0.13701923076923078
2 0.5625 0.7403846153846154 0.13701923076923078 0.13701923076923078
2 0.5588942307692307 0.3858173076923077 0.15144230769230768 0.14182692307692307
2 0.5528846153846154 0.18389423076923078 0.14182692307692307 0.14182692307692307
1 0.3581730769230769 0.7367788461538461 0.15144230769230768 0.15144230769230768
1 0.3581730769230769 0.5576923076923077 0.15144230769230768 0.15144230769230768
1 0.359375 0.36658653846153844 0.15144230769230768 0.15625
1 0.3581730769230769 0.15504807692307693 0.15625 0.15625
1 0.17427884615384615 0.7247596153846154 0.1466346153846154 0.14182692307692307
1 0.1658653846153846 0.13701923076923078 0.16105769230769232 0.15625
1 0.15504807692307693 0.36538461538461536 0.15625 0.1658653846153846
1 0.1466346153846154 0.5733173076923077 0.15625 0.15625
2 0.7668269230769231 0.36658653846153844 0.14182692307692307 0.14182692307692307
2 0.7584134615384616 0.7487980769230769 0.1466346153846154 0.13701923076923078
2 0.7608173076923077 0.15745192307692307 0.1466346153846154 0.14182692307692307
2 0.7415865384615384 0.5444711538461539 0.1466346153846154 0.13701923076923078