3 0.23677884615384615 0.3125 0.18269230769230768 0.18990384615384615
3 0.4375 0.3317307692307692 0.18509615384615385 0.18509615384615385
2 0.8257211538461539 0.390625 0.14903846153846154 0.15384615384615385
2 0.6382211538461539 0.3894230769230769 0.15384615384615385 0.14903846153846154
3 0.22716346153846154 0.5048076923076923 0.18509615384615385 0.18990384615384615
3 0.43149038461538464 0.5228365384615384 0.18990384615384615 0.19230769230769232
2 0.6322115384615384 0.5576923076923077 0.15625 0.15384615384615385
2 0.8125 0.5865384615384616 0.16346153846153846 0.16346153846153846
3 0.20432692307692307 0.7127403846153846 0.1875 0.19471153846153846
3 0.40384615384615385 0.7295673076923077 0.18509615384615385 0.19951923076923078
2 0.6033653846153846 0.7475961538461539 0.15865384615384615 0.15384615384615385
2 0.8016826923076923 0.7716346153846154 0.16346153846153846 0.16346153846153846
3 0.26802884615384615 0.12860576923076922 0.18028846153846154 0.1778846153846154
3 0.45072115384615385 0.1466346153846154 0.18269230769230768 0.18509615384615385
2 0.6658653846153846 0.1935096153846154 0.14903846153846154 0.14903846153846154
2 0.8305288461538461 0.21995192307692307 0.15384615384615385 0.14903846153846154