2 0.7632211538461539 0.5673076923076923 0.17067307692307693 0.17067307692307693
2 0.34375 0.5961538461538461 0.16346153846153846 0.17067307692307693
2 0.5348557692307693 0.5769230769230769 0.16105769230769232 0.16105769230769232
2 0.140625 0.5985576923076923 0.15384615384615385 0.16105769230769232
1 0.7716346153846154 0.3269230769230769 0.1875 0.17548076923076922
1 0.10697115384615384 0.3629807692307692 0.18509615384615385 0.18269230769230768
1 0.5516826923076923 0.3173076923076923 0.17548076923076922 0.1875
1 0.3389423076923077 0.3137019230769231 0.17307692307692307 0.17548076923076922
1 0.7704326923076923 0.10336538461538461 0.17548076923076922 0.19471153846153846
1 0.09375 0.14783653846153846 0.1778846153846154 0.1875
1 0.5432692307692307 0.10216346153846154 0.18269230769230768 0.1778846153846154
1 0.32211538461538464 0.11778846153846154 0.17307692307692307 0.17548076923076922
2 0.7788461538461539 0.7572115384615384 0.15625 0.16105769230769232
2 0.5516826923076923 0.7475961538461539 0.16346153846153846 0.17067307692307693
2 0.1622596153846154 0.7764423076923077 0.15625 0.17067307692307693
2 0.36538461538461536 0.7536057692307693 0.1658653846153846 0.1658653846153846