2 0.2920673076923077 0.31490384615384615 0.1466346153846154 0.13942307692307693
2 0.5192307692307693 0.3581730769230769 0.12740384615384615 0.12980769230769232
3 0.75 0.42427884615384615 0.15144230769230768 0.15144230769230768
2 0.41346153846153844 0.4026442307692308 0.13221153846153846 0.13221153846153846
2 0.6370192307692307 0.47115384615384615 0.11778846153846154 0.125
2 0.29086538461538464 0.4326923076923077 0.13942307692307693 0.13942307692307693
3 0.5144230769230769 0.49038461538461536 0.15625 0.15625
2 0.7764423076923077 0.546875 0.11298076923076923 0.1201923076923077
3 0.38100961538461536 0.5396634615384616 0.16105769230769232 0.16105769230769232
3 0.5973557692307693 0.6069711538461539 0.15384615384615385 0.15625
3 0.7199519230769231 0.6538461538461539 0.14182692307692307 0.15384615384615385
2 0.28125 0.6334134615384616 0.13942307692307693 0.13942307692307693
2 0.484375 0.6658653846153846 0.12740384615384615 0.12980769230769232
3 0.6069711538461539 0.7512019230769231 0.15144230769230768 0.15865384615384615
3 0.39302884615384615 0.7644230769230769 0.16826923076923078 0.17548076923076922
3 0.640625 0.34375 0.14903846153846154 0.16346153846153846