2 0.5096153846153846 0.2548076923076923 0.15625 0.1201923076923077
2 0.2824519230769231 0.3233173076923077 0.15625 0.1201923076923077
3 0.6334134615384616 0.34975961538461536 0.20432692307692307 0.15144230769230768
3 0.43990384615384615 0.3701923076923077 0.19471153846153846 0.13701923076923078
2 0.84375 0.38341346153846156 0.16105769230769232 0.11298076923076923
2 0.12259615384615384 0.46033653846153844 0.15625 0.125
3 0.2932692307692308 0.46875 0.20192307692307693 0.14182692307692307
3 0.6875 0.4855769230769231 0.20432692307692307 0.15144230769230768
2 0.9086538461538461 0.4951923076923077 0.1658653846153846 0.12259615384615384
2 0.5048076923076923 0.49038461538461536 0.17067307692307693 0.1201923076923077
2 0.8125 0.5925480769230769 0.17548076923076922 0.125
3 0.4014423076923077 0.5961538461538461 0.20673076923076922 0.15625
3 0.18389423076923078 0.59375 0.2091346153846154 0.15625
3 0.6081730769230769 0.6225961538461539 0.2091346153846154 0.15144230769230768
3 0.4723557692307692 0.7475961538461539 0.21634615384615385 0.16826923076923078
2 0.6730769230769231 0.765625 0.1778846153846154 0.14182692307692307