3 0.6682692307692307 0.5673076923076923 0.25240384615384615 0.23798076923076922
2 0.5949519230769231 0.24158653846153846 0.19951923076923078 0.19230769230769232
2 0.5853365384615384 0.40384615384615385 0.1971153846153846 0.18509615384615385
3 0.6021634615384616 0.7584134615384616 0.24278846153846154 0.2403846153846154
3 0.42788461538461536 0.31490384615384615 0.24519230769230768 0.25
2 0.5336538461538461 0.9182692307692307 0.1971153846153846 0.16346153846153846
2 0.43509615384615385 0.5024038461538461 0.20432692307692307 0.19230769230769232
2 0.4375 0.6634615384615384 0.20432692307692307 0.19471153846153846
2 0.41225961538461536 0.8365384615384616 0.18990384615384615 0.1971153846153846
3 0.21634615384615385 0.33052884615384615 0.25721153846153844 0.25721153846153844
3 0.25240384615384615 0.5348557692307693 0.2620192307692308 0.24759615384615385
3 0.2403846153846154 0.75 0.25721153846153844 0.25721153846153844
3 0.8822115384615384 0.5336538461538461 0.23557692307692307 0.23557692307692307
3 0.7620192307692307 0.3713942307692308 0.24519230769230768 0.24519230769230768
2 0.796875 0.6959134615384616 0.1971153846153846 0.20192307692307693
2 0.7560096153846154 0.8497596153846154 0.18990384615384615 0.18509615384615385