3 0.4230769230769231 0.3112980769230769 0.1971153846153846 0.21394230769230768
2 0.7391826923076923 0.31490384615384615 0.16105769230769232 0.17067307692307693
2 0.5901442307692307 0.3557692307692308 0.15384615384615385 0.16826923076923078
3 0.2608173076923077 0.41225961538461536 0.20192307692307693 0.20432692307692307
3 0.7043269230769231 0.48197115384615385 0.2091346153846154 0.20673076923076922
2 0.11057692307692307 0.5084134615384616 0.16346153846153846 0.16826923076923078
2 0.5276442307692307 0.5144230769230769 0.15865384615384615 0.17307692307692307
2 0.3798076923076923 0.5456730769230769 0.16105769230769232 0.17307692307692307
2 0.22596153846153846 0.6021634615384616 0.1658653846153846 0.15865384615384615
3 0.7307692307692307 0.6838942307692307 0.21394230769230768 0.21875
3 0.5348557692307693 0.6911057692307693 0.20673076923076922 0.22355769230769232
3 0.3389423076923077 0.7415865384615384 0.21875 0.21875
3 0.4110576923076923 0.1045673076923077 0.1971153846153846 0.20673076923076922
3 0.5865384615384616 0.18870192307692307 0.20673076923076922 0.20673076923076922
2 0.2800480769230769 0.21754807692307693 0.17067307692307693 0.16346153846153846
2 0.14543269230769232 0.2848557692307692 0.15625 0.16105769230769232