2 0.5252403846153846 0.3641826923076923 0.16105769230769232 0.17067307692307693
2 0.7415865384615384 0.35216346153846156 0.1658653846153846 0.1658653846153846
2 0.3485576923076923 0.375 0.14903846153846154 0.15384615384615385
2 0.15504807692307693 0.38822115384615385 0.1466346153846154 0.16105769230769232
1 0.7668269230769231 0.53125 0.17548076923076922 0.17307692307692307
1 0.5588942307692307 0.5637019230769231 0.16826923076923078 0.18028846153846154
1 0.35697115384615385 0.5805288461538461 0.16826923076923078 0.17548076923076922
1 0.17427884615384615 0.6081730769230769 0.16826923076923078 0.17548076923076922
1 0.7668269230769231 0.7355769230769231 0.18269230769230768 0.18269230769230768
1 0.37740384615384615 0.7776442307692307 0.16826923076923078 0.1875
1 0.5600961538461539 0.7716346153846154 0.16826923076923078 0.18509615384615385
1 0.18990384615384615 0.8088942307692307 0.16346153846153846 0.17548076923076922
2 0.7391826923076923 0.14543269230769232 0.15625 0.16346153846153846
2 0.5216346153846154 0.171875 0.14903846153846154 0.1658653846153846
2 0.3449519230769231 0.19951923076923078 0.14903846153846154 0.16105769230769232
2 0.13942307692307693 0.21634615384615385 0.14903846153846154 0.16105769230769232