2 0.4338942307692308 0.44471153846153844 0.15144230769230768 0.1466346153846154
2 0.4098557692307692 0.27283653846153844 0.14903846153846154 0.1466346153846154
2 0.4675480769230769 0.6177884615384616 0.16105769230769232 0.15384615384615385
2 0.5048076923076923 0.8125 0.15384615384615385 0.15144230769230768
1 0.6081730769230769 0.2439903846153846 0.1658653846153846 0.16346153846153846
1 0.6358173076923077 0.41947115384615385 0.16346153846153846 0.16826923076923078
1 0.6634615384615384 0.6045673076923077 0.16346153846153846 0.16826923076923078
1 0.6983173076923077 0.8112980769230769 0.16826923076923078 0.16826923076923078
1 0.7908653846153846 0.22596153846153846 0.15625 0.15625
1 0.8882211538461539 0.7992788461538461 0.17307692307692307 0.16826923076923078
1 0.8641826923076923 0.5733173076923077 0.17067307692307693 0.18028846153846154
1 0.8401442307692307 0.3713942307692308 0.16826923076923078 0.16826923076923078
2 0.26802884615384615 0.6670673076923077 0.15625 0.15384615384615385
2 0.21634615384615385 0.29447115384615385 0.15865384615384615 0.15144230769230768
2 0.30528846153846156 0.8701923076923077 0.16105769230769232 0.15384615384615385
2 0.2644230769230769 0.49158653846153844 0.16105769230769232 0.15144230769230768