3 0.5865384615384616 0.3317307692307692 0.1875 0.1875
3 0.4254807692307692 0.38341346153846156 0.1875 0.17548076923076922
2 0.7355769230769231 0.4014423076923077 0.15384615384615385 0.14903846153846154
2 0.22596153846153846 0.4795673076923077 0.15384615384615385 0.14903846153846154
2 0.6165865384615384 0.47716346153846156 0.15865384615384615 0.15384615384615385
3 0.359375 0.5384615384615384 0.18509615384615385 0.18990384615384615
2 0.7259615384615384 0.5600961538461539 0.16346153846153846 0.14903846153846154
3 0.5192307692307693 0.5925480769230769 0.19230769230769232 0.18990384615384615
2 0.3557692307692308 0.6971153846153846 0.15384615384615385 0.15865384615384615
2 0.8329326923076923 0.6658653846153846 0.15865384615384615 0.15865384615384615
3 0.6634615384615384 0.7079326923076923 0.21153846153846154 0.20673076923076922
3 0.4831730769230769 0.796875 0.20673076923076922 0.20673076923076922
2 0.5084134615384616 0.203125 0.1466346153846154 0.13942307692307693
3 0.36538461538461536 0.234375 0.1778846153846154 0.18028846153846154
3 0.7355769230769231 0.24879807692307693 0.19951923076923078 0.18269230769230768
2 0.25240384615384615 0.3473557692307692 0.14182692307692307 0.13701923076923078