2 0.6057692307692307 0.1935096153846154 0.15144230769230768 0.15144230769230768
2 0.609375 0.5216346153846154 0.14423076923076922 0.15144230769230768
2 0.6177884615384616 0.8377403846153846 0.1466346153846154 0.15625
1 0.5853365384615384 0.35336538461538464 0.15625 0.16105769230769232
2 0.5552884615384616 0.7115384615384616 0.14182692307692307 0.15144230769230768
1 0.47836538461538464 0.09495192307692307 0.17067307692307693 0.1658653846153846
2 0.47836538461538464 0.24759615384615385 0.14903846153846154 0.1466346153846154
1 0.4795673076923077 0.5829326923076923 0.1658653846153846 0.1658653846153846
1 0.4795673076923077 0.9038461538461539 0.17307692307692307 0.18028846153846154
1 0.4483173076923077 0.4170673076923077 0.17067307692307693 0.17067307692307693
2 0.41586538461538464 0.7536057692307693 0.15625 0.16105769230769232
1 0.33533653846153844 0.296875 0.18269230769230768 0.16826923076923078
2 0.33413461538461536 0.5108173076923077 0.15384615384615385 0.15625
1 0.2668269230769231 0.12620192307692307 0.18269230769230768 0.18028846153846154
1 0.28966346153846156 0.6754807692307693 0.1971153846153846 0.1778846153846154
2 0.28966346153846156 0.8617788461538461 0.16105769230769232 0.15865384615384615
1 0.1935096153846154 0.39302884615384615 0.1875 0.18269230769230768
2 0.18389423076923078 0.5564903846153846 0.1658653846153846 0.15144230769230768
2 0.14423076923076922 0.23798076923076922 0.17067307692307693 0.17067307692307693
1 0.8497596153846154 0.4170673076923077 0.1466346153846154 0.16105769230769232
2 0.8545673076923077 0.65625 0.13701923076923078 0.1466346153846154
1 0.7716346153846154 0.5456730769230769 0.15144230769230768 0.16105769230769232
1 0.7560096153846154 0.8076923076923077 0.15144230769230768 0.16105769230769232
2 0.7139423076923077 0.27163461538461536 0.14182692307692307 0.15144230769230768
2 0.7091346153846154 0.40865384615384615 0.14182692307692307 0.14423076923076922
1 0.6862980769230769 0.6694711538461539 0.15625 0.1658653846153846