3 0.5132211538461539 0.625 0.19230769230769232 0.19230769230769232
3 0.7367788461538461 0.6129807692307693 0.1971153846153846 0.18509615384615385
2 0.2956730769230769 0.578125 0.15865384615384615 0.15865384615384615
2 0.11778846153846154 0.5769230769230769 0.15865384615384615 0.15384615384615385
3 0.75 0.42908653846153844 0.20432692307692307 0.19230769230769232
3 0.5036057692307693 0.43149038461538464 0.1971153846153846 0.1971153846153846
2 0.09134615384615384 0.40865384615384615 0.15865384615384615 0.15865384615384615
2 0.28846153846153844 0.390625 0.16346153846153846 0.16346153846153846
2 0.26802884615384615 0.21514423076923078 0.16826923076923078 0.17307692307692307
2 0.0829326923076923 0.21634615384615385 0.1658653846153846 0.16346153846153846
3 0.78125 0.16826923076923078 0.21394230769230768 0.22355769230769232
3 0.47115384615384615 0.1778846153846154 0.20432692307692307 0.21875
3 0.7415865384615384 0.8100961538461539 0.19471153846153846 0.17067307692307693
3 0.5300480769230769 0.8052884615384616 0.18269230769230768 0.17548076923076922
2 0.1346153846153846 0.7463942307692307 0.15384615384615385 0.1466346153846154
2 0.3088942307692308 0.7367788461538461 0.15384615384615385 0.14423076923076922