2 0.6947115384615384 0.3762019230769231 0.15144230769230768 0.15384615384615385
2 0.5552884615384616 0.37740384615384615 0.14903846153846154 0.15144230769230768
1 0.40865384615384615 0.38822115384615385 0.16826923076923078 0.17307692307692307
1 0.25 0.4362980769230769 0.17548076923076922 0.19471153846153846
2 0.7932692307692307 0.47475961538461536 0.15384615384615385 0.1466346153846154
1 0.6478365384615384 0.5180288461538461 0.1658653846153846 0.17307692307692307
2 0.5 0.5072115384615384 0.14903846153846154 0.14903846153846154
1 0.765625 0.6213942307692307 0.1658653846153846 0.16346153846153846
1 0.40384615384615385 0.6237980769230769 0.1658653846153846 0.16826923076923078
1 0.5600961538461539 0.6418269230769231 0.17067307692307693 0.17307692307692307
2 0.234375 0.6310096153846154 0.16346153846153846 0.16346153846153846
2 0.6682692307692307 0.7451923076923077 0.15625 0.15144230769230768
1 0.31850961538461536 0.7716346153846154 0.17067307692307693 0.17307692307692307
2 0.4951923076923077 0.7872596153846154 0.15144230769230768 0.16105769230769232
2 0.49038461538461536 0.25240384615384615 0.15625 0.16346153846153846
1 0.3125 0.25240384615384615 0.18509615384615385 0.17548076923076922