3 0.6935096153846154 0.7007211538461539 0.23076923076923078 0.23317307692307693
2 0.7175480769230769 0.37740384615384615 0.18990384615384615 0.18990384615384615
2 0.734375 0.16826923076923078 0.1971153846153846 0.20192307692307693
3 0.45552884615384615 0.8930288461538461 0.23317307692307693 0.21394230769230768
3 0.49278846153846156 0.6478365384615384 0.23557692307692307 0.23317307692307693
2 0.5048076923076923 0.36177884615384615 0.1971153846153846 0.20192307692307693
2 0.5012019230769231 0.13942307692307693 0.1971153846153846 0.21153846153846154
3 0.2127403846153846 0.8653846153846154 0.23798076923076922 0.21875
3 0.25 0.6310096153846154 0.25721153846153844 0.25
2 0.23918269230769232 0.35096153846153844 0.20673076923076922 0.20192307692307693
2 0.25961538461538464 0.11298076923076923 0.21394230769230768 0.2091346153846154
3 0.8569711538461539 0.9182692307692307 0.18509615384615385 0.16346153846153846
3 0.890625 0.7151442307692307 0.1875 0.21634615384615385
2 0.9266826923076923 0.18509615384615385 0.1466346153846154 0.1971153846153846
2 0.9050480769230769 0.41346153846153844 0.18269230769230768 0.18269230769230768
3 0.6778846153846154 0.9002403846153846 0.22596153846153846 0.19951923076923078