3 0.47475961538461536 0.6814903846153846 0.20192307692307693 0.21875
2 0.7752403846153846 0.6370192307692307 0.16826923076923078 0.17307692307692307
2 0.6274038461538461 0.6165865384615384 0.16105769230769232 0.17307692307692307
3 0.30288461538461536 0.6069711538461539 0.20673076923076922 0.21153846153846154
3 0.71875 0.4795673076923077 0.21634615384615385 0.21153846153846154
2 0.14543269230769232 0.5348557692307693 0.17067307692307693 0.17307692307692307
2 0.546875 0.4723557692307692 0.1658653846153846 0.1778846153846154
2 0.39903846153846156 0.4639423076923077 0.16826923076923078 0.1778846153846154
2 0.2439903846153846 0.42908653846153844 0.17067307692307693 0.16346153846153846
3 0.71875 0.2824519230769231 0.22115384615384615 0.22355769230769232
3 0.5288461538461539 0.30288461538461536 0.21394230769230768 0.2283653846153846
3 0.33413461538461536 0.27884615384615385 0.22355769230769232 0.22355769230769232
3 0.49038461538461536 0.8822115384615384 0.20192307692307693 0.21153846153846154
3 0.6466346153846154 0.7776442307692307 0.21153846153846154 0.21153846153846154
2 0.3485576923076923 0.7920673076923077 0.17307692307692307 0.17067307692307693
2 0.2091346153846154 0.7439903846153846 0.16105769230769232 0.1658653846153846