1 0.3918269230769231 0.31971153846153844 0.1778846153846154 0.18269230769230768
2 0.7644230769230769 0.3762019230769231 0.17548076923076922 0.1658653846153846
2 0.4879807692307692 0.4182692307692308 0.15384615384615385 0.15144230769230768
2 0.2692307692307692 0.40625 0.14903846153846154 0.14903846153846154
1 0.6730769230769231 0.49399038461538464 0.1875 0.18269230769230768
1 0.3858173076923077 0.5228365384615384 0.1778846153846154 0.1875
1 0.8028846153846154 0.5901442307692307 0.18509615384615385 0.18269230769230768
1 0.53125 0.5588942307692307 0.18269230769230768 0.18990384615384615
2 0.24278846153846154 0.5432692307692307 0.15144230769230768 0.15865384615384615
2 0.6538461538461539 0.6442307692307693 0.16105769230769232 0.16346153846153846
1 0.3894230769230769 0.6778846153846154 0.17307692307692307 0.17067307692307693
1 0.5372596153846154 0.7223557692307693 0.17548076923076922 0.17548076923076922
2 0.44471153846153844 0.8389423076923077 0.15865384615384615 0.16346153846153846
1 0.7151442307692307 0.23677884615384615 0.18990384615384615 0.18509615384615385
2 0.5012019230769231 0.22115384615384615 0.16346153846153846 0.16105769230769232
2 0.5889423076923077 0.32572115384615385 0.16105769230769232 0.16346153846153846