3 0.6814903846153846 0.7800480769230769 0.1971153846153846 0.19471153846153846
3 0.6478365384615384 0.5841346153846154 0.19471153846153846 0.19471153846153846
2 0.6021634615384616 0.2920673076923077 0.16346153846153846 0.16346153846153846
2 0.5793269230769231 0.09735576923076923 0.16346153846153846 0.16826923076923078
3 0.4807692307692308 0.8197115384615384 0.19230769230769232 0.20432692307692307
3 0.4543269230769231 0.5793269230769231 0.20432692307692307 0.20432692307692307
2 0.4026442307692308 0.32211538461538464 0.15625 0.16346153846153846
2 0.359375 0.12139423076923077 0.17067307692307693 0.17307692307692307
3 0.23197115384615385 0.6153846153846154 0.22115384615384615 0.21634615384615385
3 0.24879807692307693 0.8413461538461539 0.21634615384615385 0.21153846153846154
2 0.15985576923076922 0.36658653846153844 0.1778846153846154 0.17067307692307693
2 0.1346153846153846 0.1466346153846154 0.18509615384615385 0.17548076923076922
3 0.8605769230769231 0.7752403846153846 0.18509615384615385 0.18990384615384615
3 0.8449519230769231 0.5576923076923077 0.18990384615384615 0.18990384615384615
2 0.7740384615384616 0.0733173076923077 0.15865384615384615 0.1466346153846154
2 0.7788461538461539 0.27884615384615385 0.15384615384615385 0.16346153846153846