2 0.3401442307692308 0.15144230769230768 0.16346153846153846 0.16105769230769232
2 0.3605769230769231 0.5709134615384616 0.16346153846153846 0.15384615384615385
2 0.3581730769230769 0.3786057692307692 0.15384615384615385 0.15384615384615385
2 0.3858173076923077 0.7716346153846154 0.15625 0.1466346153846154
1 0.5757211538461539 0.11177884615384616 0.1658653846153846 0.17307692307692307
1 0.6213942307692307 0.7776442307692307 0.16826923076923078 0.17307692307692307
1 0.6141826923076923 0.33052884615384615 0.1778846153846154 0.1658653846153846
1 0.6430288461538461 0.5420673076923077 0.16826923076923078 0.16346153846153846
1 0.7992788461538461 0.08653846153846154 0.18509615384615385 0.16826923076923078
1 0.8377403846153846 0.765625 0.1778846153846154 0.17307692307692307
1 0.8305288461538461 0.31009615384615385 0.16826923076923078 0.16826923076923078
1 0.8377403846153846 0.5348557692307693 0.16826923076923078 0.16346153846153846
2 0.14903846153846154 0.15865384615384615 0.15384615384615385 0.14903846153846154
2 0.18389423076923078 0.38221153846153844 0.16346153846153846 0.15384615384615385
2 0.20673076923076922 0.7728365384615384 0.16346153846153846 0.1466346153846154
2 0.20432692307692307 0.5685096153846154 0.15865384615384615 0.15865384615384615