3 0.7391826923076923 0.6610576923076923 0.20432692307692307 0.20432692307692307
3 0.71875 0.47475961538461536 0.19230769230769232 0.20192307692307693
2 0.6322115384615384 0.8076923076923077 0.16105769230769232 0.1658653846153846
2 0.6550480769230769 0.23798076923076922 0.15865384615384615 0.1658653846153846
2 0.5757211538461539 0.6622596153846154 0.16826923076923078 0.17307692307692307
3 0.5637019230769231 0.3701923076923077 0.20673076923076922 0.20432692307692307
2 0.46274038461538464 0.7644230769230769 0.16346153846153846 0.18028846153846154
3 0.4699519230769231 0.5336538461538461 0.2091346153846154 0.21153846153846154
2 0.3918269230769231 0.3329326923076923 0.17307692307692307 0.16826923076923078
2 0.3245192307692308 0.8581730769230769 0.17307692307692307 0.17307692307692307
3 0.31490384615384615 0.6646634615384616 0.22355769230769232 0.2283653846153846
3 0.25721153846153844 0.45072115384615385 0.22355769230769232 0.22355769230769232
2 0.8954326923076923 0.6045673076923077 0.15144230769230768 0.16105769230769232
3 0.890625 0.4423076923076923 0.19471153846153846 0.19230769230769232
3 0.7980769230769231 0.8413461538461539 0.1971153846153846 0.21394230769230768
2 0.7944711538461539 0.29447115384615385 0.15144230769230768 0.15625