2 0.3737980769230769 0.8245192307692307 0.16346153846153846 0.1778846153846154
3 0.3449519230769231 0.45072115384615385 0.21634615384615385 0.21634615384615385
3 0.4098557692307692 0.6334134615384616 0.21634615384615385 0.20673076923076922
2 0.4254807692307692 0.28125 0.17067307692307693 0.1778846153846154
2 0.5144230769230769 0.8473557692307693 0.16105769230769232 0.16826923076923078
2 0.5084134615384616 0.41466346153846156 0.17548076923076922 0.17548076923076922
3 0.5901442307692307 0.703125 0.22115384615384615 0.2091346153846154
2 0.609375 0.28966346153846156 0.20432692307692307 0.1778846153846154
3 0.6526442307692307 0.5228365384615384 0.22596153846153846 0.21153846153846154
2 0.7704326923076923 0.7007211538461539 0.18990384615384615 0.17548076923076922
2 0.7223557692307693 0.16466346153846154 0.19471153846153846 0.18509615384615385
3 0.7752403846153846 0.3629807692307692 0.23557692307692307 0.22596153846153846
3 0.8774038461538461 0.5576923076923077 0.23557692307692307 0.22355769230769232
2 0.20192307692307693 0.5372596153846154 0.15865384615384615 0.16826923076923078
3 0.234375 0.6995192307692307 0.1971153846153846 0.20673076923076922
3 0.24879807692307693 0.2776442307692308 0.2091346153846154 0.22115384615384615