3 0.4699519230769231 0.3125 0.21394230769230768 0.21153846153846154
2 0.13942307692307693 0.3485576923076923 0.16346153846153846 0.16105769230769232
2 0.30528846153846156 0.36177884615384615 0.16105769230769232 0.16826923076923078
2 0.796875 0.33533653846153844 0.17307692307692307 0.1658653846153846
2 0.6274038461538461 0.3545673076923077 0.16105769230769232 0.15865384615384615
3 0.20793269230769232 0.5024038461538461 0.21634615384615385 0.21153846153846154
3 0.40865384615384615 0.49038461538461536 0.21634615384615385 0.21153846153846154
3 0.7620192307692307 0.4963942307692308 0.21634615384615385 0.2091346153846154
2 0.5865384615384616 0.5096153846153846 0.1875 0.17548076923076922
2 0.30288461538461536 0.6574519230769231 0.17067307692307693 0.18028846153846154
3 0.49399038461538464 0.6658653846153846 0.21634615384615385 0.21153846153846154
3 0.6971153846153846 0.6887019230769231 0.21153846153846154 0.22355769230769232
2 0.390625 0.15745192307692307 0.15865384615384615 0.16105769230769232
2 0.5396634615384616 0.15384615384615385 0.16346153846153846 0.15865384615384615
3 0.23197115384615385 0.2127403846153846 0.2091346153846154 0.19471153846153846
3 0.7079326923076923 0.18389423076923078 0.2091346153846154 0.2091346153846154