1 0.42788461538461536 0.6526442307692307 0.14903846153846154 0.15144230769230768
1 0.21754807692307693 0.6598557692307693 0.15384615384615385 0.15865384615384615
1 0.6370192307692307 0.6105769230769231 0.15144230769230768 0.15384615384615385
1 0.7848557692307693 0.5901442307692307 0.15144230769230768 0.15144230769230768
2 0.19471153846153846 0.484375 0.13701923076923078 0.14182692307692307
2 0.7307692307692307 0.4110576923076923 0.1346153846153846 0.13942307692307693
2 0.3954326923076923 0.45072115384615385 0.1346153846153846 0.14182692307692307
2 0.5480769230769231 0.4206730769230769 0.1346153846153846 0.13942307692307693
2 0.39903846153846156 0.30408653846153844 0.1346153846153846 0.14182692307692307
2 0.7151442307692307 0.26322115384615385 0.1346153846153846 0.13701923076923078
2 0.5540865384615384 0.2668269230769231 0.13221153846153846 0.1346153846153846
2 0.18629807692307693 0.3076923076923077 0.1346153846153846 0.14182692307692307
1 0.2644230769230769 0.84375 0.15384615384615385 0.15865384615384615
1 0.4579326923076923 0.7872596153846154 0.15144230769230768 0.14903846153846154
1 0.7848557692307693 0.7403846153846154 0.14903846153846154 0.15144230769230768
1 0.6478365384615384 0.7572115384615384 0.15144230769230768 0.15144230769230768