3 0.33413461538461536 0.5276442307692307 0.20432692307692307 0.1875
2 0.3581730769230769 0.23076923076923078 0.16105769230769232 0.15384615384615385
2 0.38822115384615385 0.375 0.16105769230769232 0.1466346153846154
3 0.4182692307692308 0.6899038461538461 0.19471153846153846 0.19230769230769232
3 0.515625 0.27403846153846156 0.1971153846153846 0.19951923076923078
2 0.5 0.8389423076923077 0.16105769230769232 0.15625
2 0.5336538461538461 0.4423076923076923 0.1658653846153846 0.15144230769230768
2 0.5540865384615384 0.5865384615384616 0.1658653846153846 0.15384615384615385
2 0.5961538461538461 0.7367788461538461 0.15144230769230768 0.15865384615384615
3 0.7079326923076923 0.2620192307692308 0.20673076923076922 0.20432692307692307
3 0.7019230769230769 0.4483173076923077 0.21153846153846154 0.1971153846153846
3 0.7367788461538461 0.6382211538461539 0.20673076923076922 0.20673076923076922
3 0.13822115384615385 0.5264423076923077 0.1971153846153846 0.1875
3 0.22956730769230768 0.36658653846153844 0.1971153846153846 0.1971153846153846
2 0.23557692307692307 0.6586538461538461 0.15625 0.16105769230769232
2 0.29086538461538464 0.7920673076923077 0.15384615384615385 0.14903846153846154