3 0.41466346153846156 0.2776442307692308 0.22355769230769232 0.22115384615384615
2 0.7091346153846154 0.35336538461538464 0.18028846153846154 0.18028846153846154
2 0.9002403846153846 0.4050480769230769 0.19471153846153846 0.1875
3 0.16105769230769232 0.42788461538461536 0.22355769230769232 0.22596153846153846
3 0.39903846153846156 0.4723557692307692 0.22355769230769232 0.22596153846153846
2 0.65625 0.5480769230769231 0.19471153846153846 0.1875
2 0.8569711538461539 0.6213942307692307 0.20432692307692307 0.18990384615384615
3 0.11057692307692307 0.6526442307692307 0.22115384615384615 0.2283653846153846
3 0.34134615384615385 0.6947115384615384 0.23798076923076922 0.24519230769230768
2 0.5877403846153846 0.7896634615384616 0.18990384615384615 0.19951923076923078
2 0.8064903846153846 0.8449519230769231 0.20192307692307693 0.20432692307692307
3 0.25 0.07211538461538461 0.21634615384615385 0.14423076923076922
3 0.4639423076923077 0.09375 0.21153846153846154 0.1875
2 0.9290865384615384 0.20432692307692307 0.14182692307692307 0.18269230769230768
2 0.7355769230769231 0.17668269230769232 0.1778846153846154 0.17548076923076922
3 0.21754807692307693 0.2247596153846154 0.22115384615384615 0.21634615384615385