2 0.34615384615384615 0.3557692307692308 0.16826923076923078 0.17548076923076922
2 0.3233173076923077 0.7415865384615384 0.1658653846153846 0.17067307692307693
2 0.4543269230769231 0.24879807692307693 0.17307692307692307 0.17548076923076922
3 0.47596153846153844 0.46033653846153844 0.22115384615384615 0.21875
3 0.44471153846153844 0.8774038461538461 0.23557692307692307 0.22355769230769232
3 0.47596153846153844 0.6574519230769231 0.21875 0.21634615384615385
2 0.625 0.36778846153846156 0.1875 0.1778846153846154
3 0.6514423076923077 0.5540865384615384 0.23076923076923078 0.22596153846153846
3 0.6454326923076923 0.7668269230769231 0.22355769230769232 0.22596153846153846
2 0.7475961538461539 0.2668269230769231 0.18269230769230768 0.1875
3 0.8509615384615384 0.43990384615384615 0.23317307692307693 0.2283653846153846
3 0.8233173076923077 0.6706730769230769 0.24278846153846154 0.23317307692307693
3 0.14783653846153846 0.4723557692307692 0.22115384615384615 0.22115384615384615
2 0.20793269230769232 0.3088942307692308 0.1658653846153846 0.17067307692307693
2 0.22716346153846154 0.6262019230769231 0.17548076923076922 0.17307692307692307
2 0.3112980769230769 0.5060096153846154 0.1658653846153846 0.17067307692307693