1 0.7103365384615384 0.3473557692307692 0.18990384615384615 0.19471153846153846
2 0.28725961538461536 0.3317307692307692 0.1875 0.17307692307692307
2 0.5829326923076923 0.4362980769230769 0.1658653846153846 0.15865384615384615
2 0.8245192307692307 0.46875 0.15865384615384615 0.16105769230769232
1 0.3641826923076923 0.48197115384615385 0.19951923076923078 0.19471153846153846
1 0.6730769230769231 0.5709134615384616 0.18990384615384615 0.19951923076923078
1 0.20072115384615385 0.5576923076923077 0.1971153846153846 0.19471153846153846
1 0.5048076923076923 0.5793269230769231 0.19471153846153846 0.20432692307692307
2 0.8245192307692307 0.6274038461538461 0.16105769230769232 0.17067307692307693
2 0.35216346153846156 0.6502403846153846 0.17307692307692307 0.17548076923076922
1 0.6346153846153846 0.7439903846153846 0.18509615384615385 0.18509615384615385
1 0.4639423076923077 0.7608173076923077 0.1875 0.18990384615384615
2 0.5408653846153846 0.9050480769230769 0.17067307692307693 0.17307692307692307
1 0.3713942307692308 0.1875 0.20192307692307693 0.1971153846153846
2 0.6105769230769231 0.21995192307692307 0.17307692307692307 0.17307692307692307
2 0.49158653846153844 0.31490384615384615 0.17307692307692307 0.17548076923076922