2 0.7524038461538461 0.6730769230769231 0.12259615384615384 0.11298076923076923
2 0.5420673076923077 0.6550480769230769 0.10336538461538461 0.10817307692307693
3 0.3269230769230769 0.6177884615384616 0.12259615384615384 0.12740384615384615
2 0.6322115384615384 0.6045673076923077 0.10817307692307693 0.10817307692307693
2 0.4254807692307692 0.5649038461538461 0.0985576923076923 0.10336538461538461
2 0.7403846153846154 0.5661057692307693 0.11298076923076923 0.11298076923076923
3 0.5336538461538461 0.5336538461538461 0.12980769230769232 0.12980769230769232
2 0.2932692307692308 0.5084134615384616 0.09375 0.0985576923076923
3 0.6490384615384616 0.47836538461538464 0.1346153846153846 0.1346153846153846
3 0.4483173076923077 0.4375 0.12740384615384615 0.12980769230769232
3 0.3329326923076923 0.4074519230769231 0.11298076923076923 0.12980769230769232
2 0.7307692307692307 0.38461538461538464 0.11778846153846154 0.11298076923076923
2 0.5432692307692307 0.3737980769230769 0.10336538461538461 0.10817307692307693
3 0.4254807692307692 0.3088942307692308 0.12259615384615384 0.1346153846153846
3 0.6165865384615384 0.2764423076923077 0.13701923076923078 0.1466346153846154
3 0.4338942307692308 0.6790865384615384 0.12259615384615384 0.13942307692307693