1 0.4338942307692308 0.44471153846153844 0.15144230769230768 0.14423076923076922
1 0.4375 0.22956730769230768 0.15625 0.15144230769230768
1 0.46634615384615385 0.6610576923076923 0.15384615384615385 0.14903846153846154
1 0.47836538461538464 0.8137019230769231 0.15144230769230768 0.14903846153846154
2 0.6189903846153846 0.21394230769230768 0.13701923076923078 0.1346153846153846
2 0.6646634615384616 0.7692307692307693 0.1346153846153846 0.1346153846153846
2 0.6418269230769231 0.421875 0.13701923076923078 0.1346153846153846
2 0.6646634615384616 0.5817307692307693 0.1346153846153846 0.1346153846153846
2 0.7920673076923077 0.4338942307692308 0.13701923076923078 0.1346153846153846
2 0.8185096153846154 0.7608173076923077 0.1346153846153846 0.1346153846153846
2 0.8221153846153846 0.59375 0.13221153846153846 0.12980769230769232
2 0.8016826923076923 0.21514423076923078 0.13701923076923078 0.1346153846153846
1 0.24639423076923078 0.2668269230769231 0.15625 0.15144230769230768
1 0.2932692307692308 0.46875 0.14423076923076922 0.15144230769230768
1 0.3245192307692308 0.8064903846153846 0.15144230769230768 0.14423076923076922
1 0.31490384615384615 0.6634615384615384 0.15144230769230768 0.14903846153846154