2 0.4014423076923077 0.8293269230769231 0.15384615384615385 0.17067307692307693
3 0.39783653846153844 0.4483173076923077 0.20432692307692307 0.20432692307692307
3 0.4519230769230769 0.6382211538461539 0.20432692307692307 0.19951923076923078
2 0.49278846153846156 0.28125 0.15865384615384615 0.17067307692307693
2 0.5432692307692307 0.8629807692307693 0.15384615384615385 0.15865384615384615
2 0.5661057692307693 0.4230769230769231 0.16346153846153846 0.16346153846153846
3 0.6286057692307693 0.7211538461538461 0.21153846153846154 0.19951923076923078
2 0.6778846153846154 0.30288461538461536 0.1971153846153846 0.1658653846153846
3 0.7055288461538461 0.5420673076923077 0.21875 0.19951923076923078
2 0.8125 0.7319711538461539 0.18269230769230768 0.16826923076923078
2 0.8016826923076923 0.18509615384615385 0.1875 0.1778846153846154
3 0.8413461538461539 0.3894230769230769 0.2283653846153846 0.21394230769230768
3 0.9086538461538461 0.5961538461538461 0.18269230769230768 0.21153846153846154
2 0.24879807692307693 0.5252403846153846 0.15144230769230768 0.15865384615384615
3 0.26802884615384615 0.6935096153846154 0.18990384615384615 0.19951923076923078
3 0.31490384615384615 0.265625 0.19951923076923078 0.21153846153846154