2 0.23317307692307693 0.44711538461538464 0.13221153846153846 0.16105769230769232
2 0.3293269230769231 0.23677884615384615 0.13221153846153846 0.16346153846153846
3 0.30528846153846156 0.5805288461538461 0.16826923076923078 0.21394230769230768
3 0.3545673076923077 0.39663461538461536 0.15384615384615385 0.20192307692307693
2 0.31009615384615385 0.7872596153846154 0.12740384615384615 0.1658653846153846
2 0.4807692307692308 0.10096153846153846 0.13701923076923078 0.1658653846153846
3 0.4651442307692308 0.26802884615384615 0.15625 0.20673076923076922
3 0.43149038461538464 0.6502403846153846 0.16826923076923078 0.21394230769230768
2 0.4098557692307692 0.8641826923076923 0.1346153846153846 0.17067307692307693
2 0.46033653846153844 0.47475961538461536 0.1346153846153846 0.17548076923076922
2 0.5168269230769231 0.7848557692307693 0.13942307692307693 0.18269230769230768
3 0.5769230769230769 0.3894230769230769 0.17307692307692307 0.21634615384615385
3 0.6045673076923077 0.17908653846153846 0.17307692307692307 0.21875
3 0.5709134615384616 0.5925480769230769 0.16826923076923078 0.21875
3 0.7127403846153846 0.47836538461538464 0.18269230769230768 0.22596153846153846
2 0.703125 0.6742788461538461 0.15625 0.1875