3 0.2848557692307692 0.42788461538461536 0.21875 0.21634615384615385
3 0.25961538461538464 0.20072115384615385 0.21394230769230768 0.20673076923076922
2 0.3641826923076923 0.6346153846153846 0.1778846153846154 0.17548076923076922
2 0.3954326923076923 0.8161057692307693 0.18509615384615385 0.18028846153846154
3 0.44591346153846156 0.15985576923076922 0.21153846153846154 0.21634615384615385
3 0.484375 0.40024038461538464 0.21634615384615385 0.21634615384615385
2 0.578125 0.7944711538461539 0.18028846153846154 0.18028846153846154
2 0.5552884615384616 0.5997596153846154 0.1778846153846154 0.17548076923076922
2 0.7331730769230769 0.5865384615384616 0.1778846153846154 0.17548076923076922
2 0.7632211538461539 0.7704326923076923 0.18028846153846154 0.18269230769230768
3 0.6875 0.10336538461538461 0.23076923076923078 0.20673076923076922
3 0.7379807692307693 0.38341346153846156 0.2283653846153846 0.21875
3 0.08052884615384616 0.2283653846153846 0.16105769230769232 0.21153846153846154
3 0.09615384615384616 0.4423076923076923 0.19230769230769232 0.21153846153846154
2 0.21394230769230768 0.8389423076923077 0.17307692307692307 0.17307692307692307
2 0.20192307692307693 0.6538461538461539 0.17548076923076922 0.16826923076923078