3 0.23197115384615385 0.27163461538461536 0.20673076923076922 0.21153846153846154
3 0.4423076923076923 0.30649038461538464 0.20673076923076922 0.20673076923076922
2 0.8497596153846154 0.39783653846153844 0.16826923076923078 0.17307692307692307
2 0.6502403846153846 0.38100961538461536 0.17307692307692307 0.16826923076923078
3 0.21033653846153846 0.4735576923076923 0.20673076923076922 0.21634615384615385
3 0.4206730769230769 0.5084134615384616 0.21153846153846154 0.21634615384615385
2 0.6346153846153846 0.5600961538461539 0.17307692307692307 0.17307692307692307
2 0.8221153846153846 0.6045673076923077 0.18509615384615385 0.18509615384615385
3 0.17067307692307693 0.6935096153846154 0.21394230769230768 0.22115384615384615
3 0.3786057692307692 0.7259615384615384 0.2091346153846154 0.22355769230769232
2 0.5877403846153846 0.7596153846153846 0.1778846153846154 0.17548076923076922
2 0.7956730769230769 0.7992788461538461 0.18509615384615385 0.18509615384615385
3 0.2776442307692308 0.0889423076923077 0.19951923076923078 0.1778846153846154
3 0.47115384615384615 0.11177884615384616 0.20673076923076922 0.20673076923076922
2 0.6947115384615384 0.17668269230769232 0.16826923076923078 0.16826923076923078
2 0.8701923076923077 0.21754807692307693 0.17307692307692307 0.16826923076923078