2 0.23798076923076922 0.6983173076923077 0.12740384615384615 0.12259615384615384
2 0.4519230769230769 0.6682692307692307 0.11298076923076923 0.11778846153846154
3 0.6670673076923077 0.6201923076923077 0.1346153846153846 0.1346153846153846
2 0.35697115384615385 0.6225961538461539 0.11778846153846154 0.11778846153846154
2 0.5649038461538461 0.5697115384615384 0.10817307692307693 0.11298076923076923
2 0.24519230769230768 0.5877403846153846 0.12259615384615384 0.12259615384615384
3 0.4543269230769231 0.5456730769230769 0.13942307692307693 0.13942307692307693
2 0.6983173076923077 0.5072115384615384 0.10336538461538461 0.10817307692307693
3 0.3317307692307692 0.4951923076923077 0.14423076923076922 0.14423076923076922
3 0.5348557692307693 0.4423076923076923 0.13701923076923078 0.13942307692307693
3 0.6502403846153846 0.4050480769230769 0.125 0.13701923076923078
2 0.24519230769230768 0.40384615384615385 0.12259615384615384 0.12259615384615384
2 0.4338942307692308 0.38341346153846156 0.11298076923076923 0.11778846153846154
3 0.5516826923076923 0.31009615384615385 0.1346153846153846 0.14182692307692307
3 0.35336538461538464 0.28725961538461536 0.1466346153846154 0.15625
3 0.5612980769230769 0.6875 0.12980769230769232 0.1466346153846154