2 0.20072115384615385 0.33413461538461536 0.14423076923076922 0.1346153846153846
1 0.5240384615384616 0.33413461538461536 0.15865384615384615 0.15865384615384615
2 0.7560096153846154 0.3605769230769231 0.14423076923076922 0.13942307692307693
2 0.8978365384615384 0.3629807692307692 0.14423076923076922 0.13701923076923078
2 0.31850961538461536 0.4014423076923077 0.1466346153846154 0.14423076923076922
1 0.45072115384615385 0.45913461538461536 0.16105769230769232 0.15865384615384615
2 0.18509615384615385 0.47596153846153844 0.15384615384615385 0.14903846153846154
2 0.5925480769230769 0.4639423076923077 0.15144230769230768 0.13942307692307693
1 0.734375 0.4987980769230769 0.15865384615384615 0.15865384615384615
1 0.890625 0.5036057692307693 0.16826923076923078 0.16346153846153846
1 0.3173076923076923 0.5456730769230769 0.16826923076923078 0.15865384615384615
1 0.5108173076923077 0.6069711538461539 0.16826923076923078 0.16346153846153846
2 0.6610576923076923 0.6213942307692307 0.15384615384615385 0.14903846153846154
1 0.22596153846153846 0.6838942307692307 0.1778846153846154 0.17067307692307693
2 0.38221153846153844 0.6862980769230769 0.14903846153846154 0.15384615384615385
1 0.8221153846153846 0.6778846153846154 0.16826923076923078 0.17307692307692307
1 0.6310096153846154 0.7740384615384616 0.17548076923076922 0.18269230769230768
2 0.3088942307692308 0.8209134615384616 0.14903846153846154 0.16346153846153846
1 0.4699519230769231 0.8221153846153846 0.17067307692307693 0.18269230769230768
1 0.36899038461538464 0.1201923076923077 0.15144230769230768 0.1466346153846154
2 0.6322115384615384 0.14903846153846154 0.13942307692307693 0.125
1 0.5012019230769231 0.18509615384615385 0.15384615384615385 0.1466346153846154
2 0.2644230769230769 0.2127403846153846 0.13942307692307693 0.125
2 0.7752403846153846 0.23798076923076922 0.13942307692307693 0.13221153846153846
1 0.3870192307692308 0.2800480769230769 0.15625 0.15384615384615385
2 0.6490384615384616 0.27884615384615385 0.13942307692307693 0.1346153846153846