2 0.6225961538461539 0.8209134615384616 0.15865384615384615 0.15384615384615385
3 0.6550480769230769 0.46875 0.19230769230769232 0.1875
3 0.5973557692307693 0.6430288461538461 0.19951923076923078 0.18990384615384615
2 0.5817307692307693 0.30649038461538464 0.15384615384615385 0.16826923076923078
2 0.49158653846153844 0.8449519230769231 0.1466346153846154 0.15625
2 0.5 0.4338942307692308 0.15865384615384615 0.15865384615384615
3 0.4254807692307692 0.7115384615384616 0.19951923076923078 0.19471153846153846
2 0.41346153846153844 0.31971153846153844 0.15144230769230768 0.16826923076923078
3 0.36899038461538464 0.5384615384615384 0.2091346153846154 0.19471153846153846
2 0.26322115384615385 0.7091346153846154 0.16826923076923078 0.16346153846153846
2 0.2980769230769231 0.19951923076923078 0.17307692307692307 0.17307692307692307
3 0.25 0.3858173076923077 0.21634615384615385 0.21634615384615385
3 0.15504807692307693 0.5769230769230769 0.21875 0.20192307692307693
2 0.7872596153846154 0.5456730769230769 0.15144230769230768 0.15384615384615385
3 0.7512019230769231 0.703125 0.19471153846153846 0.19230769230769232
3 0.7391826923076923 0.30528846153846156 0.20673076923076922 0.21394230769230768