2 0.1045673076923077 0.33052884615384615 0.15625 0.14423076923076922
1 0.45913461538461536 0.33774038461538464 0.17067307692307693 0.17067307692307693
2 0.7127403846153846 0.3713942307692308 0.15625 0.14903846153846154
2 0.8665865384615384 0.3762019230769231 0.15625 0.1466346153846154
2 0.234375 0.4074519230769231 0.15625 0.15625
1 0.3762019230769231 0.4723557692307692 0.17307692307692307 0.17067307692307693
2 0.08653846153846154 0.4855769230769231 0.1658653846153846 0.16105769230769232
2 0.53125 0.4807692307692308 0.16105769230769232 0.14903846153846154
1 0.6850961538461539 0.5204326923076923 0.17067307692307693 0.17067307692307693
1 0.8557692307692307 0.5288461538461539 0.18028846153846154 0.17548076923076922
1 0.22956730769230768 0.5649038461538461 0.18028846153846154 0.17067307692307693
1 0.43990384615384615 0.6346153846153846 0.18028846153846154 0.17548076923076922
2 0.6033653846153846 0.6538461538461539 0.1658653846153846 0.16105769230769232
1 0.12740384615384615 0.7127403846153846 0.18990384615384615 0.18269230769230768
2 0.296875 0.71875 0.16105769230769232 0.1658653846153846
1 0.7776442307692307 0.7175480769230769 0.18028846153846154 0.1875
1 0.5685096153846154 0.8197115384615384 0.1875 0.19951923076923078
2 0.21514423076923078 0.8629807692307693 0.16105769230769232 0.1778846153846154
1 0.390625 0.8689903846153846 0.18028846153846154 0.19951923076923078
1 0.2932692307692308 0.09975961538461539 0.16105769230769232 0.15625
2 0.5805288461538461 0.13701923076923078 0.14903846153846154 0.13221153846153846
1 0.4375 0.17427884615384615 0.1658653846153846 0.15625
2 0.17668269230769232 0.19951923076923078 0.14903846153846154 0.13221153846153846
2 0.734375 0.23677884615384615 0.14903846153846154 0.14182692307692307
1 0.31009615384615385 0.27524038461538464 0.16826923076923078 0.1658653846153846
2 0.5973557692307693 0.27884615384615385 0.14903846153846154 0.14423076923076922