3 0.3016826923076923 0.6189903846153846 0.19471153846153846 0.19471153846153846
3 0.3293269230769231 0.4375 0.18028846153846154 0.19471153846153846
2 0.4014423076923077 0.7668269230769231 0.15384615384615385 0.16105769230769232
2 0.39903846153846156 0.21033653846153846 0.15144230769230768 0.15625
2 0.46153846153846156 0.6274038461538461 0.15625 0.1658653846153846
3 0.484375 0.34134615384615385 0.1971153846153846 0.19230769230769232
2 0.5685096153846154 0.7295673076923077 0.15384615384615385 0.17067307692307693
3 0.5697115384615384 0.5048076923076923 0.1971153846153846 0.19951923076923078
2 0.6538461538461539 0.3112980769230769 0.1658653846153846 0.15625
2 0.7007211538461539 0.8269230769230769 0.16105769230769232 0.1658653846153846
3 0.7163461538461539 0.6382211538461539 0.21153846153846154 0.21634615384615385
3 0.7800480769230769 0.43149038461538464 0.21394230769230768 0.21153846153846154
2 0.15144230769230768 0.5588942307692307 0.14182692307692307 0.15384615384615385
3 0.16105769230769232 0.4014423076923077 0.1875 0.18269230769230768
3 0.2403846153846154 0.7944711538461539 0.1875 0.20673076923076922
2 0.2608173076923077 0.25961538461538464 0.14182692307692307 0.14903846153846154