3 0.5240384615384616 0.40024038461538464 0.2091346153846154 0.21153846153846154
3 0.7487980769230769 0.43149038461538464 0.20192307692307693 0.20673076923076922
2 0.30528846153846156 0.42788461538461536 0.17067307692307693 0.17307692307692307
2 0.12379807692307693 0.41466346153846156 0.17548076923076922 0.18028846153846154
3 0.7451923076923077 0.6213942307692307 0.2091346153846154 0.20432692307692307
3 0.5024038461538461 0.6009615384615384 0.2091346153846154 0.21153846153846154
2 0.09975961538461539 0.5949519230769231 0.17307692307692307 0.17307692307692307
2 0.2932692307692308 0.6213942307692307 0.17067307692307693 0.17307692307692307
2 0.26322115384615385 0.7956730769230769 0.17067307692307693 0.17307692307692307
2 0.0829326923076923 0.7800480769230769 0.1658653846153846 0.17548076923076922
3 0.7475961538461539 0.8689903846153846 0.21634615384615385 0.22355769230769232
3 0.4567307692307692 0.8497596153846154 0.2091346153846154 0.22355769230769232
3 0.7716346153846154 0.22716346153846154 0.20432692307692307 0.20432692307692307
3 0.5576923076923077 0.21153846153846154 0.20192307692307693 0.1971153846153846
2 0.14543269230769232 0.23317307692307693 0.16826923076923078 0.16826923076923078
2 0.32572115384615385 0.26802884615384615 0.16346153846153846 0.16826923076923078