3 0.5661057692307693 0.32091346153846156 0.20673076923076922 0.2091346153846154
3 0.8100961538461539 0.3329326923076923 0.21153846153846154 0.21153846153846154
2 0.31850961538461536 0.3293269230769231 0.16346153846153846 0.17307692307692307
2 0.14182692307692307 0.33052884615384615 0.17307692307692307 0.17307692307692307
3 0.5805288461538461 0.5252403846153846 0.21153846153846154 0.21394230769230768
3 0.8125 0.5576923076923077 0.21394230769230768 0.21634615384615385
2 0.33413461538461536 0.546875 0.17307692307692307 0.1778846153846154
2 0.1466346153846154 0.5637019230769231 0.1778846153846154 0.1778846153846154
3 0.8689903846153846 0.7992788461538461 0.22355769230769232 0.22596153846153846
3 0.5889423076923077 0.7920673076923077 0.21875 0.23317307692307693
2 0.33653846153846156 0.8112980769230769 0.1778846153846154 0.18269230769230768
2 0.13221153846153846 0.8353365384615384 0.18028846153846154 0.1875
3 0.5901442307692307 0.11057692307692307 0.2091346153846154 0.20432692307692307
3 0.7956730769230769 0.125 0.19951923076923078 0.19471153846153846
2 0.30408653846153844 0.11899038461538461 0.16346153846153846 0.16346153846153846
2 0.13341346153846154 0.1310096153846154 0.16346153846153846 0.16346153846153846