3 0.3894230769230769 0.6646634615384616 0.19230769230769232 0.19230769230769232
3 0.5637019230769231 0.6478365384615384 0.19230769230769232 0.18028846153846154
2 0.2548076923076923 0.5625 0.15865384615384615 0.15384615384615385
2 0.7836538461538461 0.59375 0.15625 0.15144230769230768
2 0.3918269230769231 0.5132211538461539 0.16346153846153846 0.15625
3 0.6634615384615384 0.5048076923076923 0.18990384615384615 0.19471153846153846
2 0.296875 0.40625 0.16826923076923078 0.15384615384615385
3 0.5108173076923077 0.4170673076923077 0.1971153846153846 0.19471153846153846
2 0.7007211538461539 0.3473557692307692 0.15625 0.16346153846153846
2 0.21394230769230768 0.2764423076923077 0.16826923076923078 0.16105769230769232
3 0.3942307692307692 0.27163461538461536 0.21634615384615385 0.21153846153846154
3 0.5913461538461539 0.22115384615384615 0.21153846153846154 0.21153846153846154
2 0.4387019230769231 0.8100961538461539 0.15144230769230768 0.14423076923076922
3 0.5925480769230769 0.8088942307692307 0.18028846153846154 0.18509615384615385
3 0.22355769230769232 0.7163461538461539 0.20192307692307693 0.1875
2 0.7283653846153846 0.7211538461538461 0.1466346153846154 0.14423076923076922