3 0.4735576923076923 0.6899038461538461 0.21153846153846154 0.20673076923076922
3 0.23317307692307693 0.7007211538461539 0.21153846153846154 0.20192307692307693
2 0.6875 0.6274038461538461 0.17067307692307693 0.16105769230769232
2 0.8762019230769231 0.6141826923076923 0.18028846153846154 0.17307692307692307
3 0.20192307692307693 0.5048076923076923 0.2283653846153846 0.20432692307692307
3 0.46033653846153844 0.4891826923076923 0.20192307692307693 0.21153846153846154
2 0.8725961538461539 0.42908653846153844 0.1778846153846154 0.1778846153846154
2 0.6634615384615384 0.4338942307692308 0.17307692307692307 0.17548076923076922
2 0.6694711538461539 0.25240384615384615 0.17307692307692307 0.17548076923076922
2 0.8533653846153846 0.234375 0.18990384615384615 0.18269230769230768
3 0.1658653846153846 0.25841346153846156 0.22596153846153846 0.22355769230769232
3 0.4579326923076923 0.23317307692307693 0.21875 0.22596153846153846
3 0.46875 0.8954326923076923 0.20192307692307693 0.1971153846153846
3 0.25 0.9014423076923077 0.1971153846153846 0.1971153846153846
2 0.8774038461538461 0.7992788461538461 0.16346153846153846 0.16826923076923078
2 0.6887019230769231 0.7944711538461539 0.16826923076923078 0.15144230769230768