2 0.3293269230769231 0.16466346153846154 0.1466346153846154 0.16105769230769232
1 0.3581730769230769 0.5096153846153846 0.17548076923076922 0.17548076923076922
2 0.4110576923076923 0.7584134615384616 0.15144230769230768 0.15625
2 0.4266826923076923 0.9110576923076923 0.14903846153846154 0.15625
2 0.4098557692307692 0.28365384615384615 0.15865384615384615 0.16105769230769232
1 0.48677884615384615 0.4182692307692308 0.17548076923076922 0.1778846153846154
2 0.47836538461538464 0.1346153846153846 0.16105769230769232 0.1658653846153846
2 0.5036057692307693 0.5709134615384616 0.15144230769230768 0.1658653846153846
1 0.5576923076923077 0.7223557692307693 0.17548076923076922 0.17548076923076922
1 0.5769230769230769 0.8870192307692307 0.18028846153846154 0.1875
1 0.5685096153846154 0.27163461538461536 0.17548076923076922 0.1875
1 0.6490384615384616 0.4723557692307692 0.18028846153846154 0.1875
2 0.6778846153846154 0.6322115384615384 0.16105769230769232 0.1658653846153846
1 0.7067307692307693 0.16105769230769232 0.1875 0.19471153846153846
2 0.7247596153846154 0.3245192307692308 0.1658653846153846 0.16346153846153846
1 0.7560096153846154 0.7992788461538461 0.19230769230769232 0.1875
1 0.8413461538461539 0.5841346153846154 0.20192307692307693 0.19230769230769232
2 0.8605769230769231 0.23798076923076922 0.1778846153846154 0.16346153846153846
1 0.875 0.4074519230769231 0.20192307692307693 0.18269230769230768
1 0.1141826923076923 0.36658653846153844 0.16105769230769232 0.1658653846153846
2 0.17067307692307693 0.6466346153846154 0.13701923076923078 0.15144230769230768
1 0.1971153846153846 0.5024038461538461 0.16105769230769232 0.16826923076923078
2 0.20552884615384615 0.24519230769230768 0.13701923076923078 0.15144230769230768
2 0.2776442307692308 0.7872596153846154 0.14423076923076922 0.15144230769230768
1 0.28725961538461536 0.3701923076923077 0.16826923076923078 0.17067307692307693
2 0.3088942307692308 0.6514423076923077 0.1466346153846154 0.15144230769230768