1 0.6478365384615384 0.34975961538461536 0.18269230769230768 0.1875
2 0.25 0.3269230769230769 0.18028846153846154 0.16826923076923078
2 0.5264423076923077 0.43149038461538464 0.15865384615384615 0.15384615384615385
2 0.7548076923076923 0.46634615384615385 0.15384615384615385 0.15384615384615385
1 0.31971153846153844 0.47115384615384615 0.19230769230769232 0.1875
1 0.609375 0.5600961538461539 0.18269230769230768 0.19230769230769232
1 0.16346153846153846 0.5396634615384616 0.18990384615384615 0.1875
1 0.45072115384615385 0.5661057692307693 0.1875 0.19471153846153846
2 0.7524038461538461 0.6165865384615384 0.15384615384615385 0.1658653846153846
2 0.30528846153846156 0.6286057692307693 0.1658653846153846 0.1658653846153846
1 0.5709134615384616 0.7223557692307693 0.1778846153846154 0.1778846153846154
1 0.4098557692307692 0.7367788461538461 0.18028846153846154 0.18269230769230768
2 0.4795673076923077 0.8737980769230769 0.16105769230769232 0.1658653846153846
1 0.33052884615384615 0.1935096153846154 0.19230769230769232 0.18990384615384615
2 0.5564903846153846 0.22716346153846154 0.1658653846153846 0.1658653846153846
2 0.4423076923076923 0.31490384615384615 0.1658653846153846 0.1658653846153846