2 0.3425480769230769 0.19591346153846154 0.1658653846153846 0.17548076923076922
1 0.29927884615384615 0.5516826923076923 0.19471153846153846 0.19471153846153846
2 0.2980769230769231 0.8100961538461539 0.17067307692307693 0.17548076923076922
2 0.2848557692307692 0.9290865384615384 0.15865384615384615 0.10576923076923077
2 0.40024038461538464 0.33533653846153844 0.17548076923076922 0.1778846153846154
1 0.44591346153846156 0.4879807692307692 0.19471153846153846 0.1971153846153846
2 0.5 0.19951923076923078 0.18269230769230768 0.18509615384615385
2 0.4326923076923077 0.6442307692307693 0.17307692307692307 0.18509615384615385
1 0.4519230769230769 0.8040865384615384 0.19471153846153846 0.19471153846153846
1 0.4411057692307692 0.9362980769230769 0.18990384615384615 0.12740384615384615
1 0.5600961538461539 0.35336538461538464 0.1971153846153846 0.20673076923076922
1 0.5985576923076923 0.5745192307692307 0.20192307692307693 0.20673076923076922
2 0.5961538461538461 0.7403846153846154 0.18269230769230768 0.18509615384615385
1 0.7223557692307693 0.27283653846153844 0.2091346153846154 0.21634615384615385
2 0.703125 0.44350961538461536 0.18509615384615385 0.18269230769230768
1 0.6358173076923077 0.9098557692307693 0.21394230769230768 0.18028846153846154
1 0.7668269230769231 0.7283653846153846 0.22355769230769232 0.21634615384615385
2 0.8605769230769231 0.38221153846153844 0.1971153846153846 0.18509615384615385
1 0.8413461538461539 0.5576923076923077 0.22355769230769232 0.20673076923076922
1 0.09134615384615384 0.35336538461538464 0.16826923076923078 0.18509615384615385
2 0.08173076923076923 0.6454326923076923 0.15384615384615385 0.16826923076923078
1 0.13822115384615385 0.5072115384615384 0.18028846153846154 0.18509615384615385
2 0.20072115384615385 0.24879807692307693 0.15384615384615385 0.16826923076923078
2 0.15985576923076922 0.8137019230769231 0.16105769230769232 0.16826923076923078
1 0.25721153846153844 0.39302884615384615 0.1875 0.19230769230769232
2 0.22115384615384615 0.6802884615384616 0.1658653846153846 0.17067307692307693