2 0.8112980769230769 0.45913461538461536 0.1346153846153846 0.17067307692307693
2 0.7163461538461539 0.22716346153846154 0.13942307692307693 0.1778846153846154
1 0.7247596153846154 0.5973557692307693 0.18509615384615385 0.22115384615384615
1 0.6850961538461539 0.3942307692307692 0.17548076923076922 0.2283653846153846
2 0.7115384615384616 0.8161057692307693 0.13942307692307693 0.1875
2 0.5576923076923077 0.08413461538461539 0.14903846153846154 0.16826923076923078
1 0.5661057692307693 0.25600961538461536 0.1778846153846154 0.22355769230769232
1 0.5865384615384616 0.6658653846153846 0.1778846153846154 0.22596153846153846
2 0.6045673076923077 0.8954326923076923 0.13942307692307693 0.18269230769230768
2 0.5685096153846154 0.4807692307692308 0.13942307692307693 0.18269230769230768
2 0.49278846153846156 0.8052884615384616 0.15384615384615385 0.19951923076923078
1 0.44350961538461536 0.3762019230769231 0.1875 0.2403846153846154
1 0.4206730769230769 0.15384615384615385 0.18269230769230768 0.23557692307692307
1 0.43990384615384615 0.5973557692307693 0.18269230769230768 0.23076923076923078
1 0.2956730769230769 0.47716346153846156 0.19230769230769232 0.2403846153846154
2 0.30408653846153844 0.6850961538461539 0.15865384615384615 0.19471153846153846