3 0.48197115384615385 0.6550480769230769 0.21153846153846154 0.20673076923076922
2 0.17668269230769232 0.6009615384615384 0.16346153846153846 0.16105769230769232
2 0.3317307692307692 0.5985576923076923 0.16105769230769232 0.16826923076923078
2 0.7884615384615384 0.65625 0.17067307692307693 0.16346153846153846
2 0.6310096153846154 0.6262019230769231 0.15865384615384615 0.15865384615384615
3 0.24879807692307693 0.46274038461538464 0.21153846153846154 0.20673076923076922
3 0.4362980769230769 0.48677884615384615 0.21153846153846154 0.20673076923076922
3 0.7668269230769231 0.5036057692307693 0.21634615384615385 0.20673076923076922
2 0.6033653846153846 0.4795673076923077 0.18269230769230768 0.17548076923076922
2 0.3485576923076923 0.3233173076923077 0.17067307692307693 0.1778846153846154
3 0.5264423076923077 0.328125 0.21153846153846154 0.20673076923076922
3 0.71875 0.31971153846153844 0.20673076923076922 0.21634615384615385
2 0.39783653846153844 0.796875 0.15865384615384615 0.15865384615384615
2 0.5372596153846154 0.8088942307692307 0.16105769230769232 0.15865384615384615
3 0.2536057692307692 0.7331730769230769 0.20432692307692307 0.19230769230769232
3 0.6971153846153846 0.7908653846153846 0.20673076923076922 0.20673076923076922