3 0.7331730769230769 0.234375 0.21634615384615385 0.21394230769230768
3 0.6826923076923077 0.43149038461538464 0.21394230769230768 0.21394230769230768
2 0.609375 0.7259615384615384 0.1778846153846154 0.1778846153846154
2 0.5661057692307693 0.9146634615384616 0.18028846153846154 0.17067307692307693
3 0.5324519230769231 0.17548076923076922 0.21394230769230768 0.22355769230769232
3 0.4831730769230769 0.4182692307692308 0.22596153846153846 0.22596153846153846
2 0.40865384615384615 0.6766826923076923 0.17548076923076922 0.18028846153846154
2 0.3449519230769231 0.8774038461538461 0.18509615384615385 0.19230769230769232
3 0.25841346153846156 0.36177884615384615 0.2403846153846154 0.23798076923076922
3 0.2980769230769231 0.13221153846153846 0.23557692307692307 0.23076923076923078
2 0.16346153846153846 0.6081730769230769 0.1971153846153846 0.1875
2 0.11778846153846154 0.8329326923076923 0.20192307692307693 0.19471153846153846
3 0.90625 0.2536057692307692 0.1875 0.2091346153846154
3 0.8810096153846154 0.47596153846153844 0.2091346153846154 0.2091346153846154
2 0.765625 0.9411057692307693 0.17548076923076922 0.11778846153846154
2 0.7884615384615384 0.7536057692307693 0.17067307692307693 0.1778846153846154