3 0.4855769230769231 0.3581730769230769 0.19951923076923078 0.20432692307692307
3 0.7139423076923077 0.3701923076923077 0.19230769230769232 0.19951923076923078
2 0.26322115384615385 0.40024038461538464 0.15865384615384615 0.16346153846153846
2 0.08173076923076923 0.39783653846153844 0.16105769230769232 0.17067307692307693
3 0.7235576923076923 0.5637019230769231 0.19951923076923078 0.19471153846153846
3 0.47836538461538464 0.5576923076923077 0.19951923076923078 0.20432692307692307
2 0.0733173076923077 0.5817307692307693 0.1466346153846154 0.16346153846153846
2 0.2644230769230769 0.59375 0.15865384615384615 0.16346153846153846
2 0.24879807692307693 0.7728365384615384 0.16346153846153846 0.16346153846153846
2 0.07211538461538461 0.7716346153846154 0.14423076923076922 0.16346153846153846
3 0.7463942307692307 0.8137019230769231 0.20432692307692307 0.21394230769230768
3 0.4483173076923077 0.8149038461538461 0.19951923076923078 0.21394230769230768
3 0.7247596153846154 0.16466346153846154 0.19471153846153846 0.19471153846153846
3 0.5036057692307693 0.15985576923076922 0.19471153846153846 0.18990384615384615
2 0.09014423076923077 0.21514423076923078 0.15865384615384615 0.15865384615384615
2 0.2764423076923077 0.23317307692307693 0.15625 0.16346153846153846