3 0.6490384615384616 0.5348557692307693 0.18990384615384615 0.18990384615384615
3 0.6610576923076923 0.3173076923076923 0.18269230769230768 0.19471153846153846
2 0.5829326923076923 0.7367788461538461 0.15625 0.15625
2 0.5649038461538461 0.9074519230769231 0.15384615384615385 0.15865384615384615
3 0.4855769230769231 0.28725961538461536 0.18990384615384615 0.19951923076923078
3 0.4651442307692308 0.5240384615384616 0.19471153846153846 0.19471153846153846
2 0.40024038461538464 0.9158653846153846 0.15625 0.15625
2 0.4026442307692308 0.7259615384615384 0.16105769230769232 0.16346153846153846
2 0.23197115384615385 0.7283653846153846 0.17307692307692307 0.17067307692307693
2 0.21514423076923078 0.9038461538461539 0.1658653846153846 0.16346153846153846
3 0.23918269230769232 0.22956730769230768 0.22115384615384615 0.21394230769230768
3 0.21754807692307693 0.5288461538461539 0.21634615384615385 0.20673076923076922
3 0.8497596153846154 0.3329326923076923 0.17067307692307693 0.19230769230769232
3 0.8257211538461539 0.5360576923076923 0.17548076923076922 0.18509615384615385
2 0.7283653846153846 0.9086538461538461 0.14423076923076922 0.15384615384615385
2 0.7367788461538461 0.7403846153846154 0.14423076923076922 0.15384615384615385