2 0.4699519230769231 0.20673076923076922 0.1875 0.15384615384615385
2 0.21394230769230768 0.2403846153846154 0.1875 0.15384615384615385
3 0.5877403846153846 0.3269230769230769 0.24519230769230768 0.1971153846153846
3 0.3762019230769231 0.31850961538461536 0.2283653846153846 0.18028846153846154
2 0.8076923076923077 0.39903846153846156 0.19230769230769232 0.15144230769230768
2 0.06009615384615385 0.36658653846153844 0.10817307692307693 0.1466346153846154
3 0.20192307692307693 0.39663461538461536 0.23798076923076922 0.18509615384615385
3 0.6225961538461539 0.484375 0.24519230769230768 0.1971153846153846
2 0.8581730769230769 0.5300480769230769 0.1971153846153846 0.15865384615384615
2 0.4254807692307692 0.45913461538461536 0.20192307692307693 0.15625
2 0.7379807692307693 0.6213942307692307 0.2091346153846154 0.1658653846153846
3 0.296875 0.5540865384615384 0.24759615384615385 0.20432692307692307
3 0.09254807692307693 0.5180288461538461 0.18509615384615385 0.19471153846153846
3 0.515625 0.6153846153846154 0.25 0.1971153846153846
3 0.3473557692307692 0.7295673076923077 0.25961538461538464 0.21634615384615385
2 0.5588942307692307 0.7824519230769231 0.21634615384615385 0.18509615384615385