3 0.6310096153846154 0.22596153846153846 0.19230769230769232 0.19471153846153846
2 0.5757211538461539 0.8125 0.17067307692307693 0.16105769230769232
3 0.5865384615384616 0.453125 0.19471153846153846 0.1875
2 0.5769230769230769 0.625 0.1466346153846154 0.16346153846153846
3 0.4543269230769231 0.203125 0.1875 0.19471153846153846
2 0.38221153846153844 0.8004807692307693 0.15625 0.16346153846153846
3 0.4014423076923077 0.4074519230769231 0.19230769230769232 0.1875
2 0.3737980769230769 0.6286057692307693 0.15384615384615385 0.15865384615384615
3 0.20432692307692307 0.1875 0.20192307692307693 0.18269230769230768
3 0.18509615384615385 0.3870192307692308 0.19951923076923078 0.1875
2 0.16947115384615385 0.6129807692307693 0.15865384615384615 0.14903846153846154
2 0.15985576923076922 0.7884615384615384 0.15865384615384615 0.1466346153846154
3 0.8185096153846154 0.453125 0.20192307692307693 0.19471153846153846
3 0.8221153846153846 0.234375 0.19471153846153846 0.19471153846153846
2 0.7596153846153846 0.6430288461538461 0.16105769230769232 0.16346153846153846
2 0.7391826923076923 0.8197115384615384 0.16105769230769232 0.15865384615384615