2 0.3762019230769231 0.2920673076923077 0.16105769230769232 0.15865384615384615
2 0.3737980769230769 0.4338942307692308 0.15865384615384615 0.15625
1 0.3798076923076923 0.5829326923076923 0.18509615384615385 0.17548076923076922
1 0.421875 0.7451923076923077 0.19951923076923078 0.1875
2 0.4795673076923077 0.19591346153846154 0.15384615384615385 0.16105769230769232
1 0.5180288461538461 0.3473557692307692 0.18269230769230768 0.17307692307692307
2 0.5024038461538461 0.4951923076923077 0.15625 0.15625
1 0.6274038461538461 0.23317307692307693 0.17307692307692307 0.17307692307692307
1 0.6165865384615384 0.5973557692307693 0.1778846153846154 0.17548076923076922
1 0.640625 0.4411057692307692 0.18509615384615385 0.1778846153846154
2 0.6189903846153846 0.7716346153846154 0.17067307692307693 0.17067307692307693
2 0.75 0.3329326923076923 0.15865384615384615 0.16105769230769232
1 0.7644230769230769 0.6875 0.18509615384615385 0.1778846153846154
2 0.7860576923076923 0.5108173076923077 0.16826923076923078 0.15865384615384615
2 0.2439903846153846 0.4963942307692308 0.17067307692307693 0.16105769230769232
1 0.23798076923076922 0.6754807692307693 0.18509615384615385 0.19471153846153846