2 0.20552884615384615 0.4050480769230769 0.15625 0.14182692307692307
3 0.5444711538461539 0.390625 0.18990384615384615 0.18990384615384615
3 0.37740384615384615 0.44471153846153844 0.18028846153846154 0.18990384615384615
2 0.6947115384615384 0.4699519230769231 0.15625 0.1466346153846154
2 0.18028846153846154 0.5324519230769231 0.1466346153846154 0.14182692307692307
2 0.5709134615384616 0.5396634615384616 0.15144230769230768 0.15144230769230768
3 0.3088942307692308 0.6033653846153846 0.18509615384615385 0.19471153846153846
2 0.6814903846153846 0.6346153846153846 0.15384615384615385 0.18269230769230768
3 0.4699519230769231 0.6670673076923077 0.18509615384615385 0.19951923076923078
2 0.30528846153846156 0.7668269230769231 0.15144230769230768 0.16826923076923078
2 0.7896634615384616 0.7403846153846154 0.16346153846153846 0.17307692307692307
3 0.609375 0.7824519230769231 0.1971153846153846 0.2091346153846154
3 0.42908653846153844 0.8689903846153846 0.1971153846153846 0.2091346153846154
2 0.47115384615384615 0.25961538461538464 0.1466346153846154 0.13942307692307693
3 0.32211538461538464 0.28365384615384615 0.18509615384615385 0.17548076923076922
3 0.7019230769230769 0.3112980769230769 0.19471153846153846 0.18509615384615385