2 0.3641826923076923 0.5072115384615384 0.14423076923076922 0.13942307692307693
1 0.4014423076923077 0.35697115384615385 0.16826923076923078 0.16826923076923078
2 0.421875 0.6430288461538461 0.14423076923076922 0.14423076923076922
1 0.4951923076923077 0.2247596153846154 0.16826923076923078 0.17307692307692307
1 0.5132211538461539 0.4735576923076923 0.16826923076923078 0.15625
2 0.5612980769230769 0.6177884615384616 0.14903846153846154 0.14423076923076922
1 0.6177884615384616 0.35096153846153844 0.16826923076923078 0.16826923076923078
2 0.6526442307692307 0.20072115384615385 0.14903846153846154 0.14423076923076922
2 0.6586538461538461 0.7199519230769231 0.13942307692307693 0.14423076923076922
1 0.671875 0.5 0.16105769230769232 0.16105769230769232
2 0.765625 0.3798076923076923 0.13942307692307693 0.13942307692307693
1 0.7740384615384616 0.6237980769230769 0.16105769230769232 0.16346153846153846
2 0.8004807692307693 0.23677884615384615 0.14903846153846154 0.14423076923076922
1 0.8641826923076923 0.49278846153846156 0.16826923076923078 0.16105769230769232
2 0.2512019230769231 0.41466346153846156 0.14423076923076922 0.14423076923076922
1 0.26802884615384615 0.6262019230769231 0.16826923076923078 0.15865384615384615