2 0.2247596153846154 0.40865384615384615 0.16346153846153846 0.17307692307692307
2 0.4170673076923077 0.40625 0.17067307692307693 0.17067307692307693
2 0.5853365384615384 0.3954326923076923 0.18028846153846154 0.18028846153846154
2 0.7680288461538461 0.390625 0.18269230769230768 0.18269230769230768
3 0.1658653846153846 0.6382211538461539 0.20673076923076922 0.20432692307692307
3 0.3605769230769231 0.6286057692307693 0.21153846153846154 0.22115384615384615
3 0.6069711538461539 0.6081730769230769 0.22115384615384615 0.21875
3 0.8112980769230769 0.5973557692307693 0.23317307692307693 0.23076923076923078
3 0.17067307692307693 0.8581730769230769 0.19951923076923078 0.20432692307692307
3 0.3545673076923077 0.8353365384615384 0.20192307692307693 0.21153846153846154
3 0.5997596153846154 0.8149038461538461 0.21875 0.22115384615384615
3 0.8413461538461539 0.8052884615384616 0.23076923076923078 0.2283653846153846
2 0.7512019230769231 0.16105769230769232 0.19230769230769232 0.1875
2 0.203125 0.24879807692307693 0.17307692307692307 0.17067307692307693
2 0.3786057692307692 0.2283653846153846 0.1658653846153846 0.17307692307692307
2 0.5576923076923077 0.20673076923076922 0.1778846153846154 0.1778846153846154