2 0.5661057692307693 0.5637019230769231 0.13701923076923078 0.14182692307692307
2 0.7427884615384616 0.5576923076923077 0.13701923076923078 0.13701923076923078
2 0.3894230769230769 0.5600961538461539 0.14182692307692307 0.15144230769230768
2 0.18870192307692307 0.5576923076923077 0.14182692307692307 0.14182692307692307
1 0.7355769230769231 0.3545673076923077 0.15144230769230768 0.15144230769230768
1 0.5576923076923077 0.3581730769230769 0.15384615384615385 0.15144230769230768
1 0.36778846153846156 0.3629807692307692 0.15625 0.15144230769230768
1 0.15745192307692307 0.36538461538461536 0.15625 0.15625
1 0.7223557692307693 0.17067307692307693 0.14182692307692307 0.1466346153846154
1 0.1346153846153846 0.17427884615384615 0.15625 0.16346153846153846
1 0.3629807692307692 0.15865384615384615 0.16826923076923078 0.15625
1 0.5685096153846154 0.1466346153846154 0.15625 0.15625
2 0.375 0.7680288461538461 0.14182692307692307 0.14423076923076922
2 0.7536057692307693 0.7536057692307693 0.13701923076923078 0.1466346153846154
2 0.16706730769230768 0.765625 0.14182692307692307 0.14903846153846154
2 0.5504807692307693 0.7403846153846154 0.13701923076923078 0.14903846153846154