3 0.609375 0.16947115384615385 0.21875 0.2091346153846154
3 0.625 0.39663461538461536 0.21394230769230768 0.21394230769230768
2 0.6274038461538461 0.8413461538461539 0.17548076923076922 0.17307692307692307
2 0.5961538461538461 0.6298076923076923 0.17307692307692307 0.17548076923076922
3 0.39302884615384615 0.1935096153846154 0.21875 0.21394230769230768
3 0.4098557692307692 0.4230769230769231 0.22115384615384615 0.21875
2 0.4074519230769231 0.6538461538461539 0.1778846153846154 0.18028846153846154
2 0.40625 0.8605769230769231 0.1875 0.1875
3 0.15745192307692307 0.20432692307692307 0.22355769230769232 0.21394230769230768
3 0.17427884615384615 0.43028846153846156 0.2283653846153846 0.21394230769230768
2 0.18870192307692307 0.6550480769230769 0.1778846153846154 0.18269230769230768
2 0.19831730769230768 0.8810096153846154 0.1875 0.1875
3 0.8221153846153846 0.171875 0.20432692307692307 0.20432692307692307
3 0.8329326923076923 0.3786057692307692 0.21394230769230768 0.2091346153846154
2 0.8185096153846154 0.6274038461538461 0.17307692307692307 0.17307692307692307
2 0.8197115384615384 0.8161057692307693 0.17307692307692307 0.17548076923076922