2 0.1875 0.4987980769230769 0.14903846153846154 0.1778846153846154
2 0.22355769230769232 0.7463942307692307 0.14903846153846154 0.18028846153846154
3 0.3004807692307692 0.38341346153846156 0.1875 0.23317307692307693
3 0.296875 0.5913461538461539 0.17307692307692307 0.22115384615384615
2 0.36899038461538464 0.17067307692307693 0.14423076923076922 0.18509615384615385
2 0.34375 0.9158653846153846 0.14903846153846154 0.14903846153846154
3 0.3762019230769231 0.7560096153846154 0.18028846153846154 0.23076923076923078
3 0.453125 0.34975961538461536 0.1875 0.23317307692307693
2 0.49399038461538464 0.11778846153846154 0.15144230769230768 0.18990384615384615
2 0.43149038461538464 0.5408653846153846 0.15144230769230768 0.19471153846153846
2 0.5829326923076923 0.23557692307692307 0.15625 0.20192307692307693
3 0.5252403846153846 0.6622596153846154 0.19230769230769232 0.23798076923076922
3 0.49278846153846156 0.8846153846153846 0.19230769230769232 0.23076923076923078
3 0.5805288461538461 0.4519230769230769 0.1875 0.23798076923076922
3 0.6935096153846154 0.6117788461538461 0.20673076923076922 0.25
2 0.7427884615384616 0.4074519230769231 0.17548076923076922 0.20673076923076922