2 0.5540865384615384 0.5745192307692307 0.15384615384615385 0.15625
2 0.7295673076923077 0.5985576923076923 0.15144230769230768 0.15144230769230768
2 0.3798076923076923 0.5396634615384616 0.15865384615384615 0.1658653846153846
2 0.1814903846153846 0.5024038461538461 0.15865384615384615 0.15865384615384615
1 0.7584134615384616 0.39663461538461536 0.16826923076923078 0.16826923076923078
1 0.5817307692307693 0.36899038461538464 0.16826923076923078 0.16826923076923078
1 0.39302884615384615 0.3401442307692308 0.17307692307692307 0.16826923076923078
1 0.18389423076923078 0.30649038461538464 0.17307692307692307 0.17307692307692307
1 0.7752403846153846 0.21394230769230768 0.15865384615384615 0.16105769230769232
1 0.19591346153846154 0.1141826923076923 0.17548076923076922 0.1778846153846154
1 0.4230769230769231 0.13822115384615385 0.18269230769230768 0.17548076923076922
1 0.6298076923076923 0.1622596153846154 0.17307692307692307 0.17307692307692307
2 0.328125 0.7427884615384616 0.15865384615384615 0.15865384615384615
2 0.7079326923076923 0.7944711538461539 0.15384615384615385 0.16105769230769232
2 0.12259615384615384 0.7043269230769231 0.15865384615384615 0.16346153846153846
2 0.5084134615384616 0.7463942307692307 0.15384615384615385 0.16105769230769232