3 0.5973557692307693 0.3473557692307692 0.19471153846153846 0.19951923076923078
3 0.8317307692307693 0.34615384615384615 0.20192307692307693 0.20192307692307693
2 0.3557692307692308 0.36778846153846156 0.15625 0.1658653846153846
2 0.18389423076923078 0.38100961538461536 0.1658653846153846 0.1658653846153846
3 0.6189903846153846 0.5444711538461539 0.20192307692307693 0.20432692307692307
3 0.8497596153846154 0.5685096153846154 0.20432692307692307 0.20673076923076922
2 0.3786057692307692 0.5817307692307693 0.1658653846153846 0.17067307692307693
2 0.19831730769230768 0.6069711538461539 0.17067307692307693 0.17067307692307693
3 0.9026442307692307 0.796875 0.19471153846153846 0.21394230769230768
3 0.6418269230769231 0.8040865384615384 0.21153846153846154 0.22355769230769232
2 0.3954326923076923 0.8389423076923077 0.16826923076923078 0.17548076923076922
2 0.1971153846153846 0.8725961538461539 0.17067307692307693 0.18028846153846154
3 0.6105769230769231 0.14423076923076922 0.19951923076923078 0.19471153846153846
3 0.8076923076923077 0.14423076923076922 0.18990384615384615 0.18509615384615385
2 0.328125 0.1658653846153846 0.15625 0.15625
2 0.16466346153846154 0.1875 0.15625 0.15625