2 0.3894230769230769 0.7800480769230769 0.15625 0.15865384615384615
2 0.40625 0.921875 0.15865384615384615 0.15625
2 0.3918269230769231 0.30528846153846156 0.15384615384615385 0.1658653846153846
1 0.4675480769230769 0.4338942307692308 0.1778846153846154 0.18269230769230768
2 0.484375 0.5877403846153846 0.16105769230769232 0.16346153846153846
2 0.4579326923076923 0.15144230769230768 0.16346153846153846 0.17067307692307693
1 0.53125 0.7379807692307693 0.1778846153846154 0.1778846153846154
1 0.5552884615384616 0.90625 0.18269230769230768 0.1875
1 0.546875 0.28846153846153844 0.1875 0.1875
1 0.6225961538461539 0.49158653846153844 0.1778846153846154 0.1875
2 0.6574519230769231 0.6478365384615384 0.16346153846153846 0.16105769230769232
1 0.7379807692307693 0.8197115384615384 0.19230769230769232 0.19471153846153846
2 0.6971153846153846 0.34375 0.16826923076923078 0.17067307692307693
1 0.6838942307692307 0.17668269230769232 0.19230769230769232 0.19230769230769232
1 0.8209134615384616 0.6009615384615384 0.20673076923076922 0.19471153846153846
1 0.8533653846153846 0.42427884615384615 0.20192307692307693 0.19471153846153846
2 0.8413461538461539 0.2512019230769231 0.1875 0.1778846153846154
1 0.09735576923076923 0.38341346153846156 0.1658653846153846 0.17548076923076922
2 0.15745192307692307 0.6646634615384616 0.1466346153846154 0.15625
1 0.1814903846153846 0.5192307692307693 0.16346153846153846 0.17067307692307693
2 0.1875 0.2704326923076923 0.14182692307692307 0.15625
2 0.25961538461538464 0.8100961538461539 0.14182692307692307 0.15625
2 0.2920673076923077 0.6706730769230769 0.15384615384615385 0.15384615384615385
1 0.2668269230769231 0.38822115384615385 0.1658653846153846 0.17067307692307693
1 0.3401442307692308 0.5300480769230769 0.17307692307692307 0.18028846153846154
2 0.31009615384615385 0.18870192307692307 0.15384615384615385 0.16346153846153846