2 0.5564903846153846 0.8100961538461539 0.16346153846153846 0.12740384615384615
2 0.31850961538461536 0.7427884615384616 0.16826923076923078 0.12740384615384615
3 0.6838942307692307 0.7115384615384616 0.21634615384615385 0.16105769230769232
3 0.48197115384615385 0.6911057692307693 0.20432692307692307 0.1466346153846154
2 0.9026442307692307 0.671875 0.16826923076923078 0.12259615384615384
2 0.14903846153846154 0.6045673076923077 0.16826923076923078 0.13221153846153846
3 0.328125 0.59375 0.21153846153846154 0.15144230769230768
3 0.7379807692307693 0.5661057692307693 0.21634615384615385 0.16105769230769232
2 0.9399038461538461 0.5552884615384616 0.1201923076923077 0.12980769230769232
2 0.5480769230769231 0.5649038461538461 0.18028846153846154 0.12980769230769232
2 0.8653846153846154 0.4519230769230769 0.18509615384615385 0.1346153846153846
3 0.4375 0.4567307692307692 0.21634615384615385 0.1658653846153846
3 0.21033653846153846 0.46153846153846156 0.22115384615384615 0.1658653846153846
3 0.6526442307692307 0.42908653846153844 0.22115384615384615 0.16105769230769232
3 0.5084134615384616 0.2980769230769231 0.2283653846153846 0.1778846153846154
2 0.7175480769230769 0.2764423076923077 0.1875 0.15384615384615385