2 0.4026442307692308 0.21514423076923078 0.15384615384615385 0.15384615384615385
2 0.3713942307692308 0.5889423076923077 0.15144230769230768 0.14423076923076922
2 0.390625 0.41947115384615385 0.14182692307692307 0.14182692307692307
2 0.36538461538461536 0.7692307692307693 0.1466346153846154 0.13942307692307693
1 0.6177884615384616 0.2127403846153846 0.15865384615384615 0.16346153846153846
1 0.5733173076923077 0.8004807692307693 0.15865384615384615 0.16346153846153846
1 0.6213942307692307 0.40865384615384615 0.16826923076923078 0.15865384615384615
1 0.6213942307692307 0.5961538461538461 0.15865384615384615 0.15384615384615385
1 0.8149038461538461 0.21634615384615385 0.17307692307692307 0.16105769230769232
1 0.7644230769230769 0.8173076923076923 0.16826923076923078 0.15865384615384615
1 0.8137019230769231 0.4182692307692308 0.15865384615384615 0.15865384615384615
1 0.7944711538461539 0.6165865384615384 0.15865384615384615 0.15384615384615385
2 0.23677884615384615 0.20072115384615385 0.14182692307692307 0.14182692307692307
2 0.23918269230769232 0.4014423076923077 0.15144230769230768 0.14423076923076922
2 0.20793269230769232 0.7475961538461539 0.15144230769230768 0.13942307692307693
2 0.23197115384615385 0.5649038461538461 0.14903846153846154 0.14903846153846154