2 0.4266826923076923 0.20192307692307693 0.16346153846153846 0.16346153846153846
2 0.3894230769230769 0.5192307692307693 0.15625 0.16105769230769232
2 0.34975961538461536 0.8269230769230769 0.15865384615384615 0.1658653846153846
1 0.43149038461538464 0.3581730769230769 0.16826923076923078 0.17307692307692307
2 0.421875 0.7103365384615384 0.15384615384615385 0.16105769230769232
1 0.5612980769230769 0.11658653846153846 0.18269230769230768 0.18028846153846154
2 0.5456730769230769 0.26802884615384615 0.15865384615384615 0.15625
1 0.5096153846153846 0.5925480769230769 0.1778846153846154 0.1778846153846154
1 0.47716346153846156 0.9038461538461539 0.18509615384615385 0.19230769230769232
1 0.5576923076923077 0.4362980769230769 0.18269230769230768 0.18269230769230768
2 0.5540865384615384 0.7680288461538461 0.16826923076923078 0.17307692307692307
1 0.6802884615384616 0.3317307692307692 0.19230769230769232 0.18028846153846154
2 0.6586538461538461 0.5372596153846154 0.1658653846153846 0.16826923076923078
1 0.7632211538461539 0.171875 0.19230769230769232 0.18990384615384615
1 0.6862980769230769 0.7019230769230769 0.2091346153846154 0.19230769230769232
2 0.6670673076923077 0.8858173076923077 0.17307692307692307 0.17067307692307693
1 0.8088942307692307 0.4387019230769231 0.19951923076923078 0.19230769230769232
2 0.8004807692307693 0.5997596153846154 0.17548076923076922 0.16346153846153846
2 0.8713942307692307 0.2920673076923077 0.18269230769230768 0.18028846153846154
1 0.1658653846153846 0.3942307692307692 0.15865384615384615 0.17067307692307693
2 0.13701923076923078 0.6274038461538461 0.1466346153846154 0.15625
1 0.22956730769230768 0.5264423076923077 0.16346153846153846 0.17067307692307693
1 0.21754807692307693 0.7848557692307693 0.16346153846153846 0.17307692307692307
2 0.3125 0.265625 0.15384615384615385 0.16105769230769232
2 0.30288461538461536 0.40024038461538464 0.15144230769230768 0.15384615384615385
1 0.29927884615384615 0.6586538461538461 0.16826923076923078 0.1778846153846154