3 0.609375 0.18389423076923078 0.21634615384615385 0.22115384615384615
3 0.6334134615384616 0.4050480769230769 0.21634615384615385 0.21875
2 0.6526442307692307 0.8317307692307693 0.18269230769230768 0.1778846153846154
2 0.6165865384615384 0.6358173076923077 0.17067307692307693 0.17067307692307693
3 0.39903846153846156 0.21875 0.22355769230769232 0.2283653846153846
3 0.421875 0.44350961538461536 0.21875 0.22115384615384615
2 0.43509615384615385 0.6622596153846154 0.1778846153846154 0.1778846153846154
2 0.44591346153846156 0.8605769230769231 0.1778846153846154 0.18028846153846154
3 0.203125 0.46033653846153844 0.22355769230769232 0.2283653846153846
2 0.2247596153846154 0.6742788461538461 0.1778846153846154 0.1778846153846154
3 0.1658653846153846 0.23557692307692307 0.21875 0.21153846153846154
2 0.2403846153846154 0.8954326923076923 0.1778846153846154 0.18269230769230768
3 0.8112980769230769 0.18509615384615385 0.20432692307692307 0.21153846153846154
3 0.8293269230769231 0.38461538461538464 0.21394230769230768 0.21394230769230768
2 0.8305288461538461 0.6213942307692307 0.1658653846153846 0.17067307692307693
2 0.8413461538461539 0.8052884615384616 0.17307692307692307 0.18028846153846154