3 0.3449519230769231 0.625 0.19230769230769232 0.1971153846153846
2 0.34375 0.33653846153846156 0.15865384615384615 0.15865384615384615
2 0.34134615384615385 0.14903846153846154 0.1658653846153846 0.17067307692307693
3 0.5420673076923077 0.8185096153846154 0.1971153846153846 0.1971153846153846
3 0.5252403846153846 0.5877403846153846 0.1971153846153846 0.1971153846153846
2 0.5324519230769231 0.33533653846153844 0.1658653846153846 0.17067307692307693
2 0.5492788461538461 0.13822115384615385 0.1658653846153846 0.18028846153846154
3 0.7608173076923077 0.8088942307692307 0.20432692307692307 0.20432692307692307
3 0.7415865384615384 0.5901442307692307 0.21875 0.2091346153846154
2 0.7692307692307693 0.3425480769230769 0.17548076923076922 0.16826923076923078
2 0.765625 0.12980769230769232 0.18269230769230768 0.1778846153846154
3 0.16947115384615385 0.8317307692307693 0.18269230769230768 0.19230769230769232
3 0.15504807692307693 0.6262019230769231 0.18269230769230768 0.1875
2 0.1502403846153846 0.15264423076923078 0.15865384615384615 0.1658653846153846
2 0.17548076923076922 0.3557692307692308 0.15384615384615385 0.15384615384615385
3 0.34375 0.8161057692307693 0.1875 0.1971153846153846