1 0.6394230769230769 0.421875 0.15144230769230768 0.14423076923076922
1 0.6105769230769231 0.20552884615384615 0.15625 0.15144230769230768
1 0.6322115384615384 0.6430288461538461 0.15144230769230768 0.1466346153846154
1 0.6418269230769231 0.796875 0.15144230769230768 0.1466346153846154
2 0.42427884615384615 0.2127403846153846 0.13942307692307693 0.13221153846153846
2 0.44711538461538464 0.7752403846153846 0.13701923076923078 0.13221153846153846
2 0.42788461538461536 0.42427884615384615 0.13942307692307693 0.13221153846153846
2 0.42427884615384615 0.5865384615384616 0.13701923076923078 0.13221153846153846
2 0.2776442307692308 0.4543269230769231 0.13942307692307693 0.13221153846153846
2 0.29447115384615385 0.7860576923076923 0.13221153846153846 0.1346153846153846
2 0.2692307692307692 0.6189903846153846 0.13221153846153846 0.12740384615384615
2 0.24158653846153846 0.23557692307692307 0.13942307692307693 0.13221153846153846
1 0.8040865384615384 0.21995192307692307 0.15625 0.15144230769230768
1 0.7848557692307693 0.42788461538461536 0.14423076923076922 0.15144230769230768
1 0.7920673076923077 0.7716346153846154 0.15144230769230768 0.14423076923076922
1 0.7848557692307693 0.6274038461538461 0.15144230769230768 0.1466346153846154