3 0.6887019230769231 0.39663461538461536 0.19951923076923078 0.19471153846153846
3 0.6802884615384616 0.15985576923076922 0.20192307692307693 0.20192307692307693
2 0.6754807692307693 0.6382211538461539 0.1658653846153846 0.15625
2 0.671875 0.8112980769230769 0.1658653846153846 0.1658653846153846
3 0.4891826923076923 0.3798076923076923 0.20432692307692307 0.20192307692307693
3 0.46033653846153844 0.15264423076923078 0.20673076923076922 0.20432692307692307
2 0.4639423076923077 0.6213942307692307 0.17067307692307693 0.1658653846153846
2 0.44350961538461536 0.8016826923076923 0.17067307692307693 0.17067307692307693
3 0.22596153846153846 0.10336538461538461 0.21394230769230768 0.20192307692307693
3 0.22956730769230768 0.36778846153846156 0.22355769230769232 0.21153846153846154
2 0.20673076923076922 0.6129807692307693 0.17548076923076922 0.16826923076923078
2 0.1778846153846154 0.8125 0.18028846153846154 0.17067307692307693
3 0.8918269230769231 0.3762019230769231 0.19471153846153846 0.19951923076923078
3 0.8822115384615384 0.17668269230769232 0.18509615384615385 0.18990384615384615
2 0.8798076923076923 0.65625 0.15625 0.15625
2 0.8653846153846154 0.8233173076923077 0.15625 0.15625