2 0.53125 0.8329326923076923 0.17307692307692307 0.13942307692307693
2 0.2956730769230769 0.7355769230769231 0.1778846153846154 0.13942307692307693
3 0.6742788461538461 0.7487980769230769 0.2283653846153846 0.1778846153846154
3 0.4699519230769231 0.7019230769230769 0.21875 0.16105769230769232
2 0.8990384615384616 0.7379807692307693 0.17307692307692307 0.1346153846153846
2 0.13942307692307693 0.5733173076923077 0.18028846153846154 0.1466346153846154
3 0.3245192307692308 0.5841346153846154 0.22596153846153846 0.16826923076923078
3 0.7487980769230769 0.6069711538461539 0.2283653846153846 0.1778846153846154
2 0.9447115384615384 0.6201923076923077 0.10576923076923077 0.13701923076923078
2 0.5528846153846154 0.5817307692307693 0.19230769230769232 0.13942307692307693
2 0.8942307692307693 0.5072115384615384 0.1971153846153846 0.14903846153846154
3 0.4543269230769231 0.4579326923076923 0.23557692307692307 0.18269230769230768
3 0.21995192307692307 0.4338942307692308 0.23557692307692307 0.18269230769230768
3 0.6790865384615384 0.45552884615384615 0.23317307692307693 0.1778846153846154
3 0.546875 0.30288461538461536 0.24519230769230768 0.19471153846153846
2 0.7644230769230769 0.3076923076923077 0.20192307692307693 0.16826923076923078