3 0.36177884615384615 0.8798076923076923 0.20432692307692307 0.1971153846153846
3 0.36778846153846156 0.6490384615384616 0.1971153846153846 0.1971153846153846
2 0.40384615384615385 0.19831730769230768 0.1658653846153846 0.15865384615384615
2 0.4170673076923077 0.41466346153846156 0.15865384615384615 0.1658653846153846
3 0.5829326923076923 0.8762019230769231 0.20432692307692307 0.1971153846153846
3 0.5865384615384616 0.640625 0.20673076923076922 0.20432692307692307
2 0.6105769230769231 0.4074519230769231 0.1658653846153846 0.16826923076923078
2 0.6298076923076923 0.19831730769230768 0.1778846153846154 0.1778846153846154
3 0.8233173076923077 0.8858173076923077 0.21153846153846154 0.20192307692307693
3 0.8257211538461539 0.6550480769230769 0.21634615384615385 0.1971153846153846
2 0.8317307692307693 0.4254807692307692 0.1658653846153846 0.17067307692307693
2 0.8425480769230769 0.19591346153846154 0.1778846153846154 0.1778846153846154
3 0.14783653846153846 0.859375 0.19230769230769232 0.19471153846153846
3 0.15504807692307693 0.6478365384615384 0.1971153846153846 0.1971153846153846
2 0.19110576923076922 0.39783653846153844 0.15865384615384615 0.15865384615384615
2 0.20673076923076922 0.20673076923076922 0.15865384615384615 0.1658653846153846