2 0.8076923076923077 0.6081730769230769 0.15384615384615385 0.13942307692307693
3 0.4543269230769231 0.5973557692307693 0.18509615384615385 0.18509615384615385
3 0.6322115384615384 0.5540865384615384 0.1778846153846154 0.18509615384615385
2 0.30288461538461536 0.5048076923076923 0.15384615384615385 0.14423076923076922
2 0.84375 0.47716346153846156 0.14423076923076922 0.13942307692307693
2 0.4362980769230769 0.4411057692307692 0.14903846153846154 0.14903846153846154
3 0.7151442307692307 0.3918269230769231 0.1778846153846154 0.18990384615384615
2 0.328125 0.3329326923076923 0.14903846153846154 0.1778846153846154
3 0.5516826923076923 0.31490384615384615 0.1778846153846154 0.19471153846153846
2 0.7307692307692307 0.22355769230769232 0.14903846153846154 0.16346153846153846
2 0.22355769230769232 0.21514423076923078 0.15865384615384615 0.16826923076923078
3 0.41466346153846156 0.18509615384615385 0.19230769230769232 0.20673076923076922
3 0.6081730769230769 0.10817307692307693 0.18990384615384615 0.20673076923076922
2 0.5204326923076923 0.7391826923076923 0.14423076923076922 0.1346153846153846
3 0.6766826923076923 0.7259615384615384 0.1778846153846154 0.16826923076923078
3 0.2824519230769231 0.6694711538461539 0.18990384615384615 0.18028846153846154