3 0.6598557692307693 0.4423076923076923 0.1778846153846154 0.19230769230769232
3 0.8617788461538461 0.4519230769230769 0.18269230769230768 0.19230769230769232
3 0.2403846153846154 0.4543269230769231 0.19951923076923078 0.1971153846153846
3 0.46634615384615385 0.4639423076923077 0.18269230769230768 0.18269230769230768
2 0.1935096153846154 0.7043269230769231 0.16346153846153846 0.16346153846153846
2 0.4375 0.7223557692307693 0.15865384615384615 0.15865384615384615
2 0.8173076923076923 0.734375 0.1466346153846154 0.15384615384615385
2 0.6358173076923077 0.7439903846153846 0.15144230769230768 0.15865384615384615
2 0.19230769230769232 0.921875 0.16346153846153846 0.15625
2 0.41466346153846156 0.9242788461538461 0.15384615384615385 0.15144230769230768
2 0.6225961538461539 0.9266826923076923 0.15144230769230768 0.1466346153846154
2 0.8293269230769231 0.9362980769230769 0.16346153846153846 0.12740384615384615
3 0.46875 0.22235576923076922 0.1875 0.20432692307692307
3 0.23798076923076922 0.2247596153846154 0.20432692307692307 0.19951923076923078
3 0.859375 0.22956730769230768 0.18028846153846154 0.1875
3 0.6754807692307693 0.24519230769230768 0.18269230769230768 0.1971153846153846