2 0.47596153846153844 0.7475961538461539 0.15384615384615385 0.1201923076923077
2 0.2644230769230769 0.6646634615384616 0.15625 0.1201923076923077
3 0.6009615384615384 0.6706730769230769 0.20192307692307693 0.15384615384615385
3 0.41586538461538464 0.6322115384615384 0.19230769230769232 0.14182692307692307
2 0.8040865384615384 0.6550480769230769 0.16105769230769232 0.1201923076923077
2 0.12379807692307693 0.5228365384615384 0.15625 0.125
3 0.28725961538461536 0.5288461538461539 0.19951923076923078 0.1466346153846154
3 0.6622596153846154 0.5420673076923077 0.20192307692307693 0.15384615384615385
2 0.8762019230769231 0.5540865384615384 0.16346153846153846 0.125
2 0.4891826923076923 0.5228365384615384 0.16826923076923078 0.12259615384615384
2 0.7884615384615384 0.4519230769230769 0.17307692307692307 0.12980769230769232
3 0.4014423076923077 0.41466346153846156 0.20432692307692307 0.16105769230769232
3 0.19230769230769232 0.39783653846153844 0.20673076923076922 0.16105769230769232
3 0.5973557692307693 0.40865384615384615 0.20673076923076922 0.15625
3 0.4795673076923077 0.27524038461538464 0.21394230769230768 0.17067307692307693
2 0.6706730769230769 0.27524038461538464 0.1778846153846154 0.1466346153846154