3 0.6201923076923077 0.5408653846153846 0.20192307692307693 0.20432692307692307
2 0.6033653846153846 0.8786057692307693 0.15384615384615385 0.15865384615384615
2 0.5793269230769231 0.7127403846153846 0.16346153846153846 0.15625
2 0.5805288461538461 0.21514423076923078 0.15865384615384615 0.1658653846153846
2 0.5697115384615384 0.38461538461538464 0.15144230769230768 0.15625
3 0.44350961538461536 0.8185096153846154 0.20192307692307693 0.20673076923076922
3 0.44350961538461536 0.6117788461538461 0.20192307692307693 0.20673076923076922
3 0.4206730769230769 0.25841346153846156 0.19951923076923078 0.2091346153846154
2 0.41466346153846156 0.4375 0.17067307692307693 0.18028846153846154
2 0.28125 0.7307692307692307 0.17548076923076922 0.16346153846153846
3 0.2620192307692308 0.5396634615384616 0.20192307692307693 0.20673076923076922
3 0.2283653846153846 0.3317307692307692 0.21153846153846154 0.20432692307692307
2 0.78125 0.6153846153846154 0.15625 0.15384615384615385
2 0.7776442307692307 0.46153846153846156 0.15144230769230768 0.15865384615384615
3 0.734375 0.7752403846153846 0.18509615384615385 0.20192307692307693
3 0.7379807692307693 0.2956730769230769 0.20192307692307693 0.19951923076923078