3 0.3473557692307692 0.3786057692307692 0.19230769230769232 0.19471153846153846
2 0.35096153846153844 0.6670673076923077 0.15625 0.15625
2 0.35216346153846156 0.8533653846153846 0.16105769230769232 0.16826923076923078
3 0.5420673076923077 0.1814903846153846 0.19471153846153846 0.19471153846153846
3 0.5288461538461539 0.41225961538461536 0.19471153846153846 0.19471153846153846
2 0.5408653846153846 0.6646634615384616 0.16105769230769232 0.16826923076923078
2 0.5600961538461539 0.8605769230769231 0.16346153846153846 0.1778846153846154
3 0.7608173076923077 0.18629807692307693 0.19951923076923078 0.19951923076923078
3 0.7451923076923077 0.40625 0.21394230769230768 0.20673076923076922
2 0.7776442307692307 0.6526442307692307 0.17307692307692307 0.1658653846153846
2 0.7764423076923077 0.8665865384615384 0.18028846153846154 0.17548076923076922
3 0.16826923076923078 0.17427884615384615 0.18028846153846154 0.18990384615384615
3 0.15745192307692307 0.3798076923076923 0.18269230769230768 0.18509615384615385
2 0.16105769230769232 0.8533653846153846 0.15625 0.16346153846153846
2 0.18269230769230768 0.6502403846153846 0.15144230769230768 0.15144230769230768
3 0.34375 0.18629807692307693 0.1875 0.19471153846153846