2 0.44591346153846156 0.42788461538461536 0.15144230769230768 0.15384615384615385
2 0.26802884615384615 0.40625 0.14903846153846154 0.14903846153846154
2 0.6225961538461539 0.45913461538461536 0.15625 0.1658653846153846
2 0.8245192307692307 0.4951923076923077 0.15625 0.15625
1 0.24278846153846154 0.6117788461538461 0.1658653846153846 0.1658653846153846
1 0.421875 0.6358173076923077 0.16826923076923078 0.1658653846153846
1 0.6129807692307693 0.6610576923076923 0.17067307692307693 0.1658653846153846
1 0.8245192307692307 0.6923076923076923 0.17067307692307693 0.17067307692307693
1 0.22716346153846154 0.796875 0.15625 0.16105769230769232
1 0.8161057692307693 0.8870192307692307 0.17307692307692307 0.17548076923076922
1 0.5853365384615384 0.8665865384615384 0.18028846153846154 0.17307692307692307
1 0.37740384615384615 0.8461538461538461 0.17067307692307693 0.17067307692307693
2 0.6706730769230769 0.2548076923076923 0.15625 0.15865384615384615
2 0.28725961538461536 0.2091346153846154 0.15144230769230768 0.15865384615384615
2 0.8798076923076923 0.28966346153846156 0.15625 0.16346153846153846
2 0.49038461538461536 0.2536057692307692 0.15144230769230768 0.16105769230769232