2 0.5420673076923077 0.7680288461538461 0.17548076923076922 0.14423076923076922
2 0.3016826923076923 0.7391826923076923 0.18028846153846154 0.1466346153846154
1 0.6502403846153846 0.6526442307692307 0.22596153846153846 0.19471153846153846
1 0.45072115384615385 0.6670673076923077 0.23076923076923078 0.18509615384615385
2 0.8509615384615384 0.5853365384615384 0.19230769230769232 0.14903846153846154
2 0.1201923076923077 0.6286057692307693 0.1875 0.15625
1 0.29086538461538464 0.5889423076923077 0.22596153846153846 0.18990384615384615
1 0.6790865384615384 0.5072115384615384 0.23076923076923078 0.18990384615384615
2 0.8990384615384616 0.46634615384615385 0.1875 0.1466346153846154
2 0.5012019230769231 0.5360576923076923 0.1875 0.1466346153846154
2 0.7860576923076923 0.38461538461538464 0.20192307692307693 0.16105769230769232
1 0.3713942307692308 0.44591346153846156 0.24278846153846154 0.1971153846153846
1 0.15865384615384615 0.4795673076923077 0.23798076923076922 0.19230769230769232
1 0.578125 0.3870192307692308 0.23076923076923078 0.19230769230769232
1 0.43028846153846156 0.28125 0.24519230769230768 0.20432692307692307
2 0.6262019230769231 0.23798076923076922 0.19951923076923078 0.16826923076923078