2 0.7980769230769231 0.5120192307692307 0.14903846153846154 0.1778846153846154
2 0.6850961538461539 0.7355769230769231 0.14903846153846154 0.18028846153846154
3 0.7235576923076923 0.36538461538461536 0.1875 0.23317307692307693
3 0.6658653846153846 0.5625 0.17307692307692307 0.22115384615384615
2 0.7259615384615384 0.14182692307692307 0.14182692307692307 0.18509615384615385
2 0.5132211538461539 0.8774038461538461 0.15144230769230768 0.18028846153846154
3 0.5372596153846154 0.6971153846153846 0.17548076923076922 0.2283653846153846
3 0.5913461538461539 0.2848557692307692 0.1875 0.23317307692307693
2 0.6165865384615384 0.07692307692307693 0.14182692307692307 0.14182692307692307
2 0.5528846153846154 0.4735576923076923 0.15144230769230768 0.19471153846153846
2 0.5024038461538461 0.13581730769230768 0.15625 0.20192307692307693
3 0.42427884615384615 0.5612980769230769 0.19230769230769232 0.23798076923076922
3 0.3858173076923077 0.7884615384615384 0.19230769230769232 0.23798076923076922
3 0.43509615384615385 0.34134615384615385 0.1875 0.23798076923076922
3 0.2800480769230769 0.46033653846153844 0.20673076923076922 0.25
2 0.29927884615384615 0.24879807692307693 0.17548076923076922 0.20673076923076922