3 0.38461538461538464 0.35216346153846156 0.20673076923076922 0.19230769230769232
3 0.3713942307692308 0.15504807692307693 0.20432692307692307 0.1971153846153846
3 0.4375 0.7596153846153846 0.21153846153846154 0.21394230769230768
3 0.42427884615384615 0.5396634615384616 0.19471153846153846 0.19471153846153846
2 0.6862980769230769 0.7788461538461539 0.17548076923076922 0.17548076923076922
2 0.6790865384615384 0.5408653846153846 0.16826923076923078 0.16826923076923078
2 0.6526442307692307 0.16947115384615385 0.1658653846153846 0.15865384615384615
2 0.6790865384615384 0.3449519230769231 0.16826923076923078 0.16346153846153846
2 0.9002403846153846 0.7596153846153846 0.17548076923076922 0.17548076923076922
2 0.8798076923076923 0.5408653846153846 0.16826923076923078 0.1658653846153846
2 0.8653846153846154 0.3389423076923077 0.16826923076923078 0.16346153846153846
2 0.8605769230769231 0.13581730769230768 0.16826923076923078 0.17548076923076922
3 0.18990384615384615 0.5600961538461539 0.21875 0.20432692307692307
3 0.21514423076923078 0.7848557692307693 0.21394230769230768 0.21875
3 0.15625 0.17908653846153846 0.19951923076923078 0.1971153846153846
3 0.18990384615384615 0.35697115384615385 0.2091346153846154 0.1971153846153846