2 0.5240384615384616 0.17427884615384615 0.17548076923076922 0.14423076923076922
2 0.7512019230769231 0.27884615384615385 0.1778846153846154 0.14423076923076922
3 0.3798076923076923 0.25240384615384615 0.2283653846153846 0.18028846153846154
3 0.5793269230769231 0.30528846153846156 0.21875 0.16826923076923078
2 0.15625 0.25721153846153844 0.18028846153846154 0.13701923076923078
2 0.8978365384615384 0.44350961538461536 0.1778846153846154 0.14903846153846154
3 0.7175480769230769 0.4266826923076923 0.22596153846153846 0.16826923076923078
3 0.30408653846153844 0.38822115384615385 0.2283653846153846 0.18028846153846154
2 0.08653846153846154 0.36538461538461536 0.16105769230769232 0.14423076923076922
2 0.49399038461538464 0.4206730769230769 0.19230769230769232 0.1466346153846154
2 0.15865384615384615 0.48197115384615385 0.1971153846153846 0.15144230769230768
3 0.5865384615384616 0.5456730769230769 0.23317307692307693 0.18509615384615385
3 0.8137019230769231 0.5757211538461539 0.23317307692307693 0.18509615384615385
3 0.36658653846153844 0.5408653846153846 0.23317307692307693 0.18028846153846154
3 0.4891826923076923 0.6935096153846154 0.24519230769230768 0.19951923076923078
2 0.27884615384615385 0.6826923076923077 0.20192307692307693 0.17067307692307693