1 0.38461538461538464 0.5456730769230769 0.15384615384615385 0.15865384615384615
1 0.1778846153846154 0.49759615384615385 0.16105769230769232 0.16346153846153846
1 0.5997596153846154 0.5637019230769231 0.15625 0.16105769230769232
1 0.7475961538461539 0.5877403846153846 0.15384615384615385 0.15865384615384615
2 0.20432692307692307 0.31850961538461536 0.14182692307692307 0.1466346153846154
2 0.7463942307692307 0.39663461538461536 0.14182692307692307 0.14423076923076922
2 0.40865384615384615 0.34134615384615385 0.14182692307692307 0.1466346153846154
2 0.5673076923076923 0.3545673076923077 0.14182692307692307 0.14182692307692307
2 0.453125 0.20072115384615385 0.14182692307692307 0.1466346153846154
2 0.7716346153846154 0.2512019230769231 0.13942307692307693 0.13942307692307693
2 0.6141826923076923 0.2091346153846154 0.1346153846153846 0.13942307692307693
2 0.24519230769230768 0.14302884615384615 0.14182692307692307 0.1466346153846154
1 0.171875 0.6862980769230769 0.16105769230769232 0.16346153846153846
1 0.375 0.6887019230769231 0.15865384615384615 0.15384615384615385
1 0.7067307692307693 0.7295673076923077 0.15384615384615385 0.15865384615384615
1 0.5685096153846154 0.7079326923076923 0.15384615384615385 0.15865384615384615