3 0.6322115384615384 0.4182692307692308 0.20192307692307693 0.20432692307692307
3 0.59375 0.2127403846153846 0.1971153846153846 0.20432692307692307
2 0.6201923076923077 0.6129807692307693 0.15865384615384615 0.1658653846153846
2 0.6466346153846154 0.7776442307692307 0.16826923076923078 0.17307692307692307
3 0.41947115384615385 0.22115384615384615 0.19951923076923078 0.21875
3 0.4567307692307692 0.44711538461538464 0.20432692307692307 0.1971153846153846
2 0.48677884615384615 0.8112980769230769 0.17307692307692307 0.17067307692307693
2 0.45072115384615385 0.6334134615384616 0.17067307692307693 0.16826923076923078
2 0.2956730769230769 0.6730769230769231 0.17067307692307693 0.16826923076923078
2 0.3173076923076923 0.8353365384615384 0.1778846153846154 0.18269230769230768
3 0.20192307692307693 0.24158653846153846 0.21634615384615385 0.21875
3 0.23677884615384615 0.49759615384615385 0.21875 0.21394230769230768
3 0.8076923076923077 0.375 0.18990384615384615 0.19471153846153846
3 0.7716346153846154 0.1875 0.19471153846153846 0.19230769230769232
2 0.8052884615384616 0.7451923076923077 0.16346153846153846 0.15865384615384615
2 0.7644230769230769 0.5817307692307693 0.14903846153846154 0.16105769230769232