2 0.6550480769230769 0.28966346153846156 0.14903846153846154 0.14423076923076922
3 0.6129807692307693 0.6141826923076923 0.18269230769230768 0.1778846153846154
3 0.5925480769230769 0.44471153846153844 0.19230769230769232 0.1778846153846154
2 0.5120192307692307 0.7475961538461539 0.1466346153846154 0.15865384615384615
2 0.5396634615384616 0.23798076923076922 0.13701923076923078 0.14903846153846154
2 0.4639423076923077 0.6165865384615384 0.14903846153846154 0.14903846153846154
3 0.4543269230769231 0.34975961538461536 0.1875 0.18269230769230768
2 0.359375 0.6995192307692307 0.1466346153846154 0.15865384615384615
3 0.3641826923076923 0.49399038461538464 0.1971153846153846 0.18509615384615385
2 0.30528846153846156 0.3161057692307692 0.16105769230769232 0.15625
2 0.2283653846153846 0.7872596153846154 0.16346153846153846 0.1658653846153846
3 0.22716346153846154 0.6057692307692307 0.20673076923076922 0.20673076923076922
3 0.1778846153846154 0.41466346153846156 0.2091346153846154 0.18990384615384615
2 0.7487980769230769 0.5757211538461539 0.14423076923076922 0.14423076923076922
3 0.7463942307692307 0.4206730769230769 0.1875 0.18269230769230768
3 0.6538461538461539 0.7824519230769231 0.19230769230769232 0.1971153846153846