2 0.5252403846153846 0.78125 0.1658653846153846 0.12740384615384615
2 0.7596153846153846 0.7211538461538461 0.1658653846153846 0.12740384615384615
3 0.40024038461538464 0.6838942307692307 0.21394230769230768 0.16105769230769232
3 0.6033653846153846 0.6670673076923077 0.20432692307692307 0.14903846153846154
2 0.1875 0.640625 0.16826923076923078 0.125
2 0.9230769230769231 0.5877403846153846 0.15384615384615385 0.13221153846153846
3 0.7524038461538461 0.5721153846153846 0.21153846153846154 0.15384615384615385
3 0.35216346153846156 0.5396634615384616 0.21394230769230768 0.16105769230769232
2 0.125 0.5240384615384616 0.17548076923076922 0.13221153846153846
2 0.5396634615384616 0.5420673076923077 0.18028846153846154 0.12980769230769232
2 0.2283653846153846 0.4254807692307692 0.18509615384615385 0.1346153846153846
3 0.6478365384615384 0.4362980769230769 0.21634615384615385 0.16826923076923078
3 0.8713942307692307 0.44591346153846156 0.21875 0.17067307692307693
3 0.4375 0.4050480769230769 0.21875 0.16346153846153846
3 0.5829326923076923 0.27884615384615385 0.23076923076923078 0.18028846153846154
2 0.3786057692307692 0.2536057692307692 0.1875 0.15384615384615385