3 0.5288461538461539 0.3713942307692308 0.22115384615384615 0.22355769230769232
3 0.75 0.4182692307692308 0.21153846153846154 0.21634615384615385
2 0.3076923076923077 0.38341346153846156 0.1778846153846154 0.18269230769230768
2 0.12740384615384615 0.35697115384615385 0.18509615384615385 0.1875
3 0.7319711538461539 0.6069711538461539 0.21875 0.21634615384615385
3 0.49399038461538464 0.5697115384615384 0.22115384615384615 0.22355769230769232
2 0.09134615384615384 0.5348557692307693 0.18269230769230768 0.18269230769230768
2 0.2824519230769231 0.5757211538461539 0.1778846153846154 0.18269230769230768
2 0.24158653846153846 0.7475961538461539 0.1778846153846154 0.18269230769230768
2 0.07451923076923077 0.71875 0.14903846153846154 0.18269230769230768
3 0.7199519230769231 0.8545673076923077 0.23076923076923078 0.23557692307692307
3 0.43149038461538464 0.8149038461538461 0.22355769230769232 0.23317307692307693
3 0.7872596153846154 0.21634615384615385 0.21394230769230768 0.21394230769230768
3 0.5745192307692307 0.18509615384615385 0.21394230769230768 0.20673076923076922
2 0.1622596153846154 0.1778846153846154 0.1778846153846154 0.1778846153846154
2 0.3401442307692308 0.2247596153846154 0.17307692307692307 0.1778846153846154