2 0.3629807692307692 0.18389423076923078 0.14423076923076922 0.15144230769230768
1 0.3389423076923077 0.5024038461538461 0.16826923076923078 0.16826923076923078
2 0.35216346153846156 0.734375 0.14903846153846154 0.15384615384615385
2 0.34375 0.875 0.14423076923076922 0.15144230769230768
2 0.41947115384615385 0.30408653846153844 0.15384615384615385 0.15384615384615385
1 0.46875 0.4387019230769231 0.16826923076923078 0.16826923076923078
2 0.5012019230769231 0.17908653846153846 0.15865384615384615 0.16346153846153846
2 0.46153846153846156 0.5793269230769231 0.14903846153846154 0.15865384615384615
1 0.4891826923076923 0.7211538461538461 0.16826923076923078 0.16826923076923078
1 0.48197115384615385 0.8774038461538461 0.17548076923076922 0.18028846153846154
1 0.5649038461538461 0.3137019230769231 0.17067307692307693 0.1778846153846154
1 0.6081730769230769 0.5084134615384616 0.17548076923076922 0.18028846153846154
2 0.6129807692307693 0.6586538461538461 0.15865384615384615 0.16346153846153846
1 0.7067307692307693 0.23317307692307693 0.18028846153846154 0.18509615384615385
2 0.6983173076923077 0.3870192307692308 0.16346153846153846 0.15865384615384615
1 0.6598557692307693 0.8209134615384616 0.18509615384615385 0.18028846153846154
1 0.7680288461538461 0.6394230769230769 0.19471153846153846 0.18509615384615385
2 0.8353365384615384 0.3245192307692308 0.17307692307692307 0.16105769230769232
1 0.8233173076923077 0.4831730769230769 0.19230769230769232 0.17548076923076922
1 0.13701923076923078 0.33413461538461536 0.15384615384615385 0.15865384615384615
2 0.14783653846153846 0.5973557692307693 0.13221153846153846 0.1466346153846154
1 0.19230769230769232 0.4699519230769231 0.15384615384615385 0.16346153846153846
2 0.23798076923076922 0.23677884615384615 0.13221153846153846 0.1466346153846154
2 0.22596153846153846 0.7427884615384616 0.13942307692307693 0.1466346153846154
1 0.29447115384615385 0.3629807692307692 0.16346153846153846 0.16346153846153846
2 0.27403846153846156 0.6225961538461539 0.14423076923076922 0.1466346153846154