3 0.3798076923076923 0.4723557692307692 0.2283653846153846 0.23317307692307693
3 0.4254807692307692 0.23918269230769232 0.22115384615384615 0.23076923076923078
2 0.3942307692307692 0.6935096153846154 0.18028846153846154 0.1875
2 0.3629807692307692 0.8798076923076923 0.18990384615384615 0.1971153846153846
3 0.6213942307692307 0.25 0.22355769230769232 0.24519230769230768
3 0.5793269230769231 0.5060096153846154 0.23076923076923078 0.22115384615384615
2 0.5444711538461539 0.9110576923076923 0.19471153846153846 0.1778846153846154
2 0.5865384615384616 0.7139423076923077 0.19471153846153846 0.18990384615384615
2 0.7608173076923077 0.7608173076923077 0.19471153846153846 0.18990384615384615
2 0.7355769230769231 0.9194711538461539 0.20192307692307693 0.16105769230769232
3 0.8677884615384616 0.2704326923076923 0.24278846153846154 0.25
3 0.8269230769230769 0.5600961538461539 0.25 0.2403846153846154
3 0.18269230769230768 0.421875 0.21634615384615385 0.21875
3 0.22235576923076922 0.2091346153846154 0.21875 0.21875
2 0.18509615384615385 0.8401442307692307 0.18269230769230768 0.1778846153846154
2 0.23076923076923078 0.6574519230769231 0.17067307692307693 0.18028846153846154