3 0.453125 0.65625 0.19471153846153846 0.19471153846153846
3 0.2439903846153846 0.6262019230769231 0.18509615384615385 0.19230769230769232
2 0.65625 0.6310096153846154 0.15625 0.16105769230769232
2 0.8257211538461539 0.6430288461538461 0.16105769230769232 0.1658653846153846
3 0.24879807692307693 0.45072115384615385 0.19471153846153846 0.18990384615384615
3 0.4723557692307692 0.47115384615384615 0.19471153846153846 0.19471153846153846
2 0.8485576923076923 0.47596153846153844 0.16105769230769232 0.16105769230769232
2 0.6670673076923077 0.45072115384615385 0.15625 0.16105769230769232
2 0.6947115384615384 0.28966346153846156 0.15625 0.16105769230769232
2 0.8677884615384616 0.30288461538461536 0.16346153846153846 0.16105769230769232
3 0.24519230769230768 0.22115384615384615 0.20192307692307693 0.2091346153846154
3 0.5144230769230769 0.23918269230769232 0.1971153846153846 0.20673076923076922
3 0.22235576923076922 0.8161057692307693 0.18990384615384615 0.18990384615384615
3 0.421875 0.8329326923076923 0.18990384615384615 0.18509615384615385
2 0.8040865384615384 0.8112980769230769 0.15625 0.15625
2 0.6370192307692307 0.7800480769230769 0.15384615384615385 0.15865384615384615