3 0.41466346153846156 0.34134615384615385 0.20673076923076922 0.19230769230769232
3 0.4495192307692308 0.14903846153846154 0.20432692307692307 0.19951923076923078
3 0.36899038461538464 0.7391826923076923 0.21153846153846154 0.21394230769230768
3 0.4074519230769231 0.5276442307692307 0.1971153846153846 0.1971153846153846
2 0.5997596153846154 0.8149038461538461 0.17307692307692307 0.17307692307692307
2 0.6490384615384616 0.5889423076923077 0.16826923076923078 0.16826923076923078
2 0.7091346153846154 0.2283653846153846 0.16105769230769232 0.15865384615384615
2 0.6959134615384616 0.40384615384615385 0.16826923076923078 0.16346153846153846
2 0.8064903846153846 0.8485576923076923 0.17307692307692307 0.17307692307692307
2 0.8389423076923077 0.6370192307692307 0.16826923076923078 0.16826923076923078
2 0.8725961538461539 0.4411057692307692 0.16826923076923078 0.16346153846153846
2 0.9158653846153846 0.24759615384615385 0.16826923076923078 0.17307692307692307
3 0.18028846153846154 0.49278846153846156 0.21875 0.20673076923076922
3 0.15264423076923078 0.7079326923076923 0.21634615384615385 0.21875
3 0.23918269230769232 0.12139423076923077 0.19951923076923078 0.1971153846153846
3 0.22956730769230768 0.3004807692307692 0.2091346153846154 0.19951923076923078