3 0.5528846153846154 0.6730769230769231 0.2091346153846154 0.2091346153846154
3 0.7800480769230769 0.6983173076923077 0.21394230769230768 0.21394230769230768
2 0.3245192307692308 0.6286057692307693 0.16826923076923078 0.17548076923076922
2 0.1622596153846154 0.6009615384615384 0.1778846153846154 0.1778846153846154
3 0.5949519230769231 0.48677884615384615 0.21394230769230768 0.21394230769230768
3 0.8161057692307693 0.4891826923076923 0.21394230769230768 0.21875
2 0.3701923076923077 0.42908653846153844 0.1778846153846154 0.18269230769230768
2 0.20072115384615385 0.3870192307692308 0.18269230769230768 0.18269230769230768
3 0.8942307692307693 0.27403846153846156 0.21153846153846154 0.22596153846153846
3 0.6418269230769231 0.24158653846153846 0.22115384615384615 0.23317307692307693
2 0.4110576923076923 0.18509615384615385 0.1778846153846154 0.1875
2 0.22596153846153846 0.13341346153846154 0.18269230769230768 0.19230769230769232
3 0.5444711538461539 0.8701923076923077 0.2091346153846154 0.20432692307692307
3 0.7367788461538461 0.8870192307692307 0.20192307692307693 0.19951923076923078
2 0.2800480769230769 0.8221153846153846 0.16346153846153846 0.16346153846153846
2 0.125 0.7848557692307693 0.16346153846153846 0.16346153846153846