3 0.36778846153846156 0.6526442307692307 0.21634615384615385 0.20432692307692307
2 0.47115384615384615 0.8112980769230769 0.18028846153846154 0.18028846153846154
2 0.42908653846153844 0.36899038461538464 0.16105769230769232 0.15384615384615385
3 0.4326923076923077 0.20673076923076922 0.20192307692307693 0.1971153846153846
3 0.4855769230769231 0.515625 0.20192307692307693 0.2091346153846154
3 0.4891826923076923 0.5180288461538461 0.21634615384615385 0.20192307692307693
2 0.5420673076923077 0.6790865384615384 0.17548076923076922 0.18269230769230768
3 0.5901442307692307 0.34615384615384615 0.21634615384615385 0.21634615384615385
2 0.59375 0.18389423076923078 0.16826923076923078 0.15865384615384615
2 0.65625 0.5036057692307693 0.18028846153846154 0.18028846153846154
3 0.7067307692307693 0.6706730769230769 0.22596153846153846 0.21875
3 0.8329326923076923 0.4951923076923077 0.23317307692307693 0.2283653846153846
2 0.1622596153846154 0.47596153846153844 0.1466346153846154 0.15144230769230768
3 0.18870192307692307 0.6358173076923077 0.19230769230769232 0.2091346153846154
2 0.3233173076923077 0.8112980769230769 0.15865384615384615 0.16346153846153846
3 0.3112980769230769 0.47475961538461536 0.18990384615384615 0.19471153846153846
2 0.3016826923076923 0.31009615384615385 0.15865384615384615 0.15865384615384615