3 0.6490384615384616 0.6959134615384616 0.23076923076923078 0.22115384615384615
2 0.5408653846153846 0.875 0.18990384615384615 0.18990384615384615
2 0.5697115384615384 0.3858173076923077 0.17307692307692307 0.1658653846153846
3 0.5600961538461539 0.20673076923076922 0.21875 0.21153846153846154
3 0.5144230769230769 0.5492788461538461 0.21634615384615385 0.22355769230769232
3 0.5096153846153846 0.5528846153846154 0.23076923076923078 0.21875
2 0.4567307692307692 0.7307692307692307 0.18509615384615385 0.1971153846153846
3 0.3918269230769231 0.36658653846153844 0.23317307692307693 0.23317307692307693
2 0.38100961538461536 0.18629807692307693 0.18269230769230768 0.17307692307692307
2 0.32572115384615385 0.5420673076923077 0.18990384615384615 0.18990384615384615
3 0.27403846153846156 0.7283653846153846 0.24278846153846154 0.23317307692307693
3 0.12980769230769232 0.5408653846153846 0.24759615384615385 0.24519230769230768
2 0.8665865384615384 0.49278846153846156 0.15865384615384615 0.16346153846153846
3 0.8449519230769231 0.6706730769230769 0.2091346153846154 0.22596153846153846
2 0.7043269230769231 0.8689903846153846 0.17307692307692307 0.17548076923076922
3 0.703125 0.49759615384615385 0.20673076923076922 0.21153846153846154
2 0.7079326923076923 0.3161057692307692 0.17067307692307693 0.16826923076923078