3 0.3557692307692308 0.7235576923076923 0.19230769230769232 0.19471153846153846
2 0.4110576923076923 0.13822115384615385 0.17067307692307693 0.16105769230769232
3 0.40024038461538464 0.49759615384615385 0.19471153846153846 0.1875
2 0.4110576923076923 0.3245192307692308 0.1466346153846154 0.16346153846153846
3 0.5324519230769231 0.7487980769230769 0.1875 0.19471153846153846
2 0.6057692307692307 0.14783653846153846 0.15625 0.16105769230769232
3 0.5865384615384616 0.5432692307692307 0.19230769230769232 0.1875
2 0.6129807692307693 0.3245192307692308 0.15384615384615385 0.15625
3 0.78125 0.7644230769230769 0.19951923076923078 0.18269230769230768
3 0.8028846153846154 0.5612980769230769 0.19951923076923078 0.18269230769230768
2 0.8173076923076923 0.3389423076923077 0.15865384615384615 0.1466346153846154
2 0.8269230769230769 0.16346153846153846 0.15865384615384615 0.1466346153846154
3 0.16826923076923078 0.4987980769230769 0.20192307692307693 0.19471153846153846
3 0.16466346153846154 0.7163461538461539 0.19471153846153846 0.19471153846153846
2 0.22716346153846154 0.3088942307692308 0.16105769230769232 0.16105769230769232
2 0.24759615384615385 0.13221153846153846 0.16105769230769232 0.15865384615384615