3 0.41586538461538464 0.328125 0.21634615384615385 0.23317307692307693
2 0.7259615384615384 0.2932692307692308 0.1778846153846154 0.18509615384615385
2 0.5853365384615384 0.35216346153846156 0.17307692307692307 0.18509615384615385
3 0.2668269230769231 0.4483173076923077 0.22115384615384615 0.22596153846153846
3 0.7115384615384616 0.4639423076923077 0.23076923076923078 0.2283653846153846
2 0.12980769230769232 0.5612980769230769 0.18269230769230768 0.18509615384615385
2 0.5444711538461539 0.515625 0.1778846153846154 0.18990384615384615
2 0.40024038461538464 0.5649038461538461 0.1778846153846154 0.18990384615384615
2 0.2548076923076923 0.6394230769230769 0.18269230769230768 0.1778846153846154
3 0.7644230769230769 0.6598557692307693 0.23798076923076922 0.23798076923076922
3 0.5721153846153846 0.6911057692307693 0.23076923076923078 0.24278846153846154
3 0.38461538461538464 0.7644230769230769 0.2403846153846154 0.2403846153846154
3 0.3786057692307692 0.12620192307692307 0.21634615384615385 0.22596153846153846
3 0.5612980769230769 0.18870192307692307 0.2283653846153846 0.2283653846153846
2 0.26322115384615385 0.2536057692307692 0.18509615384615385 0.18269230769230768
2 0.13701923076923078 0.33774038461538464 0.17067307692307693 0.17548076923076922