2 0.31850961538461536 0.6418269230769231 0.13942307692307693 0.14182692307692307
2 0.453125 0.6310096153846154 0.13701923076923078 0.13942307692307693
1 0.5961538461538461 0.609375 0.15384615384615385 0.16105769230769232
1 0.7487980769230769 0.5528846153846154 0.16105769230769232 0.1778846153846154
2 0.21514423076923078 0.5528846153846154 0.14182692307692307 0.1346153846153846
1 0.35336538461538464 0.5 0.15144230769230768 0.16105769230769232
2 0.5 0.5 0.13701923076923078 0.13701923076923078
1 0.23317307692307693 0.4074519230769231 0.15384615384615385 0.15144230769230768
1 0.5865384615384616 0.38100961538461536 0.15384615384615385 0.15625
1 0.43149038461538464 0.37259615384615385 0.15625 0.16105769230769232
2 0.7512019230769231 0.3605769230769231 0.15144230769230768 0.15144230769230768
2 0.31850961538461536 0.27884615384615385 0.14423076923076922 0.13942307692307693
1 0.6586538461538461 0.22956730769230768 0.15625 0.16105769230769232
2 0.484375 0.22596153846153846 0.13942307692307693 0.14903846153846154
2 0.5252403846153846 0.7487980769230769 0.14423076923076922 0.15144230769230768
1 0.6995192307692307 0.7367788461538461 0.17067307692307693 0.16105769230769232