2 0.8245192307692307 0.5901442307692307 0.16346153846153846 0.17307692307692307
2 0.6165865384615384 0.5757211538461539 0.17067307692307693 0.17067307692307693
2 0.4362980769230769 0.5709134615384616 0.18028846153846154 0.18028846153846154
2 0.23918269230769232 0.5576923076923077 0.18269230769230768 0.18269230769230768
3 0.9014423076923077 0.34975961538461536 0.19230769230769232 0.20432692307692307
3 0.6995192307692307 0.3401442307692308 0.21153846153846154 0.22355769230769232
3 0.4326923076923077 0.3389423076923077 0.22115384615384615 0.21634615384615385
3 0.2127403846153846 0.3329326923076923 0.23557692307692307 0.23317307692307693
3 0.9050480769230769 0.11538461538461539 0.16105769230769232 0.20432692307692307
3 0.7271634615384616 0.12139423076923077 0.20192307692307693 0.21394230769230768
3 0.46033653846153844 0.11778846153846154 0.21875 0.22115384615384615
3 0.20072115384615385 0.11538461538461539 0.23076923076923078 0.21153846153846154
2 0.23677884615384615 0.8064903846153846 0.19471153846153846 0.1875
2 0.8341346153846154 0.7644230769230769 0.17307692307692307 0.17307692307692307
2 0.6430288461538461 0.7704326923076923 0.16826923076923078 0.17307692307692307
2 0.44711538461538464 0.7776442307692307 0.18028846153846154 0.1778846153846154