3 0.44711538461538464 0.34134615384615385 0.20432692307692307 0.20432692307692307
3 0.20072115384615385 0.3485576923076923 0.2091346153846154 0.2091346153846154
2 0.6971153846153846 0.35336538461538464 0.16346153846153846 0.17067307692307693
2 0.8762019230769231 0.359375 0.17067307692307693 0.17067307692307693
3 0.43028846153846156 0.5480769230769231 0.21153846153846154 0.21153846153846154
3 0.1935096153846154 0.5757211538461539 0.21394230769230768 0.21634615384615385
2 0.6778846153846154 0.5733173076923077 0.17067307692307693 0.17548076923076922
2 0.8665865384615384 0.5949519230769231 0.17548076923076922 0.17548076923076922
3 0.1346153846153846 0.8197115384615384 0.22596153846153846 0.22596153846153846
3 0.4170673076923077 0.8161057692307693 0.21875 0.23076923076923078
2 0.671875 0.8413461538461539 0.17548076923076922 0.18269230769230768
2 0.8762019230769231 0.8701923076923077 0.17548076923076922 0.1875
3 0.4266826923076923 0.12980769230769232 0.20432692307692307 0.19951923076923078
3 0.21875 0.13942307692307693 0.19951923076923078 0.19230769230769232
2 0.7163461538461539 0.14182692307692307 0.16105769230769232 0.16105769230769232
2 0.8882211538461539 0.15625 0.16105769230769232 0.16105769230769232