2 0.7560096153846154 0.4891826923076923 0.1201923076923077 0.15144230769230768
2 0.7055288461538461 0.7103365384615384 0.1201923076923077 0.15625
1 0.6586538461538461 0.3786057692307692 0.16105769230769232 0.1971153846153846
1 0.6526442307692307 0.5649038461538461 0.15384615384615385 0.20432692307692307
2 0.6165865384615384 0.18629807692307693 0.1201923076923077 0.1658653846153846
2 0.5841346153846154 0.8677884615384616 0.12980769230769232 0.1658653846153846
1 0.5649038461538461 0.7055288461538461 0.15625 0.19951923076923078
1 0.5276442307692307 0.33653846153846156 0.15625 0.20192307692307693
2 0.5108173076923077 0.12980769230769232 0.1201923076923077 0.16105769230769232
2 0.5360576923076923 0.5048076923076923 0.1201923076923077 0.16105769230769232
2 0.42427884615384615 0.22596153846153846 0.13701923076923078 0.17548076923076922
1 0.43990384615384615 0.6165865384615384 0.16346153846153846 0.21394230769230768
1 0.4495192307692308 0.8185096153846154 0.16346153846153846 0.2091346153846154
1 0.4050480769230769 0.4182692307692308 0.16105769230769232 0.20432692307692307
1 0.2932692307692308 0.5456730769230769 0.16826923076923078 0.21394230769230768
2 0.27163461538461536 0.3605769230769231 0.14182692307692307 0.17307692307692307