2 0.4182692307692308 0.20552884615384615 0.16105769230769232 0.16105769230769232
2 0.41466346153846156 0.5504807692307693 0.15144230769230768 0.16105769230769232
2 0.40625 0.8846153846153846 0.15625 0.1658653846153846
1 0.43990384615384615 0.37259615384615385 0.1658653846153846 0.17067307692307693
2 0.47115384615384615 0.7512019230769231 0.14903846153846154 0.16105769230769232
1 0.5516826923076923 0.09975961538461539 0.18269230769230768 0.1778846153846154
2 0.5528846153846154 0.26322115384615385 0.15625 0.15625
1 0.5516826923076923 0.6153846153846154 0.1778846153846154 0.1778846153846154
1 0.5516826923076923 0.9290865384615384 0.18028846153846154 0.14182692307692307
1 0.5853365384615384 0.44350961538461536 0.18269230769230768 0.18028846153846154
2 0.6189903846153846 0.7992788461538461 0.1658653846153846 0.17067307692307693
1 0.7043269230769231 0.3161057692307692 0.19230769230769232 0.1778846153846154
2 0.7055288461538461 0.5396634615384616 0.16105769230769232 0.1658653846153846
1 0.7752403846153846 0.13581730769230768 0.19230769230769232 0.1875
1 0.7524038461538461 0.7127403846153846 0.2091346153846154 0.1875
2 0.7524038461538461 0.9122596153846154 0.17067307692307693 0.16826923076923078
1 0.8545673076923077 0.41586538461538464 0.19951923076923078 0.1875
2 0.8641826923076923 0.5901442307692307 0.17548076923076922 0.16346153846153846
2 0.9050480769230769 0.25240384615384615 0.18269230769230768 0.1778846153846154
1 0.15985576923076922 0.4423076923076923 0.15625 0.17067307692307693
2 0.15504807692307693 0.6947115384615384 0.14423076923076922 0.15625
1 0.24278846153846154 0.5757211538461539 0.16105769230769232 0.17067307692307693
1 0.25961538461538464 0.8545673076923077 0.16346153846153846 0.17307692307692307
2 0.30288461538461536 0.2860576923076923 0.14903846153846154 0.16105769230769232
2 0.3088942307692308 0.4338942307692308 0.14903846153846154 0.15144230769230768
1 0.33413461538461536 0.7103365384615384 0.16826923076923078 0.17548076923076922