2 0.8064903846153846 0.4963942307692308 0.12259615384615384 0.16105769230769232
2 0.7295673076923077 0.7271634615384616 0.12259615384615384 0.16105769230769232
3 0.7139423076923077 0.36658653846153844 0.15384615384615385 0.2091346153846154
3 0.6862980769230769 0.5649038461538461 0.14182692307692307 0.19951923076923078
2 0.6862980769230769 0.1502403846153846 0.11778846153846154 0.1658653846153846
2 0.5817307692307693 0.8870192307692307 0.12740384615384615 0.16105769230769232
3 0.5805288461538461 0.7103365384615384 0.14423076923076922 0.20673076923076922
3 0.5769230769230769 0.30649038461538464 0.15384615384615385 0.2091346153846154
2 0.5745192307692307 0.0829326923076923 0.125 0.1658653846153846
2 0.5649038461538461 0.49278846153846156 0.12259615384615384 0.17548076923076922
2 0.4723557692307692 0.17548076923076922 0.12980769230769232 0.18028846153846154
3 0.4543269230769231 0.5961538461538461 0.16346153846153846 0.21153846153846154
3 0.44711538461538464 0.8197115384615384 0.16346153846153846 0.21394230769230768
3 0.4338942307692308 0.38221153846153844 0.15625 0.21394230769230768
3 0.3004807692307692 0.5168269230769231 0.17307692307692307 0.22355769230769232
2 0.28966346153846156 0.3112980769230769 0.1466346153846154 0.18269230769230768