3 0.30649038461538464 0.2283653846153846 0.20192307692307693 0.19471153846153846
3 0.31850961538461536 0.4483173076923077 0.1971153846153846 0.1971153846153846
2 0.36899038461538464 0.8762019230769231 0.16346153846153846 0.15865384615384615
2 0.375 0.6706730769230769 0.15865384615384615 0.16346153846153846
3 0.515625 0.22716346153846154 0.20432692307692307 0.1971153846153846
3 0.5288461538461539 0.4483173076923077 0.20432692307692307 0.20192307692307693
2 0.5588942307692307 0.6730769230769231 0.16346153846153846 0.1658653846153846
2 0.5841346153846154 0.8713942307692307 0.17307692307692307 0.17307692307692307
3 0.7463942307692307 0.21153846153846154 0.2091346153846154 0.19951923076923078
3 0.7560096153846154 0.42788461538461536 0.21394230769230768 0.1971153846153846
2 0.7680288461538461 0.6454326923076923 0.16346153846153846 0.16826923076923078
2 0.7872596153846154 0.8641826923076923 0.17307692307692307 0.17307692307692307
3 0.10336538461538461 0.2548076923076923 0.18990384615384615 0.18990384615384615
3 0.11778846153846154 0.4567307692307692 0.1971153846153846 0.19471153846153846
2 0.15865384615384615 0.6935096153846154 0.15865384615384615 0.15865384615384615
2 0.1814903846153846 0.8762019230769231 0.15865384615384615 0.16346153846153846