3 0.31490384615384615 0.671875 0.21394230769230768 0.21394230769230768
3 0.5 0.6634615384615384 0.21153846153846154 0.19951923076923078
2 0.1778846153846154 0.5528846153846154 0.17548076923076922 0.17067307692307693
2 0.7355769230769231 0.6165865384615384 0.17307692307692307 0.1658653846153846
2 0.3233173076923077 0.5096153846153846 0.18028846153846154 0.17548076923076922
3 0.6129807692307693 0.5144230769230769 0.2091346153846154 0.21634615384615385
2 0.23197115384615385 0.38822115384615385 0.18509615384615385 0.17307692307692307
3 0.4579326923076923 0.41466346153846156 0.21875 0.21875
2 0.6610576923076923 0.34975961538461536 0.17548076923076922 0.18028846153846154
2 0.14783653846153846 0.24879807692307693 0.18028846153846154 0.18028846153846154
3 0.3389423076923077 0.24879807692307693 0.23798076923076922 0.23317307692307693
3 0.5540865384615384 0.2091346153846154 0.23076923076923078 0.23557692307692307
2 0.359375 0.8257211538461539 0.16826923076923078 0.15865384615384615
3 0.5192307692307693 0.8353365384615384 0.20192307692307693 0.20432692307692307
3 0.13221153846153846 0.7127403846153846 0.22355769230769232 0.20673076923076922
2 0.6730769230769231 0.7475961538461539 0.16346153846153846 0.15865384615384615