3 0.3545673076923077 0.2091346153846154 0.18990384615384615 0.1875
3 0.36177884615384615 0.40384615384615385 0.1875 0.1875
2 0.3737980769230769 0.6899038461538461 0.15625 0.15625
2 0.3701923076923077 0.8810096153846154 0.15625 0.16346153846153846
3 0.5516826923076923 0.19591346153846154 0.18509615384615385 0.1971153846153846
3 0.5504807692307693 0.42788461538461536 0.1971153846153846 0.1971153846153846
2 0.5673076923076923 0.6826923076923077 0.15144230769230768 0.15865384615384615
2 0.5865384615384616 0.8822115384615384 0.16105769230769232 0.16826923076923078
3 0.7680288461538461 0.4206730769230769 0.21153846153846154 0.20673076923076922
3 0.7800480769230769 0.20072115384615385 0.20673076923076922 0.20192307692307693
2 0.8088942307692307 0.6694711538461539 0.17067307692307693 0.16346153846153846
2 0.8100961538461539 0.8858173076923077 0.17548076923076922 0.16826923076923078
3 0.17908653846153846 0.19110576923076922 0.1778846153846154 0.18269230769230768
3 0.17067307692307693 0.40625 0.18269230769230768 0.18269230769230768
2 0.17908653846153846 0.8858173076923077 0.15384615384615385 0.15384615384615385
2 0.19951923076923078 0.6802884615384616 0.1466346153846154 0.15625