3 0.6394230769230769 0.3269230769230769 0.21153846153846154 0.2091346153846154
2 0.3425480769230769 0.3088942307692308 0.17307692307692307 0.17307692307692307
2 0.14903846153846154 0.296875 0.18509615384615385 0.18028846153846154
3 0.8305288461538461 0.5420673076923077 0.21153846153846154 0.21153846153846154
3 0.5925480769230769 0.5120192307692307 0.21153846153846154 0.21394230769230768
2 0.3317307692307692 0.5048076923076923 0.18509615384615385 0.18028846153846154
2 0.12740384615384615 0.5120192307692307 0.19230769230769232 0.18028846153846154
3 0.8088942307692307 0.7668269230769231 0.21634615384615385 0.21634615384615385
3 0.5817307692307693 0.734375 0.22355769230769232 0.23317307692307693
2 0.32572115384615385 0.75 0.18028846153846154 0.18990384615384615
2 0.10576923076923077 0.734375 0.18990384615384615 0.19471153846153846
3 0.8641826923076923 0.15625 0.20432692307692307 0.1971153846153846
3 0.6514423076923077 0.1310096153846154 0.19951923076923078 0.19951923076923078
2 0.16346153846153846 0.09975961538461539 0.1778846153846154 0.17548076923076922
2 0.3713942307692308 0.13581730769230768 0.1658653846153846 0.1658653846153846
3 0.8389423076923077 0.33653846153846156 0.21153846153846154 0.20432692307692307