2 0.19951923076923078 0.6346153846153846 0.17548076923076922 0.17548076923076922
2 0.35336538461538464 0.640625 0.17067307692307693 0.17307692307692307
1 0.5144230769230769 0.6370192307692307 0.19471153846153846 0.20192307692307693
1 0.6935096153846154 0.59375 0.20673076923076922 0.22355769230769232
2 0.09615384615384616 0.5204326923076923 0.1778846153846154 0.17067307692307693
1 0.2608173076923077 0.48197115384615385 0.19230769230769232 0.20192307692307693
2 0.421875 0.5012019230769231 0.17067307692307693 0.17067307692307693
1 0.13942307692307693 0.36177884615384615 0.19230769230769232 0.18990384615384615
1 0.5348557692307693 0.3798076923076923 0.19230769230769232 0.19471153846153846
1 0.36538461538461536 0.34975961538461536 0.1971153846153846 0.20192307692307693
2 0.7247596153846154 0.38100961538461536 0.18990384615384615 0.18990384615384615
2 0.2512019230769231 0.22956730769230768 0.17548076923076922 0.17548076923076922
1 0.6370192307692307 0.21995192307692307 0.1971153846153846 0.20192307692307693
2 0.44471153846153844 0.19230769230769232 0.17548076923076922 0.18509615384615385
2 0.4182692307692308 0.7824519230769231 0.18028846153846154 0.18990384615384615
1 0.6129807692307693 0.7932692307692307 0.21394230769230768 0.20432692307692307