3 0.6538461538461539 0.46153846153846156 0.19230769230769232 0.18990384615384615
3 0.6346153846153846 0.2536057692307692 0.1875 0.18028846153846154
2 0.6213942307692307 0.6670673076923077 0.15625 0.15144230769230768
2 0.6298076923076923 0.8365384615384616 0.16346153846153846 0.15625
3 0.4567307692307692 0.24879807692307693 0.18509615384615385 0.18990384615384615
3 0.46875 0.47475961538461536 0.19230769230769232 0.18990384615384615
2 0.46033653846153844 0.8533653846153846 0.15625 0.15625
2 0.44350961538461536 0.671875 0.15625 0.15144230769230768
2 0.2800480769230769 0.6923076923076923 0.15625 0.15384615384615385
2 0.28725961538461536 0.8641826923076923 0.15625 0.16105769230769232
3 0.22596153846153846 0.23677884615384615 0.20192307692307693 0.19471153846153846
3 0.234375 0.5096153846153846 0.20192307692307693 0.19230769230769232
3 0.8221153846153846 0.23557692307692307 0.18509615384615385 0.18509615384615385
3 0.8341346153846154 0.4362980769230769 0.18028846153846154 0.1875
2 0.796875 0.8197115384615384 0.15144230769230768 0.15144230769230768
2 0.7740384615384616 0.6490384615384616 0.15384615384615385 0.14903846153846154