1 0.5961538461538461 0.609375 0.14182692307692307 0.1346153846153846
1 0.5588942307692307 0.7992788461538461 0.1466346153846154 0.14182692307692307
1 0.6045673076923077 0.41346153846153844 0.14423076923076922 0.13942307692307693
1 0.6225961538461539 0.2776442307692308 0.14182692307692307 0.13942307692307693
2 0.3942307692307692 0.7824519230769231 0.12740384615384615 0.125
2 0.4483173076923077 0.2848557692307692 0.12740384615384615 0.125
2 0.4098557692307692 0.59375 0.12740384615384615 0.125
2 0.41586538461538464 0.45072115384615385 0.12740384615384615 0.125
2 0.27884615384615385 0.5588942307692307 0.12740384615384615 0.125
2 0.31490384615384615 0.265625 0.12259615384615384 0.12259615384615384
2 0.2824519230769231 0.4110576923076923 0.12259615384615384 0.11778846153846154
2 0.23317307692307693 0.7487980769230769 0.12740384615384615 0.125
1 0.7307692307692307 0.7980769230769231 0.1466346153846154 0.14182692307692307
1 0.7271634615384616 0.6141826923076923 0.1346153846153846 0.14182692307692307
1 0.7548076923076923 0.31009615384615385 0.14182692307692307 0.1346153846153846
1 0.7391826923076923 0.4375 0.14182692307692307 0.13942307692307693