3 0.625 0.5012019230769231 0.22596153846153846 0.22596153846153846
2 0.6658653846153846 0.828125 0.17067307692307693 0.17548076923076922
2 0.6153846153846154 0.6706730769230769 0.18028846153846154 0.17307692307692307
2 0.53125 0.18870192307692307 0.1778846153846154 0.18269230769230768
2 0.5492788461538461 0.35697115384615385 0.17067307692307693 0.17067307692307693
3 0.5024038461538461 0.796875 0.22596153846153846 0.23076923076923078
3 0.4675480769230769 0.5985576923076923 0.22596153846153846 0.23076923076923078
3 0.38221153846153844 0.25721153846153844 0.22115384615384615 0.2283653846153846
2 0.40865384615384615 0.43149038461538464 0.1875 0.1971153846153846
2 0.328125 0.7391826923076923 0.18990384615384615 0.18269230769230768
3 0.27884615384615385 0.5564903846153846 0.22596153846153846 0.23076923076923078
3 0.21033653846153846 0.3629807692307692 0.23557692307692307 0.22596153846153846
2 0.7956730769230769 0.5420673076923077 0.17067307692307693 0.17067307692307693
2 0.7644230769230769 0.3954326923076923 0.17067307692307693 0.17548076923076922
3 0.7764423076923077 0.7079326923076923 0.2091346153846154 0.22355769230769232
3 0.6971153846153846 0.2403846153846154 0.22596153846153846 0.22115384615384615