2 0.19471153846153846 0.6526442307692307 0.13701923076923078 0.12980769230769232
2 0.4206730769230769 0.6526442307692307 0.11778846153846154 0.12259615384615384
3 0.6538461538461539 0.6298076923076923 0.13942307692307693 0.14423076923076922
2 0.328125 0.5901442307692307 0.12259615384615384 0.12259615384615384
2 0.5528846153846154 0.5661057692307693 0.11298076923076923 0.11778846153846154
2 0.21634615384615385 0.5384615384615384 0.12740384615384615 0.12740384615384615
3 0.4411057692307692 0.5228365384615384 0.14423076923076922 0.14423076923076922
2 0.7007211538461539 0.5192307692307693 0.10817307692307693 0.11298076923076923
3 0.32211538461538464 0.4543269230769231 0.15144230769230768 0.15144230769230768
3 0.5396634615384616 0.4266826923076923 0.14423076923076922 0.14423076923076922
3 0.6670673076923077 0.40625 0.12980769230769232 0.14182692307692307
2 0.24519230769230768 0.34375 0.12980769230769232 0.12740384615384615
2 0.44591346153846156 0.34975961538461536 0.11778846153846154 0.12259615384615384
3 0.5769230769230769 0.2932692307692308 0.13942307692307693 0.15144230769230768
3 0.375 0.23798076923076922 0.15384615384615385 0.16346153846153846
3 0.5324519230769231 0.6850961538461539 0.13942307692307693 0.15625