2 0.5336538461538461 0.6322115384615384 0.16105769230769232 0.1658653846153846
1 0.6887019230769231 0.5805288461538461 0.18990384615384615 0.18990384615384615
2 0.3858173076923077 0.5853365384615384 0.1658653846153846 0.1658653846153846
1 0.8185096153846154 0.4699519230769231 0.1971153846153846 0.18990384615384615
1 0.5552884615384616 0.4735576923076923 0.1778846153846154 0.18990384615384615
2 0.40024038461538464 0.43509615384615385 0.1658653846153846 0.16826923076923078
1 0.6742788461538461 0.35216346153846156 0.18990384615384615 0.18990384615384615
2 0.8305288461538461 0.3004807692307692 0.1658653846153846 0.16826923076923078
2 0.28365384615384615 0.3425480769230769 0.16346153846153846 0.16105769230769232
1 0.5132211538461539 0.3076923076923077 0.18509615384615385 0.18509615384615385
2 0.6310096153846154 0.19951923076923078 0.16105769230769232 0.16105769230769232
1 0.375 0.2127403846153846 0.1875 0.18509615384615385
2 0.7776442307692307 0.14903846153846154 0.1658653846153846 0.16826923076923078
1 0.5036057692307693 0.1045673076923077 0.18509615384615385 0.18990384615384615
2 0.6430288461538461 0.7415865384615384 0.1658653846153846 0.16346153846153846
1 0.4170673076923077 0.7451923076923077 0.18269230769230768 0.18990384615384615