3 0.78125 0.33413461538461536 0.17548076923076922 0.18269230769230768
3 0.5745192307692307 0.3389423076923077 0.1778846153846154 0.1778846153846154
2 0.17067307692307693 0.3713942307692308 0.14423076923076922 0.14903846153846154
2 0.3641826923076923 0.38341346153846156 0.14903846153846154 0.14423076923076922
3 0.7752403846153846 0.53125 0.1778846153846154 0.18509615384615385
3 0.5673076923076923 0.5360576923076923 0.18269230769230768 0.18509615384615385
2 0.3557692307692308 0.5564903846153846 0.15144230769230768 0.14903846153846154
2 0.16826923076923078 0.5745192307692307 0.15865384615384615 0.15865384615384615
3 0.7836538461538461 0.7487980769230769 0.18028846153846154 0.19230769230769232
3 0.5793269230769231 0.75 0.1778846153846154 0.19230769230769232
2 0.3737980769230769 0.7548076923076923 0.15384615384615385 0.14903846153846154
2 0.16826923076923078 0.7644230769230769 0.15865384615384615 0.15865384615384615
3 0.7620192307692307 0.14182692307692307 0.17307692307692307 0.17067307692307693
3 0.5733173076923077 0.14903846153846154 0.17548076923076922 0.1778846153846154
2 0.3485576923076923 0.18028846153846154 0.14423076923076922 0.14423076923076922
2 0.17548076923076922 0.19591346153846154 0.14903846153846154 0.14423076923076922