2 0.4795673076923077 0.765625 0.16105769230769232 0.12740384615384615
2 0.26322115384615385 0.6766826923076923 0.1658653846153846 0.12980769230769232
1 0.6117788461538461 0.6850961538461539 0.20673076923076922 0.17307692307692307
1 0.4182692307692308 0.6478365384615384 0.21394230769230768 0.16346153846153846
2 0.8173076923076923 0.6706730769230769 0.1778846153846154 0.12980769230769232
2 0.12139423076923077 0.5276442307692307 0.17307692307692307 0.13942307692307693
1 0.2920673076923077 0.5348557692307693 0.2091346153846154 0.16826923076923078
1 0.6754807692307693 0.5564903846153846 0.21153846153846154 0.16826923076923078
2 0.8918269230769231 0.5733173076923077 0.17067307692307693 0.12980769230769232
2 0.4987980769230769 0.5348557692307693 0.17067307692307693 0.12980769230769232
2 0.8064903846153846 0.4651442307692308 0.1875 0.14423076923076922
1 0.40024038461538464 0.4206730769230769 0.22355769230769232 0.17307692307692307
1 0.1935096153846154 0.39783653846153844 0.21875 0.17067307692307693
1 0.6117788461538461 0.41466346153846156 0.21394230769230768 0.17067307692307693
1 0.4963942307692308 0.28125 0.22596153846153846 0.1778846153846154
2 0.6911057692307693 0.28725961538461536 0.18509615384615385 0.14903846153846154