2 0.6682692307692307 0.5264423076923077 0.15144230769230768 0.1466346153846154
1 0.6394230769230769 0.3786057692307692 0.17067307692307693 0.17067307692307693
2 0.6045673076923077 0.6598557692307693 0.15144230769230768 0.15144230769230768
1 0.5540865384615384 0.24158653846153846 0.17307692307692307 0.18028846153846154
1 0.5240384615384616 0.4855769230769231 0.17067307692307693 0.16105769230769232
2 0.46875 0.6274038461538461 0.15384615384615385 0.15144230769230768
1 0.42788461538461536 0.3629807692307692 0.17067307692307693 0.17067307692307693
2 0.39903846153846156 0.21153846153846154 0.15144230769230768 0.15144230769230768
2 0.36778846153846156 0.7211538461538461 0.1466346153846154 0.1466346153846154
1 0.36658653846153844 0.5060096153846154 0.1658653846153846 0.1658653846153846
2 0.2800480769230769 0.3798076923076923 0.1466346153846154 0.1466346153846154
1 0.25961538461538464 0.6225961538461539 0.1658653846153846 0.16826923076923078
2 0.25240384615384615 0.23798076923076922 0.15384615384615385 0.15144230769230768
1 0.17668269230769232 0.4855769230769231 0.17067307692307693 0.1658653846153846
2 0.7848557692307693 0.43990384615384615 0.1466346153846154 0.15144230769230768
1 0.7572115384615384 0.6478365384615384 0.17067307692307693 0.16346153846153846