3 0.7175480769230769 0.3389423076923077 0.2091346153846154 0.20432692307692307
2 0.15264423076923078 0.453125 0.17548076923076922 0.18269230769230768
3 0.5036057692307693 0.4050480769230769 0.20432692307692307 0.2091346153846154
2 0.3329326923076923 0.4326923076923077 0.17307692307692307 0.16105769230769232
3 0.7596153846153846 0.5096153846153846 0.2091346153846154 0.20432692307692307
2 0.18269230769230768 0.6430288461538461 0.17307692307692307 0.16826923076923078
3 0.5649038461538461 0.5829326923076923 0.20432692307692307 0.20432692307692307
2 0.35216346153846156 0.6322115384615384 0.16826923076923078 0.1658653846153846
3 0.8028846153846154 0.7512019230769231 0.19951923076923078 0.21153846153846154
3 0.6069711538461539 0.7920673076923077 0.19951923076923078 0.21153846153846154
2 0.390625 0.8305288461538461 0.16105769230769232 0.16826923076923078
2 0.21995192307692307 0.8569711538461539 0.15625 0.16826923076923078
3 0.47716346153846156 0.1778846153846154 0.2091346153846154 0.21634615384615385
3 0.6935096153846154 0.15144230769230768 0.2091346153846154 0.2091346153846154
2 0.29927884615384615 0.25600961538461536 0.17548076923076922 0.17307692307692307
2 0.12620192307692307 0.2920673076923077 0.17067307692307693 0.17307692307692307