3 0.8040865384615384 0.6826923076923077 0.19230769230769232 0.18509615384615385
3 0.59375 0.6814903846153846 0.1875 0.1875
2 0.18629807692307693 0.6478365384615384 0.14903846153846154 0.15625
2 0.3786057692307692 0.6370192307692307 0.14903846153846154 0.14903846153846154
3 0.7992788461538461 0.4795673076923077 0.1971153846153846 0.19230769230769232
3 0.5805288461538461 0.47475961538461536 0.19230769230769232 0.1875
2 0.3713942307692308 0.46274038461538464 0.14903846153846154 0.14903846153846154
2 0.18509615384615385 0.4495192307692308 0.15384615384615385 0.14903846153846154
3 0.5925480769230769 0.2668269230769231 0.1971153846153846 0.19230769230769232
2 0.38461538461538464 0.2608173076923077 0.14903846153846154 0.14903846153846154
3 0.8064903846153846 0.25721153846153844 0.18269230769230768 0.1875
2 0.17307692307692307 0.2512019230769231 0.15625 0.14903846153846154
3 0.78125 0.8737980769230769 0.18269230769230768 0.17548076923076922
3 0.5889423076923077 0.8677884615384616 0.18269230769230768 0.18269230769230768
2 0.3641826923076923 0.8413461538461539 0.14423076923076922 0.13942307692307693
2 0.18870192307692307 0.8305288461538461 0.15625 0.14903846153846154