2 0.6069711538461539 0.2548076923076923 0.1466346153846154 0.14182692307692307
3 0.6574519230769231 0.5600961538461539 0.1778846153846154 0.17307692307692307
3 0.5961538461538461 0.41225961538461536 0.18509615384615385 0.17548076923076922
2 0.6033653846153846 0.7067307692307693 0.14423076923076922 0.15384615384615385
2 0.49158653846153844 0.24278846153846154 0.1346153846153846 0.14423076923076922
2 0.5240384615384616 0.6009615384615384 0.1466346153846154 0.14423076923076922
3 0.4423076923076923 0.3641826923076923 0.18269230769230768 0.1778846153846154
2 0.45552884615384615 0.7055288461538461 0.14182692307692307 0.15384615384615385
3 0.4026442307692308 0.5168269230769231 0.19230769230769232 0.18028846153846154
2 0.29927884615384615 0.3737980769230769 0.15625 0.15144230769230768
2 0.36177884615384615 0.8173076923076923 0.15865384615384615 0.16105769230769232
3 0.3076923076923077 0.6586538461538461 0.19951923076923078 0.19951923076923078
3 0.21394230769230768 0.4963942307692308 0.20192307692307693 0.1875
2 0.7680288461538461 0.4855769230769231 0.13942307692307693 0.14182692307692307
3 0.7259615384615384 0.34975961538461536 0.18028846153846154 0.1778846153846154
3 0.7403846153846154 0.6983173076923077 0.18990384615384615 0.1971153846153846