3 0.39903846153846156 0.33653846153846156 0.17067307692307693 0.17067307692307693
3 0.5612980769230769 0.3713942307692308 0.17067307692307693 0.15625
2 0.25961538461538464 0.4170673076923077 0.14182692307692307 0.13701923076923078
2 0.7632211538461539 0.4495192307692308 0.13701923076923078 0.13221153846153846
2 0.38221153846153844 0.4795673076923077 0.1466346153846154 0.13701923076923078
3 0.6394230769230769 0.5180288461538461 0.1658653846153846 0.17067307692307693
2 0.2824519230769231 0.5697115384615384 0.15144230769230768 0.13701923076923078
3 0.48677884615384615 0.5853365384615384 0.17548076923076922 0.17067307692307693
2 0.65625 0.671875 0.13701923076923078 0.1466346153846154
2 0.18629807692307693 0.6826923076923077 0.1466346153846154 0.14182692307692307
3 0.3557692307692308 0.7091346153846154 0.18990384615384615 0.18509615384615385
3 0.5396634615384616 0.78125 0.18509615384615385 0.1875
2 0.46274038461538464 0.203125 0.13701923076923078 0.125
3 0.6057692307692307 0.22235576923076922 0.16105769230769232 0.16105769230769232
3 0.24519230769230768 0.2668269230769231 0.18028846153846154 0.16105769230769232
2 0.7271634615384616 0.32091346153846156 0.13221153846153846 0.125