2 0.5625 0.7716346153846154 0.17548076923076922 0.17548076923076922
2 0.5745192307692307 0.6225961538461539 0.17548076923076922 0.17067307692307693
1 0.5757211538461539 0.4651442307692308 0.20192307692307693 0.19471153846153846
1 0.5408653846153846 0.28966346153846156 0.22115384615384615 0.20673076923076922
2 0.4495192307692308 0.8677884615384616 0.16826923076923078 0.17548076923076922
1 0.41586538461538464 0.7079326923076923 0.20192307692307693 0.19230769230769232
2 0.4411057692307692 0.5504807692307693 0.17067307692307693 0.17067307692307693
1 0.29447115384615385 0.8245192307692307 0.18990384615384615 0.19230769230769232
1 0.3269230769230769 0.4362980769230769 0.19471153846153846 0.19230769230769232
1 0.2920673076923077 0.6021634615384616 0.20192307692307693 0.1971153846153846
2 0.3329326923076923 0.2548076923076923 0.18990384615384615 0.18990384615384615
2 0.16947115384615385 0.7091346153846154 0.1778846153846154 0.18028846153846154
1 0.17548076923076922 0.3317307692307692 0.20192307692307693 0.1971153846153846
2 0.140625 0.5192307692307693 0.18509615384615385 0.1778846153846154
2 0.7151442307692307 0.5661057692307693 0.1875 0.18269230769230768
1 0.7319711538461539 0.375 0.20432692307692307 0.21394230769230768