3 0.7055288461538461 0.4387019230769231 0.22115384615384615 0.21875
3 0.6766826923076923 0.19951923076923078 0.22355769230769232 0.22355769230769232
2 0.7139423076923077 0.6862980769230769 0.18509615384615385 0.17548076923076922
2 0.7223557692307693 0.8629807692307693 0.18269230769230768 0.18509615384615385
3 0.5 0.4423076923076923 0.22596153846153846 0.22596153846153846
3 0.4483173076923077 0.2091346153846154 0.23076923076923078 0.2283653846153846
2 0.49399038461538464 0.6899038461538461 0.18990384615384615 0.18509615384615385
2 0.49038461538461536 0.8774038461538461 0.18990384615384615 0.18990384615384615
3 0.20552884615384615 0.17307692307692307 0.2403846153846154 0.23798076923076922
3 0.23317307692307693 0.45072115384615385 0.24759615384615385 0.23317307692307693
2 0.22956730769230768 0.7055288461538461 0.19471153846153846 0.1875
2 0.21754807692307693 0.9074519230769231 0.19951923076923078 0.18509615384615385
3 0.9002403846153846 0.40024038461538464 0.19951923076923078 0.21875
3 0.8810096153846154 0.19951923076923078 0.19951923076923078 0.2091346153846154
2 0.9170673076923077 0.6887019230769231 0.1658653846153846 0.17548076923076922
2 0.9170673076923077 0.8569711538461539 0.1658653846153846 0.17548076923076922