2 0.6298076923076923 0.8040865384615384 0.16105769230769232 0.16105769230769232
2 0.609375 0.44591346153846156 0.15144230769230768 0.16105769230769232
2 0.59375 0.10216346153846154 0.15625 0.1658653846153846
1 0.5949519230769231 0.6322115384615384 0.1658653846153846 0.17067307692307693
2 0.5360576923076923 0.24278846153846154 0.14903846153846154 0.16105769230769232
1 0.4987980769230769 0.9158653846153846 0.18028846153846154 0.16826923076923078
2 0.48677884615384615 0.7560096153846154 0.15625 0.15625
1 0.46274038461538464 0.3894230769230769 0.17548076923076922 0.17548076923076922
1 0.4375 0.0673076923076923 0.18028846153846154 0.1346153846153846
1 0.4411057692307692 0.5733173076923077 0.18028846153846154 0.18028846153846154
2 0.38100961538461536 0.2091346153846154 0.1658653846153846 0.17067307692307693
1 0.3269230769230769 0.7127403846153846 0.19230769230769232 0.17548076923076922
2 0.3112980769230769 0.4795673076923077 0.16105769230769232 0.1658653846153846
1 0.2668269230769231 0.9026442307692307 0.18990384615384615 0.1875
1 0.24879807692307693 0.30408653846153844 0.2091346153846154 0.1875
2 0.234375 0.10096153846153846 0.17067307692307693 0.16826923076923078
1 0.1658653846153846 0.6189903846153846 0.19951923076923078 0.18990384615384615
2 0.14302884615384615 0.4411057692307692 0.17548076923076922 0.16105769230769232
2 0.12379807692307693 0.7896634615384616 0.18028846153846154 0.18028846153846154
1 0.8786057692307693 0.5432692307692307 0.15625 0.17067307692307693
2 0.8653846153846154 0.2824519230769231 0.14423076923076922 0.15625
1 0.7836538461538461 0.40865384615384615 0.16105769230769232 0.17067307692307693
1 0.7463942307692307 0.12259615384615384 0.16105769230769232 0.17067307692307693
2 0.7427884615384616 0.7103365384615384 0.14903846153846154 0.16105769230769232
2 0.7271634615384616 0.5625 0.14903846153846154 0.15144230769230768
1 0.6814903846153846 0.27884615384615385 0.1658653846153846 0.17548076923076922