3 0.5360576923076923 0.36658653846153844 0.18509615384615385 0.18509615384615385
3 0.3245192307692308 0.38461538461538464 0.18990384615384615 0.18028846153846154
2 0.7427884615384616 0.40384615384615385 0.15384615384615385 0.15384615384615385
2 0.9110576923076923 0.39783653846153844 0.15625 0.14903846153846154
3 0.31850961538461536 0.5588942307692307 0.1971153846153846 0.18509615384615385
3 0.5528846153846154 0.5480769230769231 0.18990384615384615 0.18990384615384615
2 0.9314903846153846 0.5576923076923077 0.13701923076923078 0.15384615384615385
2 0.7560096153846154 0.5793269230769231 0.16105769230769232 0.15865384615384615
2 0.7824519230769231 0.7451923076923077 0.16346153846153846 0.16826923076923078
2 0.9362980769230769 0.7367788461538461 0.12740384615384615 0.16105769230769232
3 0.296875 0.8052884615384616 0.2091346153846154 0.21394230769230768
3 0.5913461538461539 0.7860576923076923 0.20192307692307693 0.21153846153846154
3 0.3137019230769231 0.19951923076923078 0.1875 0.1658653846153846
3 0.5144230769230769 0.19591346153846154 0.1778846153846154 0.17067307692307693
2 0.8894230769230769 0.23918269230769232 0.14903846153846154 0.14423076923076922
2 0.7259615384615384 0.2536057692307692 0.14903846153846154 0.13942307692307693