2 0.2439903846153846 0.36899038461538464 0.14423076923076922 0.14903846153846154
3 0.5925480769230769 0.3605769230769231 0.17307692307692307 0.1778846153846154
3 0.4170673076923077 0.40625 0.17548076923076922 0.1875
2 0.7475961538461539 0.44350961538461536 0.15865384615384615 0.14423076923076922
2 0.21153846153846154 0.4963942307692308 0.1466346153846154 0.13701923076923078
2 0.6177884615384616 0.5168269230769231 0.1466346153846154 0.14903846153846154
3 0.3389423076923077 0.5709134615384616 0.18028846153846154 0.18269230769230768
2 0.7235576923076923 0.609375 0.15865384615384615 0.14182692307692307
3 0.5048076923076923 0.6382211538461539 0.18028846153846154 0.19471153846153846
2 0.3293269230769231 0.7319711538461539 0.15144230769230768 0.15865384615384615
2 0.8341346153846154 0.7307692307692307 0.16346153846153846 0.15865384615384615
3 0.6478365384615384 0.7668269230769231 0.20432692307692307 0.20432692307692307
3 0.4519230769230769 0.8473557692307693 0.1875 0.2091346153846154
2 0.5276442307692307 0.2247596153846154 0.14423076923076922 0.13942307692307693
3 0.36899038461538464 0.2512019230769231 0.18269230769230768 0.18509615384615385
3 0.7608173076923077 0.28966346153846156 0.19951923076923078 0.19230769230769232