2 0.23317307692307693 0.6814903846153846 0.1658653846153846 0.1658653846153846
2 0.5540865384615384 0.6165865384615384 0.16346153846153846 0.15865384615384615
2 0.8653846153846154 0.5588942307692307 0.16826923076923078 0.16105769230769232
1 0.38341346153846156 0.6262019230769231 0.17548076923076922 0.17067307692307693
2 0.7295673076923077 0.5240384615384616 0.16346153846153846 0.15625
1 0.10697115384615384 0.5745192307692307 0.18269230769230768 0.18509615384615385
2 0.25841346153846156 0.5420673076923077 0.16105769230769232 0.16346153846153846
1 0.5877403846153846 0.4735576923076923 0.18269230769230768 0.18269230769230768
1 0.9014423076923077 0.4074519230769231 0.1971153846153846 0.18990384615384615
1 0.4206730769230769 0.4795673076923077 0.1875 0.1875
2 0.7427884615384616 0.375 0.17548076923076922 0.17067307692307693
1 0.2776442307692308 0.390625 0.18509615384615385 0.1971153846153846
2 0.4855769230769231 0.34615384615384615 0.17067307692307693 0.17067307692307693
1 0.09615384615384616 0.3629807692307692 0.19230769230769232 0.1971153846153846
1 0.6382211538461539 0.2704326923076923 0.19471153846153846 0.21394230769230768
2 0.8233173076923077 0.23076923076923078 0.17548076923076922 0.17548076923076922
1 0.34134615384615385 0.234375 0.19471153846153846 0.20432692307692307
2 0.5012019230769231 0.18870192307692307 0.16826923076923078 0.18028846153846154
2 0.17908653846153846 0.21995192307692307 0.18269230769230768 0.18509615384615385
1 0.5036057692307693 0.8737980769230769 0.17307692307692307 0.16105769230769232
2 0.7391826923076923 0.8269230769230769 0.15865384615384615 0.14903846153846154
1 0.6105769230769231 0.7680288461538461 0.17548076923076922 0.1658653846153846
1 0.8677884615384616 0.6971153846153846 0.17548076923076922 0.1658653846153846
2 0.33052884615384615 0.7728365384615384 0.16346153846153846 0.15625
2 0.4651442307692308 0.7355769230769231 0.15625 0.15384615384615385
1 0.7175480769230769 0.6598557692307693 0.18028846153846154 0.17307692307692307