3 0.6610576923076923 0.5300480769230769 0.20432692307692307 0.2091346153846154
2 0.6610576923076923 0.8641826923076923 0.15625 0.15865384615384615
2 0.6298076923076923 0.6995192307692307 0.16346153846153846 0.15865384615384615
2 0.6057692307692307 0.20673076923076922 0.16105769230769232 0.16826923076923078
2 0.6021634615384616 0.37740384615384615 0.15384615384615385 0.15865384615384615
3 0.5 0.8125 0.20673076923076922 0.2091346153846154
3 0.49038461538461536 0.609375 0.20432692307692307 0.2091346153846154
3 0.44711538461538464 0.25600961538461536 0.20192307692307693 0.21394230769230768
2 0.4519230769230769 0.4338942307692308 0.17307692307692307 0.18269230769230768
2 0.33413461538461536 0.7331730769230769 0.17548076923076922 0.16346153846153846
3 0.30649038461538464 0.5444711538461539 0.20432692307692307 0.2091346153846154
3 0.2608173076923077 0.3425480769230769 0.21634615384615385 0.20673076923076922
2 0.8257211538461539 0.59375 0.15865384615384615 0.15625
2 0.8149038461538461 0.44350961538461536 0.15384615384615385 0.16105769230769232
3 0.7872596153846154 0.7572115384615384 0.18990384615384615 0.20432692307692307
3 0.765625 0.2776442307692308 0.20432692307692307 0.20192307692307693