3 0.6454326923076923 0.6009615384615384 0.22115384615384615 0.21875
3 0.6069711538461539 0.8341346153846154 0.22596153846153846 0.22596153846153846
2 0.6622596153846154 0.359375 0.18269230769230768 0.17548076923076922
2 0.6778846153846154 0.1875 0.18509615384615385 0.18509615384615385
3 0.44471153846153844 0.5925480769230769 0.2283653846153846 0.22596153846153846
3 0.3894230769230769 0.8161057692307693 0.23076923076923078 0.2283653846153846
2 0.4495192307692308 0.35096153846153844 0.18990384615384615 0.18509615384615385
2 0.45072115384615385 0.16947115384615385 0.18990384615384615 0.18990384615384615
3 0.14903846153846154 0.84375 0.23798076923076922 0.23798076923076922
3 0.18629807692307693 0.5733173076923077 0.24759615384615385 0.23557692307692307
2 0.19230769230769232 0.3269230769230769 0.19471153846153846 0.1875
2 0.18990384615384615 0.12620192307692307 0.19951923076923078 0.19230769230769232
3 0.84375 0.6454326923076923 0.21875 0.22115384615384615
3 0.8100961538461539 0.8425480769230769 0.20673076923076922 0.21153846153846154
2 0.8677884615384616 0.36538461538461536 0.17307692307692307 0.17307692307692307
2 0.8725961538461539 0.19951923076923078 0.17307692307692307 0.17307692307692307