2 0.5564903846153846 0.4170673076923077 0.16826923076923078 0.17067307692307693
2 0.7439903846153846 0.38341346153846156 0.16826923076923078 0.16826923076923078
2 0.36899038461538464 0.46033653846153844 0.17548076923076922 0.18269230769230768
2 0.15625 0.5096153846153846 0.17307692307692307 0.17307692307692307
1 0.7824519230769231 0.6009615384615384 0.18269230769230768 0.18269230769230768
1 0.5925480769230769 0.6370192307692307 0.1875 0.18509615384615385
1 0.390625 0.6754807692307693 0.1875 0.18509615384615385
1 0.16706730769230768 0.7211538461538461 0.18990384615384615 0.19230769230769232
1 0.8076923076923077 0.7992788461538461 0.17548076923076922 0.1778846153846154
1 0.18629807692307693 0.9146634615384616 0.18990384615384615 0.17067307692307693
1 0.43149038461538464 0.8930288461538461 0.20192307692307693 0.19230769230769232
1 0.6526442307692307 0.859375 0.18990384615384615 0.18990384615384615
2 0.30649038461538464 0.2439903846153846 0.17307692307692307 0.17548076923076922
2 0.7115384615384616 0.17307692307692307 0.16826923076923078 0.17548076923076922
2 0.08653846153846154 0.2932692307692308 0.17307692307692307 0.18269230769230768
2 0.5 0.234375 0.17067307692307693 0.18028846153846154