3 0.49399038461538464 0.2848557692307692 0.19951923076923078 0.19951923076923078
3 0.7199519230769231 0.2692307692307692 0.20432692307692307 0.19471153846153846
2 0.2860576923076923 0.3581730769230769 0.1658653846153846 0.1658653846153846
2 0.109375 0.3798076923076923 0.1658653846153846 0.16105769230769232
3 0.7548076923076923 0.4495192307692308 0.21153846153846154 0.20192307692307693
3 0.5084134615384616 0.47716346153846156 0.20673076923076922 0.20673076923076922
2 0.10336538461538461 0.5516826923076923 0.1658653846153846 0.1658653846153846
2 0.3016826923076923 0.5456730769230769 0.17307692307692307 0.17307692307692307
2 0.3016826923076923 0.7223557692307693 0.1778846153846154 0.18269230769230768
2 0.1141826923076923 0.7427884615384616 0.18028846153846154 0.17307692307692307
3 0.8185096153846154 0.7055288461538461 0.22596153846153846 0.23317307692307693
3 0.5084134615384616 0.7331730769230769 0.21394230769230768 0.2283653846153846
3 0.7007211538461539 0.08173076923076923 0.20432692307692307 0.16346153846153846
3 0.4891826923076923 0.10336538461538461 0.19230769230769232 0.18269230769230768
2 0.10576923076923077 0.21033653846153846 0.16105769230769232 0.15384615384615385
2 0.2776442307692308 0.19831730769230768 0.16105769230769232 0.15144230769230768