1 0.6081730769230769 0.3137019230769231 0.15865384615384615 0.15384615384615385
1 0.5661057692307693 0.0985576923076923 0.16346153846153846 0.15865384615384615
1 0.6141826923076923 0.5360576923076923 0.16105769230769232 0.15384615384615385
1 0.6286057692307693 0.6911057692307693 0.15865384615384615 0.15384615384615385
2 0.38221153846153844 0.1141826923076923 0.14423076923076922 0.13942307692307693
2 0.4338942307692308 0.6790865384615384 0.14182692307692307 0.13942307692307693
2 0.39663461538461536 0.3269230769230769 0.14423076923076922 0.13942307692307693
2 0.40024038461538464 0.49158653846153844 0.14182692307692307 0.13942307692307693
2 0.24639423076923078 0.36538461538461536 0.14423076923076922 0.13942307692307693
2 0.27884615384615385 0.6983173076923077 0.13942307692307693 0.13942307692307693
2 0.24519230769230768 0.5324519230769231 0.13942307692307693 0.13221153846153846
2 0.19951923076923078 0.14903846153846154 0.14423076923076922 0.13942307692307693
1 0.7644230769230769 0.10216346153846154 0.16346153846153846 0.15865384615384615
1 0.7524038461538461 0.3125 0.15384615384615385 0.15865384615384615
1 0.7800480769230769 0.65625 0.15865384615384615 0.15384615384615385
1 0.7644230769230769 0.5120192307692307 0.15865384615384615 0.15384615384615385