3 0.53125 0.3401442307692308 0.1971153846153846 0.19951923076923078
3 0.7524038461538461 0.3329326923076923 0.18990384615384615 0.19471153846153846
2 0.32572115384615385 0.40384615384615385 0.15865384615384615 0.16346153846153846
2 0.1502403846153846 0.4206730769230769 0.16346153846153846 0.16826923076923078
3 0.7788461538461539 0.515625 0.1971153846153846 0.19230769230769232
3 0.5444711538461539 0.5348557692307693 0.1971153846153846 0.19951923076923078
2 0.15625 0.5985576923076923 0.16346153846153846 0.16346153846153846
2 0.3473557692307692 0.5901442307692307 0.15865384615384615 0.16346153846153846
2 0.3485576923076923 0.7620192307692307 0.15865384615384615 0.16346153846153846
2 0.16826923076923078 0.78125 0.1658653846153846 0.16346153846153846
3 0.8245192307692307 0.7524038461538461 0.20432692307692307 0.2091346153846154
3 0.5432692307692307 0.7824519230769231 0.19951923076923078 0.2091346153846154
3 0.7391826923076923 0.13221153846153846 0.19230769230769232 0.19230769230769232
3 0.53125 0.15264423076923078 0.19230769230769232 0.18509615384615385
2 0.13942307692307693 0.2439903846153846 0.15865384615384615 0.15865384615384615
2 0.31971153846153844 0.24639423076923078 0.15384615384615385 0.15865384615384615