3 0.5961538461538461 0.3317307692307692 0.1875 0.1875
2 0.3137019230769231 0.36899038461538464 0.15144230769230768 0.15144230769230768
2 0.12980769230769232 0.39302884615384615 0.16105769230769232 0.15625
3 0.8137019230769231 0.49759615384615385 0.1875 0.1875
3 0.5865384615384616 0.5132211538461539 0.1875 0.19230769230769232
2 0.3389423076923077 0.5540865384615384 0.1658653846153846 0.15625
2 0.14783653846153846 0.5985576923076923 0.17067307692307693 0.15625
3 0.8353365384615384 0.7139423076923077 0.19230769230769232 0.19230769230769232
3 0.6165865384615384 0.7247596153846154 0.19951923076923078 0.2091346153846154
2 0.37740384615384615 0.7860576923076923 0.16105769230769232 0.1658653846153846
2 0.16826923076923078 0.8112980769230769 0.16826923076923078 0.17307692307692307
3 0.7740384615384616 0.1310096153846154 0.18028846153846154 0.17307692307692307
3 0.5721153846153846 0.14423076923076922 0.1778846153846154 0.1778846153846154
2 0.10697115384615384 0.20432692307692307 0.16105769230769232 0.15144230769230768
2 0.31009615384615385 0.20192307692307693 0.1466346153846154 0.1466346153846154
3 0.7836538461538461 0.30408653846153844 0.1875 0.18269230769230768