2 0.28725961538461536 0.26802884615384615 0.12980769230769232 0.1346153846153846
2 0.3329326923076923 0.47596153846153844 0.12259615384615384 0.11778846153846154
3 0.39783653846153844 0.6850961538461539 0.14182692307692307 0.13942307692307693
2 0.3713942307692308 0.3786057692307692 0.12259615384615384 0.12259615384615384
2 0.4375 0.5805288461538461 0.11538461538461539 0.11298076923076923
2 0.39783653846153844 0.265625 0.12740384615384615 0.12740384615384615
3 0.45552884615384615 0.46875 0.1466346153846154 0.1466346153846154
2 0.5096153846153846 0.7079326923076923 0.11057692307692307 0.10576923076923077
3 0.4951923076923077 0.34615384615384615 0.15144230769230768 0.15144230769230768
3 0.5625 0.5420673076923077 0.1466346153846154 0.14182692307692307
3 0.6069711538461539 0.6538461538461539 0.14423076923076922 0.12980769230769232
2 0.5817307692307693 0.2536057692307692 0.12740384615384615 0.12980769230769232
2 0.6153846153846154 0.4387019230769231 0.12259615384615384 0.11778846153846154
3 0.6935096153846154 0.5504807692307693 0.15144230769230768 0.13942307692307693
3 0.7043269230769231 0.35336538461538464 0.16105769230769232 0.15384615384615385
3 0.32211538461538464 0.5853365384615384 0.15384615384615385 0.13942307692307693