3 0.5709134615384616 0.6430288461538461 0.22596153846153846 0.2283653846153846
3 0.8161057692307693 0.609375 0.23076923076923078 0.23317307692307693
2 0.31971153846153844 0.65625 0.18269230769230768 0.18990384615384615
2 0.140625 0.6694711538461539 0.18990384615384615 0.18990384615384615
3 0.5673076923076923 0.4338942307692308 0.23076923076923078 0.23557692307692307
3 0.8004807692307693 0.3798076923076923 0.23557692307692307 0.23557692307692307
2 0.31490384615384615 0.4338942307692308 0.18990384615384615 0.19471153846153846
2 0.125 0.4338942307692308 0.19471153846153846 0.19471153846153846
3 0.8341346153846154 0.1310096153846154 0.24759615384615385 0.24759615384615385
3 0.5504807692307693 0.16466346153846154 0.24278846153846154 0.25240384615384615
2 0.29447115384615385 0.1658653846153846 0.19471153846153846 0.19951923076923078
2 0.09134615384615384 0.15865384615384615 0.18269230769230768 0.20673076923076922
3 0.6141826923076923 0.8521634615384616 0.22596153846153846 0.22355769230769232
3 0.8197115384615384 0.8209134615384616 0.21875 0.21394230769230768
2 0.32211538461538464 0.8701923076923077 0.1778846153846154 0.18028846153846154
2 0.1502403846153846 0.8725961538461539 0.1778846153846154 0.1778846153846154