3 0.7980769230769231 0.3245192307692308 0.19471153846153846 0.19471153846153846
3 0.6009615384615384 0.328125 0.19471153846153846 0.19471153846153846
2 0.3088942307692308 0.33533653846153844 0.16105769230769232 0.16105769230769232
2 0.11298076923076923 0.328125 0.16826923076923078 0.16105769230769232
3 0.8088942307692307 0.5252403846153846 0.20432692307692307 0.18990384615384615
3 0.5721153846153846 0.5204326923076923 0.20432692307692307 0.20432692307692307
2 0.3125 0.5324519230769231 0.16346153846153846 0.15625
2 0.10697115384615384 0.5480769230769231 0.17307692307692307 0.16826923076923078
3 0.5769230769230769 0.7415865384615384 0.21634615384615385 0.21875
3 0.8004807692307693 0.7584134615384616 0.2091346153846154 0.21394230769230768
2 0.32211538461538464 0.7788461538461539 0.17067307692307693 0.1778846153846154
2 0.10096153846153846 0.7752403846153846 0.17307692307692307 0.18269230769230768
3 0.8209134615384616 0.14543269230769232 0.18990384615384615 0.18509615384615385
3 0.6021634615384616 0.13221153846153846 0.18990384615384615 0.18990384615384615
2 0.11177884615384616 0.13221153846153846 0.15865384615384615 0.15865384615384615
2 0.32211538461538464 0.15745192307692307 0.16105769230769232 0.15384615384615385