3 0.8341346153846154 0.3629807692307692 0.21394230769230768 0.21875
3 0.6189903846153846 0.33413461538461536 0.21394230769230768 0.21394230769230768
2 0.19471153846153846 0.3004807692307692 0.17307692307692307 0.1778846153846154
2 0.39302884615384615 0.3449519230769231 0.1778846153846154 0.17307692307692307
3 0.7980769230769231 0.5685096153846154 0.21634615384615385 0.21875
3 0.578125 0.5384615384615384 0.22115384615384615 0.22355769230769232
2 0.35697115384615385 0.5252403846153846 0.18028846153846154 0.18028846153846154
2 0.16105769230769232 0.5120192307692307 0.19230769230769232 0.19230769230769232
3 0.7716346153846154 0.7932692307692307 0.21875 0.22355769230769232
3 0.5552884615384616 0.7620192307692307 0.21634615384615385 0.2283653846153846
2 0.34134615384615385 0.7331730769230769 0.18269230769230768 0.18028846153846154
2 0.12620192307692307 0.7091346153846154 0.19230769230769232 0.19230769230769232
3 0.8461538461538461 0.16105769230769232 0.2091346153846154 0.20673076923076922
3 0.6490384615384616 0.13701923076923078 0.21153846153846154 0.21394230769230768
2 0.4110576923076923 0.13341346153846154 0.17307692307692307 0.17307692307692307
2 0.23076923076923078 0.1201923076923077 0.1778846153846154 0.17307692307692307