3 0.41947115384615385 0.2439903846153846 0.20673076923076922 0.2091346153846154
2 0.38100961538461536 0.8461538461538461 0.1875 0.17548076923076922
3 0.4266826923076923 0.4795673076923077 0.2091346153846154 0.20432692307692307
2 0.4098557692307692 0.6598557692307693 0.16105769230769232 0.17548076923076922
3 0.6033653846153846 0.24759615384615385 0.20432692307692307 0.2091346153846154
2 0.5805288461538461 0.8677884615384616 0.17067307692307693 0.17307692307692307
3 0.625 0.4651442307692308 0.20673076923076922 0.20432692307692307
2 0.6165865384615384 0.6935096153846154 0.16346153846153846 0.16826923076923078
3 0.859375 0.2692307692307692 0.21394230769230768 0.19951923076923078
3 0.8473557692307693 0.47836538461538464 0.21394230769230768 0.19951923076923078
2 0.8269230769230769 0.7079326923076923 0.17067307692307693 0.16105769230769232
2 0.8088942307692307 0.8894230769230769 0.17067307692307693 0.15865384615384615
3 0.19110576923076922 0.44350961538461536 0.21634615384615385 0.2091346153846154
3 0.22355769230769232 0.21875 0.2091346153846154 0.2091346153846154
2 0.22115384615384615 0.6442307692307693 0.17548076923076922 0.1778846153846154
2 0.2127403846153846 0.8305288461538461 0.17307692307692307 0.17307692307692307