2 0.7980769230769231 0.43990384615384615 0.16826923076923078 0.16826923076923078
2 0.47115384615384615 0.39783653846153844 0.1658653846153846 0.16346153846153846
2 0.15625 0.34975961538461536 0.17067307692307693 0.16346153846153846
1 0.6382211538461539 0.4423076923076923 0.18028846153846154 0.17307692307692307
2 0.2764423076923077 0.42788461538461536 0.1658653846153846 0.15865384615384615
1 0.8834134615384616 0.5793269230769231 0.1875 0.19230769230769232
2 0.7295673076923077 0.5625 0.16346153846153846 0.1658653846153846
1 0.3942307692307692 0.5192307692307693 0.1875 0.1875
1 0.08653846153846154 0.4807692307692308 0.17307692307692307 0.19230769230769232
1 0.5540865384615384 0.5709134615384616 0.18990384615384615 0.19230769230769232
2 0.2127403846153846 0.5612980769230769 0.18028846153846154 0.17307692307692307
1 0.6610576923076923 0.6995192307692307 0.18990384615384615 0.20192307692307693
2 0.4483173076923077 0.6730769230769231 0.17307692307692307 0.17307692307692307
1 0.8245192307692307 0.7872596153846154 0.1971153846153846 0.19951923076923078
1 0.27884615384615385 0.6971153846153846 0.20192307692307693 0.21875
2 0.09014423076923077 0.6754807692307693 0.1778846153846154 0.18028846153846154
1 0.5492788461538461 0.8293269230769231 0.19951923076923078 0.2091346153846154
2 0.38221153846153844 0.8185096153846154 0.17067307692307693 0.18269230769230768
2 0.6971153846153846 0.8978365384615384 0.1875 0.19230769230769232
1 0.6045673076923077 0.16947115384615385 0.1778846153846154 0.16346153846153846
2 0.36538461538461536 0.1346153846153846 0.15865384615384615 0.15144230769230768
1 0.4675480769230769 0.23197115384615385 0.1778846153846154 0.16826923076923078
1 0.20192307692307693 0.21514423076923078 0.18028846153846154 0.17067307692307693
2 0.7355769230769231 0.32211538461538464 0.1658653846153846 0.15865384615384615
2 0.5961538461538461 0.31009615384615385 0.16105769230769232 0.15625
1 0.3317307692307692 0.3016826923076923 0.18509615384615385 0.17548076923076922