3 0.3762019230769231 0.19471153846153846 0.20432692307692307 0.19951923076923078
3 0.3581730769230769 0.40625 0.20192307692307693 0.20192307692307693
2 0.3485576923076923 0.8209134615384616 0.16826923076923078 0.16105769230769232
2 0.38221153846153844 0.625 0.16105769230769232 0.16826923076923078
3 0.5769230769230769 0.22115384615384615 0.2091346153846154 0.20192307692307693
3 0.5588942307692307 0.43509615384615385 0.2091346153846154 0.20673076923076922
2 0.5576923076923077 0.6526442307692307 0.16826923076923078 0.16826923076923078
2 0.5552884615384616 0.8449519230769231 0.18028846153846154 0.18028846153846154
3 0.7992788461538461 0.23677884615384615 0.21634615384615385 0.20432692307692307
3 0.7788461538461539 0.44471153846153844 0.21394230769230768 0.20192307692307693
2 0.7620192307692307 0.6550480769230769 0.17067307692307693 0.17307692307692307
2 0.75 0.8653846153846154 0.18028846153846154 0.18028846153846154
3 0.17908653846153846 0.1935096153846154 0.19230769230769232 0.19471153846153846
3 0.16466346153846154 0.3870192307692308 0.19951923076923078 0.19951923076923078
2 0.17307692307692307 0.6189903846153846 0.16105769230769232 0.16105769230769232
2 0.17067307692307693 0.7980769230769231 0.16105769230769232 0.16826923076923078