3 0.3389423076923077 0.5036057692307693 0.20673076923076922 0.20673076923076922
2 0.38341346153846156 0.8137019230769231 0.15865384615384615 0.15865384615384615
2 0.3894230769230769 0.65625 0.16346153846153846 0.15865384615384615
2 0.34975961538461536 0.1935096153846154 0.16105769230769232 0.16826923076923078
2 0.3737980769230769 0.35216346153846156 0.15384615384615385 0.15865384615384615
3 0.5252403846153846 0.7451923076923077 0.20673076923076922 0.21153846153846154
3 0.5084134615384616 0.5552884615384616 0.20673076923076922 0.21153846153846154
3 0.5024038461538461 0.22115384615384615 0.20432692307692307 0.21153846153846154
2 0.5204326923076923 0.3870192307692308 0.17307692307692307 0.18028846153846154
2 0.6706730769230769 0.6490384615384616 0.17548076923076922 0.1658653846153846
3 0.6706730769230769 0.4699519230769231 0.20673076923076922 0.21153846153846154
3 0.6862980769230769 0.2764423076923077 0.21634615384615385 0.20673076923076922
2 0.19471153846153846 0.5829326923076923 0.15865384615384615 0.15384615384615385
2 0.18629807692307693 0.4423076923076923 0.15625 0.16105769230769232
3 0.2512019230769231 0.7307692307692307 0.18990384615384615 0.20432692307692307
3 0.2091346153846154 0.28125 0.20673076923076922 0.20432692307692307