3 0.38822115384615385 0.3293269230769231 0.1875 0.1875
3 0.5552884615384616 0.3425480769230769 0.1875 0.1778846153846154
2 0.2608173076923077 0.43149038461538464 0.15384615384615385 0.15144230769230768
2 0.7704326923076923 0.39302884615384615 0.15144230769230768 0.14903846153846154
2 0.3918269230769231 0.47716346153846156 0.15865384615384615 0.15384615384615385
3 0.6550480769230769 0.4795673076923077 0.1875 0.19230769230769232
2 0.30288461538461536 0.5817307692307693 0.16346153846153846 0.15144230769230768
3 0.5108173076923077 0.5673076923076923 0.19471153846153846 0.19230769230769232
2 0.6947115384615384 0.6322115384615384 0.15384615384615385 0.15865384615384615
2 0.22355769230769232 0.7091346153846154 0.16346153846153846 0.16105769230769232
3 0.39783653846153844 0.7115384615384616 0.21153846153846154 0.20673076923076922
3 0.5925480769230769 0.7572115384615384 0.20673076923076922 0.2091346153846154
2 0.4338942307692308 0.18870192307692307 0.14903846153846154 0.13942307692307693
3 0.5805288461538461 0.18629807692307693 0.18028846153846154 0.18269230769230768
3 0.22355769230769232 0.28365384615384615 0.19951923076923078 0.18509615384615385
2 0.7163461538461539 0.2704326923076923 0.14423076923076922 0.13942307692307693