3 0.4110576923076923 0.3293269230769231 0.21153846153846154 0.23076923076923078
2 0.75 0.33413461538461536 0.17548076923076922 0.18269230769230768
2 0.5889423076923077 0.37740384615384615 0.1658653846153846 0.18269230769230768
3 0.23557692307692307 0.4387019230769231 0.21875 0.21875
3 0.7127403846153846 0.5144230769230769 0.22596153846153846 0.22355769230769232
2 0.08173076923076923 0.5408653846153846 0.16346153846153846 0.18269230769230768
2 0.5228365384615384 0.5480769230769231 0.17307692307692307 0.1875
2 0.3629807692307692 0.5817307692307693 0.17548076923076922 0.1875
2 0.1971153846153846 0.6430288461538461 0.1778846153846154 0.17067307692307693
3 0.7415865384615384 0.7319711538461539 0.23076923076923078 0.23317307692307693
3 0.5300480769230769 0.7391826923076923 0.22355769230769232 0.23798076923076922
3 0.31850961538461536 0.7932692307692307 0.23317307692307693 0.23317307692307693
3 0.39663461538461536 0.109375 0.21153846153846154 0.21875
3 0.5853365384615384 0.19831730769230768 0.22355769230769232 0.22355769230769232
2 0.25600961538461536 0.22956730769230768 0.18269230769230768 0.1778846153846154
2 0.11057692307692307 0.3016826923076923 0.16826923076923078 0.17307692307692307