3 0.5528846153846154 0.3317307692307692 0.20432692307692307 0.20673076923076922
3 0.7980769230769231 0.3401442307692308 0.2091346153846154 0.2091346153846154
2 0.3016826923076923 0.3449519230769231 0.1658653846153846 0.17307692307692307
2 0.12259615384615384 0.35336538461538464 0.17307692307692307 0.17307692307692307
3 0.5685096153846154 0.5396634615384616 0.21153846153846154 0.21394230769230768
3 0.8088942307692307 0.5709134615384616 0.21634615384615385 0.21634615384615385
2 0.31850961538461536 0.5685096153846154 0.17307692307692307 0.1778846153846154
2 0.12860576923076922 0.5901442307692307 0.1778846153846154 0.1778846153846154
3 0.8665865384615384 0.8137019230769231 0.22115384615384615 0.22596153846153846
3 0.5841346153846154 0.8100961538461539 0.22115384615384615 0.23317307692307693
2 0.3245192307692308 0.8365384615384616 0.17548076923076922 0.18269230769230768
2 0.11899038461538461 0.8665865384615384 0.1778846153846154 0.18990384615384615
3 0.5733173076923077 0.12259615384615384 0.20673076923076922 0.20192307692307693
3 0.7800480769230769 0.12980769230769232 0.19951923076923078 0.19471153846153846
2 0.2800480769230769 0.1346153846153846 0.16105769230769232 0.16105769230769232
2 0.109375 0.1502403846153846 0.16105769230769232 0.16105769230769232