3 0.3605769230769231 0.6117788461538461 0.17548076923076922 0.1875
3 0.16706730769230768 0.609375 0.18028846153846154 0.18509615384615385
3 0.7560096153846154 0.5865384615384616 0.19471153846153846 0.19230769230769232
3 0.5420673076923077 0.5853365384615384 0.1778846153846154 0.1778846153846154
2 0.7896634615384616 0.34975961538461536 0.15865384615384615 0.15865384615384615
2 0.5612980769230769 0.3389423076923077 0.15384615384615385 0.15384615384615385
2 0.19951923076923078 0.3425480769230769 0.14423076923076922 0.14903846153846154
2 0.37259615384615385 0.3269230769230769 0.14903846153846154 0.15384615384615385
2 0.7872596153846154 0.140625 0.15865384615384615 0.15865384615384615
2 0.5757211538461539 0.1466346153846154 0.15144230769230768 0.15384615384615385
2 0.3786057692307692 0.1466346153846154 0.14903846153846154 0.15384615384615385
2 0.18269230769230768 0.13822115384615385 0.15865384615384615 0.15144230769230768
3 0.5480769230769231 0.8137019230769231 0.18509615384615385 0.19951923076923078
3 0.7632211538461539 0.8028846153846154 0.19951923076923078 0.19471153846153846
3 0.17548076923076922 0.8197115384615384 0.1778846153846154 0.18028846153846154
3 0.35216346153846156 0.7980769230769231 0.18028846153846154 0.18990384615384615