3 0.4495192307692308 0.6550480769230769 0.1875 0.18269230769230768
3 0.2247596153846154 0.6526442307692307 0.1875 0.1778846153846154
2 0.6502403846153846 0.6069711538461539 0.15384615384615385 0.14423076923076922
2 0.828125 0.6045673076923077 0.16105769230769232 0.15384615384615385
3 0.20432692307692307 0.4699519230769231 0.20432692307692307 0.1778846153846154
3 0.44591346153846156 0.46634615384615385 0.1778846153846154 0.1875
2 0.8329326923076923 0.43149038461538464 0.15384615384615385 0.15865384615384615
2 0.6382211538461539 0.4254807692307692 0.15384615384615385 0.15865384615384615
2 0.6526442307692307 0.25721153846153844 0.15384615384615385 0.15865384615384615
2 0.8245192307692307 0.25 0.16826923076923078 0.16346153846153846
3 0.18269230769230768 0.23798076923076922 0.20192307692307693 0.1971153846153846
3 0.4567307692307692 0.2283653846153846 0.19230769230769232 0.20192307692307693
3 0.4338942307692308 0.8473557692307693 0.1778846153846154 0.17307692307692307
3 0.23076923076923078 0.8449519230769231 0.17548076923076922 0.18028846153846154
2 0.8197115384615384 0.7764423076923077 0.14423076923076922 0.15144230769230768
2 0.6442307692307693 0.7644230769230769 0.14903846153846154 0.1346153846153846