3 0.5745192307692307 0.6634615384615384 0.18990384615384615 0.19230769230769232
3 0.7836538461538461 0.6382211538461539 0.18269230769230768 0.1875
2 0.37259615384615385 0.6346153846153846 0.15144230769230768 0.15625
2 0.20552884615384615 0.6442307692307693 0.15625 0.16105769230769232
3 0.78125 0.46274038461538464 0.18990384615384615 0.18509615384615385
3 0.5588942307692307 0.47836538461538464 0.18990384615384615 0.19230769230769232
2 0.18509615384615385 0.47716346153846156 0.15625 0.15625
2 0.3641826923076923 0.4567307692307692 0.15144230769230768 0.15625
2 0.34134615384615385 0.29447115384615385 0.15144230769230768 0.15625
2 0.16947115384615385 0.30408653846153844 0.16105769230769232 0.15625
3 0.7896634615384616 0.23317307692307693 0.19951923076923078 0.20192307692307693
3 0.5216346153846154 0.24759615384615385 0.19230769230769232 0.20192307692307693
3 0.8016826923076923 0.8269230769230769 0.18509615384615385 0.18509615384615385
3 0.6033653846153846 0.8389423076923077 0.18509615384615385 0.18028846153846154
2 0.22235576923076922 0.8112980769230769 0.15144230769230768 0.15384615384615385
2 0.3894230769230769 0.7836538461538461 0.15144230769230768 0.15625