2 0.5120192307692307 0.6418269230769231 0.15625 0.16346153846153846
1 0.3641826923076923 0.6310096153846154 0.1875 0.1875
2 0.6346153846153846 0.5625 0.16346153846153846 0.16346153846153846
1 0.22115384615384615 0.5649038461538461 0.19471153846153846 0.1875
1 0.4543269230769231 0.5060096153846154 0.1778846153846154 0.18509615384615385
2 0.5865384615384616 0.43509615384615385 0.1658653846153846 0.1658653846153846
1 0.3233173076923077 0.4266826923076923 0.1875 0.1875
2 0.17307692307692307 0.41586538461538464 0.16346153846153846 0.16346153846153846
2 0.6658653846153846 0.3245192307692308 0.16105769230769232 0.15625
1 0.45552884615384615 0.34975961538461536 0.18028846153846154 0.18028846153846154
2 0.3233173076923077 0.2800480769230769 0.15625 0.15625
1 0.5564903846153846 0.23076923076923078 0.18269230769230768 0.18028846153846154
2 0.18028846153846154 0.2704326923076923 0.1658653846153846 0.1658653846153846
1 0.41346153846153844 0.1658653846153846 0.18269230769230768 0.18509615384615385
2 0.4423076923076923 0.765625 0.16346153846153846 0.16105769230769232
1 0.6418269230769231 0.7127403846153846 0.18028846153846154 0.18509615384615385