2 0.4519230769230769 0.45072115384615385 0.14903846153846154 0.15384615384615385
2 0.27403846153846156 0.43149038461538464 0.14903846153846154 0.14903846153846154
2 0.6298076923076923 0.47836538461538464 0.15384615384615385 0.16346153846153846
2 0.8341346153846154 0.5096153846153846 0.15384615384615385 0.15384615384615385
1 0.25240384615384615 0.6370192307692307 0.16346153846153846 0.1658653846153846
1 0.43149038461538464 0.6586538461538461 0.16826923076923078 0.16346153846153846
1 0.625 0.6814903846153846 0.16826923076923078 0.16346153846153846
1 0.8365384615384616 0.7091346153846154 0.16826923076923078 0.16826923076923078
1 0.24158653846153846 0.8245192307692307 0.15865384615384615 0.16105769230769232
1 0.8317307692307693 0.9050480769230769 0.17067307692307693 0.17307692307692307
1 0.5997596153846154 0.8870192307692307 0.1778846153846154 0.17067307692307693
1 0.390625 0.8701923076923077 0.16826923076923078 0.16826923076923078
2 0.6754807692307693 0.2704326923076923 0.15384615384615385 0.15865384615384615
2 0.28846153846153844 0.23076923076923078 0.14903846153846154 0.15865384615384615
2 0.8858173076923077 0.30288461538461536 0.15384615384615385 0.16346153846153846
2 0.49399038461538464 0.27403846153846156 0.14903846153846154 0.16346153846153846