2 0.7055288461538461 0.75 0.12980769230769232 0.13942307692307693
2 0.6983173076923077 0.5132211538461539 0.125 0.1201923076923077
3 0.6694711538461539 0.2692307692307692 0.14423076923076922 0.14182692307692307
2 0.6370192307692307 0.609375 0.125 0.125
2 0.6033653846153846 0.375 0.1201923076923077 0.11538461538461539
2 0.5853365384615384 0.7283653846153846 0.12980769230769232 0.12980769230769232
3 0.5637019230769231 0.4963942307692308 0.14903846153846154 0.14903846153846154
2 0.5480769230769231 0.22115384615384615 0.11538461538461539 0.11057692307692307
3 0.49278846153846156 0.6237980769230769 0.15384615384615385 0.15384615384615385
3 0.45913461538461536 0.39302884615384615 0.14903846153846154 0.14423076923076922
3 0.43149038461538464 0.2608173076923077 0.14903846153846154 0.12980769230769232
2 0.38341346153846156 0.7091346153846154 0.12980769230769232 0.1346153846153846
2 0.38221153846153844 0.4963942307692308 0.125 0.1201923076923077
3 0.31490384615384615 0.36177884615384615 0.15384615384615385 0.14182692307692307
3 0.26802884615384615 0.5721153846153846 0.16826923076923078 0.15625
3 0.7319711538461539 0.3918269230769231 0.15865384615384615 0.13942307692307693