3 0.49759615384615385 0.3449519230769231 0.19230769230769232 0.18990384615384615
2 0.1875 0.3449519230769231 0.14903846153846154 0.14423076923076922
2 0.3389423076923077 0.3737980769230769 0.14423076923076922 0.15384615384615385
2 0.7932692307692307 0.39663461538461536 0.15384615384615385 0.14903846153846154
2 0.6382211538461539 0.39903846153846156 0.14423076923076922 0.14423076923076922
3 0.234375 0.49278846153846156 0.19471153846153846 0.18990384615384615
3 0.4230769230769231 0.5024038461538461 0.19471153846153846 0.18990384615384615
3 0.7463942307692307 0.5420673076923077 0.1971153846153846 0.1875
2 0.5829326923076923 0.5372596153846154 0.16826923076923078 0.15865384615384615
2 0.3076923076923077 0.6454326923076923 0.15384615384615385 0.16346153846153846
3 0.48197115384615385 0.671875 0.19471153846153846 0.18990384615384615
3 0.6706730769230769 0.7127403846153846 0.18990384615384615 0.19951923076923078
2 0.4375 0.1935096153846154 0.14423076923076922 0.14423076923076922
2 0.5769230769230769 0.20432692307692307 0.14903846153846154 0.14423076923076922
3 0.28846153846153844 0.22956730769230768 0.1875 0.17548076923076922
3 0.7259615384615384 0.24879807692307693 0.1875 0.18990384615384615