2 0.30528846153846156 0.19230769230769232 0.1346153846153846 0.14423076923076922
1 0.32572115384615385 0.515625 0.15865384615384615 0.15865384615384615
2 0.3713942307692308 0.7463942307692307 0.13942307692307693 0.14423076923076922
2 0.38221153846153844 0.8882211538461539 0.13701923076923078 0.14423076923076922
2 0.3786057692307692 0.30528846153846156 0.14423076923076922 0.1466346153846154
1 0.4483173076923077 0.4326923076923077 0.15865384615384615 0.16105769230769232
2 0.44350961538461536 0.16826923076923078 0.14903846153846154 0.15384615384615385
2 0.46033653846153844 0.5745192307692307 0.13942307692307693 0.15144230769230768
1 0.5072115384615384 0.7139423076923077 0.15865384615384615 0.15865384615384615
1 0.5228365384615384 0.8701923076923077 0.16346153846153846 0.16826923076923078
1 0.5252403846153846 0.29447115384615385 0.15865384615384615 0.16826923076923078
1 0.5973557692307693 0.484375 0.16346153846153846 0.16826923076923078
2 0.6213942307692307 0.6334134615384616 0.14903846153846154 0.15384615384615385
1 0.65625 0.19471153846153846 0.16826923076923078 0.1778846153846154
2 0.6694711538461539 0.34975961538461536 0.15384615384615385 0.14903846153846154
1 0.6911057692307693 0.7896634615384616 0.17307692307692307 0.16826923076923078
1 0.7752403846153846 0.5925480769230769 0.18269230769230768 0.17548076923076922
2 0.7980769230769231 0.26802884615384615 0.16346153846153846 0.14903846153846154
1 0.8088942307692307 0.42788461538461536 0.18269230769230768 0.17067307692307693
1 0.10096153846153846 0.3762019230769231 0.1466346153846154 0.15144230769230768
2 0.14903846153846154 0.6358173076923077 0.125 0.13942307692307693
1 0.17548076923076922 0.5036057692307693 0.1466346153846154 0.15384615384615385
2 0.18870192307692307 0.2644230769230769 0.125 0.13942307692307693
2 0.24759615384615385 0.7716346153846154 0.13221153846153846 0.13942307692307693
1 0.2608173076923077 0.38221153846153844 0.15384615384615385 0.15625
2 0.27884615384615385 0.6442307692307693 0.1346153846153846 0.13942307692307693