3 0.6213942307692307 0.31009615384615385 0.21394230769230768 0.21153846153846154
2 0.3293269230769231 0.3762019230769231 0.17307692307692307 0.17307692307692307
2 0.13942307692307693 0.4182692307692308 0.1875 0.18028846153846154
3 0.8653846153846154 0.4675480769230769 0.21394230769230768 0.21634615384615385
3 0.6298076923076923 0.5036057692307693 0.21394230769230768 0.21634615384615385
2 0.3737980769230769 0.5697115384615384 0.18990384615384615 0.18028846153846154
2 0.17427884615384615 0.6346153846153846 0.19471153846153846 0.18269230769230768
3 0.9002403846153846 0.6911057692307693 0.19951923076923078 0.21875
3 0.6790865384615384 0.7235576923076923 0.22596153846153846 0.23798076923076922
2 0.4326923076923077 0.8088942307692307 0.18269230769230768 0.18990384615384615
2 0.21634615384615385 0.8557692307692307 0.18990384615384615 0.19471153846153846
3 0.7908653846153846 0.09134615384615384 0.20673076923076922 0.18269230769230768
3 0.578125 0.11778846153846154 0.20432692307692307 0.20192307692307693
2 0.09615384615384616 0.22355769230769232 0.1778846153846154 0.17548076923076922
2 0.3088942307692308 0.20072115384615385 0.17067307692307693 0.16826923076923078
3 0.8161057692307693 0.2644230769230769 0.21394230769230768 0.20673076923076922