2 0.4699519230769231 0.7788461538461539 0.17548076923076922 0.13942307692307693
2 0.24759615384615385 0.6790865384615384 0.1778846153846154 0.13942307692307693
1 0.6105769230769231 0.6983173076923077 0.22115384615384615 0.1875
1 0.4098557692307692 0.6538461538461539 0.2283653846153846 0.1778846153846154
2 0.8245192307692307 0.6911057692307693 0.1875 0.13942307692307693
2 0.1045673076923077 0.5180288461538461 0.18509615384615385 0.14903846153846154
1 0.28125 0.53125 0.22355769230769232 0.18269230769230768
1 0.6814903846153846 0.5673076923076923 0.22355769230769232 0.18269230769230768
2 0.9050480769230769 0.5925480769230769 0.18269230769230768 0.13942307692307693
2 0.49759615384615385 0.5396634615384616 0.18269230769230768 0.13942307692307693
2 0.8209134615384616 0.47716346153846156 0.1971153846153846 0.15625
1 0.39903846153846156 0.41586538461538464 0.2403846153846154 0.18990384615384615
1 0.18629807692307693 0.3858173076923077 0.23317307692307693 0.18509615384615385
1 0.6189903846153846 0.4182692307692308 0.23076923076923078 0.18509615384615385
1 0.5036057692307693 0.27524038461538464 0.2403846153846154 0.19471153846153846
2 0.7079326923076923 0.28846153846153844 0.19951923076923078 0.16105769230769232