2 0.484375 0.6430288461538461 0.1658653846153846 0.16105769230769232
2 0.5024038461538461 0.8389423076923077 0.16105769230769232 0.16105769230769232
2 0.47836538461538464 0.44350961538461536 0.17548076923076922 0.16826923076923078
2 0.4699519230769231 0.21875 0.1658653846153846 0.1658653846153846
1 0.7295673076923077 0.8185096153846154 0.1778846153846154 0.1778846153846154
1 0.7139423076923077 0.6201923076923077 0.1778846153846154 0.18269230769230768
1 0.6983173076923077 0.4074519230769231 0.1778846153846154 0.18509615384615385
1 0.6838942307692307 0.17307692307692307 0.18509615384615385 0.18509615384615385
1 0.9242788461538461 0.7908653846153846 0.15144230769230768 0.16826923076923078
1 0.8882211538461539 0.13701923076923078 0.1778846153846154 0.18509615384615385
1 0.9170673076923077 0.3918269230769231 0.1658653846153846 0.19471153846153846
1 0.9290865384615384 0.6225961538461539 0.14182692307692307 0.18269230769230768
2 0.24519230769230768 0.4387019230769231 0.16826923076923078 0.1658653846153846
2 0.28365384615384615 0.8641826923076923 0.17307692307692307 0.16346153846153846
2 0.23557692307692307 0.20552884615384615 0.17548076923076922 0.16826923076923078
2 0.28725961538461536 0.6346153846153846 0.17548076923076922 0.16346153846153846