3 0.47836538461538464 0.359375 0.1971153846153846 0.1971153846153846
3 0.6850961538461539 0.33052884615384615 0.20192307692307693 0.18990384615384615
2 0.28846153846153844 0.4411057692307692 0.16346153846153846 0.16346153846153846
2 0.12620192307692307 0.4735576923076923 0.16346153846153846 0.16105769230769232
3 0.7295673076923077 0.4963942307692308 0.20673076923076922 0.19951923076923078
3 0.5036057692307693 0.5384615384615384 0.20432692307692307 0.20432692307692307
2 0.13221153846153846 0.6322115384615384 0.16346153846153846 0.16346153846153846
2 0.31490384615384615 0.6129807692307693 0.17067307692307693 0.16826923076923078
2 0.32572115384615385 0.7776442307692307 0.17307692307692307 0.1778846153846154
2 0.15504807692307693 0.8088942307692307 0.1778846153846154 0.17067307692307693
3 0.8052884615384616 0.7295673076923077 0.22115384615384615 0.22596153846153846
3 0.5192307692307693 0.7752403846153846 0.21153846153846154 0.22355769230769232
3 0.6538461538461539 0.1502403846153846 0.19951923076923078 0.1778846153846154
3 0.46153846153846156 0.19230769230769232 0.18990384615384615 0.18028846153846154
2 0.11177884615384616 0.3161057692307692 0.15865384615384615 0.14903846153846154
2 0.27163461538461536 0.29447115384615385 0.15865384615384615 0.14903846153846154