2 0.21875 0.2704326923076923 0.17548076923076922 0.17548076923076922
2 0.5769230769230769 0.3233173076923077 0.17307692307692307 0.16826923076923078
2 0.9170673076923077 0.36899038461538464 0.1658653846153846 0.17067307692307693
1 0.38822115384615385 0.32091346153846156 0.1875 0.18269230769230768
2 0.7764423076923077 0.41586538461538464 0.17307692307692307 0.1658653846153846
1 0.09134615384615384 0.39302884615384615 0.18269230769230768 0.19951923076923078
2 0.25600961538461536 0.41947115384615385 0.17067307692307693 0.17307692307692307
1 0.6225961538461539 0.47716346153846156 0.19471153846153846 0.19471153846153846
1 0.9338942307692307 0.5276442307692307 0.13221153846153846 0.19471153846153846
1 0.4362980769230769 0.48197115384615385 0.1971153846153846 0.19951923076923078
2 0.8004807692307693 0.5757211538461539 0.1875 0.18269230769230768
1 0.2860576923076923 0.5865384615384616 0.1971153846153846 0.2091346153846154
2 0.5168269230769231 0.6225961538461539 0.18269230769230768 0.18028846153846154
1 0.09495192307692307 0.6310096153846154 0.18990384615384615 0.2091346153846154
1 0.6899038461538461 0.6995192307692307 0.2091346153846154 0.23076923076923078
2 0.8942307692307693 0.7331730769230769 0.18269230769230768 0.1875
1 0.3641826923076923 0.7572115384615384 0.20673076923076922 0.21634615384615385
2 0.5432692307692307 0.7956730769230769 0.17548076923076922 0.19230769230769232
2 0.1875 0.7836538461538461 0.1971153846153846 0.19951923076923078
1 0.5048076923076923 0.06370192307692307 0.18269230769230768 0.12740384615384615
2 0.7680288461538461 0.08774038461538461 0.1658653846153846 0.13942307692307693
1 0.6310096153846154 0.1502403846153846 0.1875 0.17548076923076922
1 0.9110576923076923 0.2127403846153846 0.1778846153846154 0.17548076923076922
2 0.32091346153846156 0.16466346153846154 0.17307692307692307 0.1658653846153846
2 0.4735576923076923 0.1935096153846154 0.1658653846153846 0.16346153846153846
1 0.7560096153846154 0.265625 0.19471153846153846 0.18269230769230768