2 0.3269230769230769 0.33653846153846156 0.15384615384615385 0.15625
2 0.46033653846153844 0.36177884615384615 0.15144230769230768 0.15384615384615385
1 0.5997596153846154 0.39783653846153844 0.17067307692307693 0.17548076923076922
1 0.7463942307692307 0.4699519230769231 0.1778846153846154 0.19471153846153846
2 0.21394230769230768 0.41466346153846156 0.15625 0.14903846153846154
1 0.3473557692307692 0.48197115384615385 0.16826923076923078 0.17548076923076922
2 0.49278846153846156 0.4963942307692308 0.15144230769230768 0.15144230769230768
1 0.21754807692307693 0.5612980769230769 0.16826923076923078 0.1658653846153846
1 0.5661057692307693 0.6237980769230769 0.16826923076923078 0.17067307692307693
1 0.41225961538461536 0.6153846153846154 0.17307692307692307 0.17548076923076922
2 0.7283653846153846 0.6622596153846154 0.1658653846153846 0.1658653846153846
2 0.28966346153846156 0.6983173076923077 0.15865384615384615 0.15384615384615385
1 0.6225961538461539 0.7824519230769231 0.17307692307692307 0.17548076923076922
2 0.4483173076923077 0.7680288461538461 0.15384615384615385 0.16346153846153846
2 0.5444711538461539 0.25240384615384615 0.15865384615384615 0.1658653846153846
1 0.7163461538461539 0.2824519230769231 0.1875 0.1778846153846154