2 0.7512019230769231 0.6574519230769231 0.15384615384615385 0.15625
2 0.38100961538461536 0.609375 0.1466346153846154 0.15384615384615385
2 0.5504807692307693 0.625 0.14423076923076922 0.14423076923076922
2 0.203125 0.578125 0.14182692307692307 0.1466346153846154
1 0.8016826923076923 0.44711538461538464 0.16826923076923078 0.15865384615384615
1 0.21153846153846154 0.36538461538461536 0.1658653846153846 0.16346153846153846
1 0.609375 0.4014423076923077 0.15865384615384615 0.17067307692307693
1 0.42427884615384615 0.36177884615384615 0.15625 0.16105769230769232
1 0.8389423076923077 0.2512019230769231 0.16105769230769232 0.17548076923076922
1 0.23677884615384615 0.17548076923076922 0.16105769230769232 0.17067307692307693
1 0.6394230769230769 0.21033653846153846 0.16346153846153846 0.16105769230769232
1 0.4423076923076923 0.1875 0.15625 0.16105769230769232
2 0.734375 0.8257211538461539 0.14423076923076922 0.1466346153846154
2 0.5372596153846154 0.7788461538461539 0.1466346153846154 0.15384615384615385
2 0.19110576923076922 0.7367788461538461 0.14182692307692307 0.15384615384615385
2 0.3737980769230769 0.7512019230769231 0.15144230769230768 0.15144230769230768