2 0.4567307692307692 0.6334134615384616 0.15865384615384615 0.16346153846153846
1 0.6057692307692307 0.5805288461538461 0.1875 0.1875
2 0.31009615384615385 0.5901442307692307 0.16346153846153846 0.16346153846153846
1 0.7331730769230769 0.47115384615384615 0.19471153846153846 0.1875
1 0.47596153846153844 0.47836538461538464 0.17548076923076922 0.1875
2 0.32211538461538464 0.44471153846153844 0.16346153846153846 0.16826923076923078
1 0.5877403846153846 0.359375 0.1875 0.1875
2 0.7379807692307693 0.30528846153846156 0.16346153846153846 0.16346153846153846
2 0.2091346153846154 0.3557692307692308 0.16105769230769232 0.15865384615384615
1 0.43028846153846156 0.31850961538461536 0.18269230769230768 0.18269230769230768
2 0.5444711538461539 0.21033653846153846 0.15865384615384615 0.15865384615384615
1 0.2932692307692308 0.22956730769230768 0.18509615384615385 0.18269230769230768
2 0.6875 0.15865384615384615 0.16346153846153846 0.16826923076923078
1 0.4206730769230769 0.12139423076923077 0.18269230769230768 0.1875
2 0.5649038461538461 0.7391826923076923 0.16346153846153846 0.16105769230769232
1 0.3473557692307692 0.7439903846153846 0.18028846153846154 0.1875