2 0.7512019230769231 0.45913461538461536 0.1346153846153846 0.17067307692307693
2 0.6586538461538461 0.6983173076923077 0.13701923076923078 0.17548076923076922
1 0.6610576923076923 0.32091346153846156 0.18269230769230768 0.22355769230769232
1 0.625 0.5276442307692307 0.17307692307692307 0.2283653846153846
2 0.6430288461538461 0.0985576923076923 0.13701923076923078 0.1875
2 0.4987980769230769 0.8545673076923077 0.14903846153846154 0.1875
1 0.5048076923076923 0.6706730769230769 0.1778846153846154 0.22355769230769232
1 0.5192307692307693 0.2536057692307692 0.1778846153846154 0.2283653846153846
2 0.5288461538461539 0.056490384615384616 0.1346153846153846 0.11298076923076923
2 0.5036057692307693 0.4423076923076923 0.13701923076923078 0.18028846153846154
2 0.4206730769230769 0.1141826923076923 0.15144230769230768 0.20192307692307693
1 0.3786057692307692 0.5516826923076923 0.18509615384615385 0.24278846153846154
1 0.359375 0.7776442307692307 0.18269230769230768 0.23557692307692307
1 0.3713942307692308 0.3269230769230769 0.18269230769230768 0.23076923076923078
1 0.22596153846153846 0.45072115384615385 0.18990384615384615 0.24278846153846154
2 0.23197115384615385 0.2403846153846154 0.15625 0.1971153846153846