2 0.33413461538461536 0.24759615384615385 0.15625 0.16826923076923078
3 0.4026442307692308 0.5769230769230769 0.20432692307692307 0.20432692307692307
3 0.41346153846153844 0.4026442307692308 0.20192307692307693 0.1971153846153846
2 0.5132211538461539 0.703125 0.16105769230769232 0.16826923076923078
2 0.45072115384615385 0.19110576923076922 0.15384615384615385 0.15865384615384615
2 0.5504807692307693 0.5673076923076923 0.16346153846153846 0.16346153846153846
3 0.5504807692307693 0.2980769230769231 0.20673076923076922 0.19951923076923078
2 0.6706730769230769 0.6502403846153846 0.19230769230769232 0.16826923076923078
3 0.6502403846153846 0.43990384615384615 0.21153846153846154 0.19951923076923078
2 0.7067307692307693 0.25600961538461536 0.1778846153846154 0.1658653846153846
2 0.7980769230769231 0.7295673076923077 0.18509615384615385 0.1778846153846154
3 0.7944711538461539 0.5456730769230769 0.22355769230769232 0.21394230769230768
3 0.8353365384615384 0.35216346153846156 0.22355769230769232 0.21153846153846154
2 0.25721153846153844 0.5372596153846154 0.15144230769230768 0.15865384615384615
3 0.24519230769230768 0.38822115384615385 0.1875 0.1971153846153846
3 0.3629807692307692 0.75 0.19951923076923078 0.20673076923076922