2 0.796875 0.6742788461538461 0.14903846153846154 0.13942307692307693
1 0.4699519230769231 0.6454326923076923 0.16346153846153846 0.16346153846153846
2 0.23677884615384615 0.5973557692307693 0.14903846153846154 0.14182692307692307
2 0.09375 0.5829326923076923 0.14903846153846154 0.14182692307692307
2 0.6838942307692307 0.5949519230769231 0.15144230769230768 0.14903846153846154
1 0.5552884615384616 0.5252403846153846 0.1658653846153846 0.16346153846153846
2 0.8245192307692307 0.5324519230769231 0.15865384615384615 0.15384615384615385
2 0.41346153846153844 0.5084134615384616 0.15625 0.14182692307692307
1 0.27163461538461536 0.46033653846153844 0.16346153846153846 0.16346153846153846
1 0.11298076923076923 0.4411057692307692 0.17548076923076922 0.17067307692307693
1 0.6971153846153846 0.45072115384615385 0.17548076923076922 0.1658653846153846
1 0.5072115384615384 0.3713942307692308 0.17548076923076922 0.17067307692307693
2 0.35697115384615385 0.34375 0.15865384615384615 0.15384615384615385
1 0.8016826923076923 0.31850961538461536 0.18269230769230768 0.1778846153846154
2 0.6442307692307693 0.30288461538461536 0.15384615384615385 0.15865384615384615
1 0.19831730769230768 0.27283653846153844 0.1778846153846154 0.18269230769230768
1 0.39903846153846156 0.19110576923076922 0.18269230769230768 0.19230769230769232
2 0.7295673076923077 0.17307692307692307 0.15384615384615385 0.16826923076923078
1 0.5673076923076923 0.15745192307692307 0.17307692307692307 0.18990384615384615
1 0.6081730769230769 0.8762019230769231 0.15625 0.15144230769230768
2 0.34375 0.8233173076923077 0.14182692307692307 0.12740384615384615
1 0.4795673076923077 0.7980769230769231 0.15865384615384615 0.15144230769230768
2 0.7223557692307693 0.7920673076923077 0.14182692307692307 0.12980769230769232
2 0.20793269230769232 0.7211538461538461 0.14182692307692307 0.13701923076923078
1 0.6045673076923077 0.7127403846153846 0.16105769230769232 0.15865384615384615
2 0.33774038461538464 0.6911057692307693 0.14182692307692307 0.13701923076923078