2 0.6394230769230769 0.21514423076923078 0.14423076923076922 0.15865384615384615
3 0.640625 0.5697115384615384 0.19230769230769232 0.19230769230769232
3 0.5913461538461539 0.39302884615384615 0.19230769230769232 0.18509615384615385
2 0.5540865384615384 0.7247596153846154 0.14903846153846154 0.15865384615384615
2 0.5072115384615384 0.18509615384615385 0.14423076923076922 0.14903846153846154
2 0.4855769230769231 0.5925480769230769 0.15384615384615385 0.15384615384615385
3 0.42788461538461536 0.31490384615384615 0.1971153846153846 0.18509615384615385
2 0.38100961538461536 0.7043269230769231 0.18269230769230768 0.15625
3 0.3557692307692308 0.48197115384615385 0.20192307692307693 0.18509615384615385
2 0.25721153846153844 0.30528846153846156 0.16826923076923078 0.15384615384615385
2 0.2668269230769231 0.8137019230769231 0.17307692307692307 0.16346153846153846
3 0.22956730769230768 0.6237980769230769 0.21394230769230768 0.19951923076923078
3 0.1466346153846154 0.4326923076923077 0.21394230769230768 0.1971153846153846
2 0.78125 0.49759615384615385 0.13942307692307693 0.14903846153846154
3 0.7620192307692307 0.34134615384615385 0.17548076923076922 0.18269230769230768
3 0.71875 0.7391826923076923 0.18509615384615385 0.1971153846153846