3 0.2512019230769231 0.31971153846153844 0.20192307692307693 0.19951923076923078
2 0.8473557692307693 0.3870192307692308 0.17067307692307693 0.1778846153846154
3 0.4807692307692308 0.3701923076923077 0.19471153846153846 0.20192307692307693
2 0.6598557692307693 0.38341346153846156 0.17067307692307693 0.15625
3 0.22235576923076922 0.5024038461538461 0.20192307692307693 0.19471153846153846
2 0.8341346153846154 0.5877403846153846 0.16826923076923078 0.16346153846153846
3 0.43149038461538464 0.5600961538461539 0.19471153846153846 0.19951923076923078
2 0.6574519230769231 0.5913461538461539 0.16346153846153846 0.15865384615384615
3 0.20072115384615385 0.7560096153846154 0.18990384615384615 0.20673076923076922
3 0.40625 0.78125 0.18990384615384615 0.20673076923076922
2 0.6358173076923077 0.8004807692307693 0.15384615384615385 0.16346153846153846
2 0.8149038461538461 0.8137019230769231 0.15144230769230768 0.16346153846153846
3 0.4855769230769231 0.1310096153846154 0.20432692307692307 0.2091346153846154
3 0.25961538461538464 0.12379807692307693 0.20192307692307693 0.20192307692307693
2 0.6778846153846154 0.19591346153846154 0.17067307692307693 0.17067307692307693
2 0.8617788461538461 0.21875 0.16346153846153846 0.16826923076923078