2 0.22115384615384615 0.6899038461538461 0.1466346153846154 0.13942307692307693
1 0.5372596153846154 0.6490384615384616 0.16346153846153846 0.16346153846153846
2 0.7620192307692307 0.5949519230769231 0.14903846153846154 0.14423076923076922
2 0.9002403846153846 0.5769230769230769 0.1466346153846154 0.14182692307692307
2 0.328125 0.6081730769230769 0.15144230769230768 0.14903846153846154
1 0.45072115384615385 0.5372596153846154 0.1658653846153846 0.16346153846153846
2 0.18990384615384615 0.5516826923076923 0.15865384615384615 0.15384615384615385
2 0.5877403846153846 0.5144230769230769 0.15625 0.14423076923076922
1 0.7235576923076923 0.4639423076923077 0.16346153846153846 0.16346153846153846
1 0.8762019230769231 0.4411057692307692 0.17548076923076922 0.17307692307692307
1 0.31009615384615385 0.4675480769230769 0.17548076923076922 0.1658653846153846
1 0.49278846153846156 0.38461538461538464 0.17548076923076922 0.17307692307692307
2 0.6370192307692307 0.35336538461538464 0.15865384615384615 0.15384615384615385
1 0.20552884615384615 0.34375 0.18269230769230768 0.1778846153846154
2 0.35697115384615385 0.3233173076923077 0.15384615384615385 0.15865384615384615
1 0.7884615384615384 0.2776442307692308 0.1778846153846154 0.18269230769230768
1 0.5901442307692307 0.20673076923076922 0.18269230769230768 0.19230769230769232
2 0.2704326923076923 0.20072115384615385 0.15625 0.17067307692307693
1 0.4266826923076923 0.17908653846153846 0.17307692307692307 0.18990384615384615
1 0.4110576923076923 0.8786057692307693 0.15625 0.15144230769230768
2 0.6658653846153846 0.8173076923076923 0.14182692307692307 0.12980769230769232
1 0.5336538461538461 0.7992788461538461 0.15865384615384615 0.15144230769230768
2 0.296875 0.8016826923076923 0.14182692307692307 0.12980769230769232
2 0.7932692307692307 0.7139423076923077 0.14182692307692307 0.13701923076923078
1 0.4098557692307692 0.71875 0.16105769230769232 0.15865384615384615
2 0.6658653846153846 0.6899038461538461 0.14182692307692307 0.13942307692307693