3 0.42788461538461536 0.6899038461538461 0.20192307692307693 0.21875
2 0.7403846153846154 0.6983173076923077 0.1658653846153846 0.17307692307692307
2 0.59375 0.6526442307692307 0.16105769230769232 0.17307692307692307
3 0.2692307692307692 0.5853365384615384 0.20673076923076922 0.2091346153846154
3 0.7115384615384616 0.5300480769230769 0.21634615384615385 0.21394230769230768
2 0.12259615384615384 0.4831730769230769 0.17067307692307693 0.17307692307692307
2 0.5384615384615384 0.49278846153846156 0.1658653846153846 0.1778846153846154
2 0.3918269230769231 0.4567307692307692 0.1658653846153846 0.1778846153846154
2 0.2403846153846154 0.3954326923076923 0.17067307692307693 0.1658653846153846
3 0.7451923076923077 0.33052884615384615 0.22115384615384615 0.22355769230769232
3 0.5516826923076923 0.3173076923076923 0.21394230769230768 0.2283653846153846
3 0.3581730769230769 0.25961538461538464 0.22355769230769232 0.22355769230769232
3 0.40865384615384615 0.8942307692307693 0.20192307692307693 0.21153846153846154
3 0.5853365384615384 0.8185096153846154 0.21394230769230768 0.21394230769230768
2 0.2800480769230769 0.7788461538461539 0.17307692307692307 0.17067307692307693
2 0.14903846153846154 0.7067307692307693 0.15865384615384615 0.16346153846153846