2 0.47596153846153844 0.22956730769230768 0.16346153846153846 0.12740384615384615
2 0.7043269230769231 0.27524038461538464 0.1658653846153846 0.12980769230769232
1 0.36538461538461536 0.3329326923076923 0.20673076923076922 0.17307692307692307
1 0.5576923076923077 0.3329326923076923 0.21394230769230768 0.16346153846153846
2 0.16826923076923078 0.38341346153846156 0.17548076923076922 0.13221153846153846
2 0.8713942307692307 0.39302884615384615 0.17548076923076922 0.14182692307692307
1 0.7055288461538461 0.4182692307692308 0.2091346153846154 0.17067307692307693
1 0.328125 0.4699519230769231 0.21153846153846154 0.16826923076923078
2 0.11538461538461539 0.4951923076923077 0.17067307692307693 0.13221153846153846
2 0.5 0.45552884615384615 0.17067307692307693 0.13221153846153846
2 0.21754807692307693 0.5817307692307693 0.1875 0.14423076923076922
1 0.6189903846153846 0.5504807692307693 0.22596153846153846 0.17548076923076922
1 0.8245192307692307 0.5324519230769231 0.22115384615384615 0.17548076923076922
1 0.4170673076923077 0.59375 0.21394230769230768 0.17307692307692307
1 0.5516826923076923 0.703125 0.22596153846153846 0.18028846153846154
2 0.36177884615384615 0.7319711538461539 0.18269230769230768 0.14903846153846154