2 0.7704326923076923 0.6658653846153846 0.16346153846153846 0.1658653846153846
2 0.4182692307692308 0.6274038461538461 0.16346153846153846 0.15625
2 0.08173076923076923 0.59375 0.16346153846153846 0.15865384615384615
1 0.6009615384615384 0.6225961538461539 0.17548076923076922 0.17067307692307693
2 0.22355769230769232 0.5444711538461539 0.16346153846153846 0.15384615384615385
1 0.890625 0.5432692307692307 0.18269230769230768 0.18990384615384615
2 0.7283653846153846 0.5228365384615384 0.15865384615384615 0.16346153846153846
1 0.3701923076923077 0.4795673076923077 0.18269230769230768 0.18269230769230768
1 0.06370192307692307 0.4387019230769231 0.12740384615384615 0.18509615384615385
1 0.5516826923076923 0.46875 0.18509615384615385 0.18990384615384615
2 0.1971153846153846 0.390625 0.17548076923076922 0.17067307692307693
1 0.6935096153846154 0.3629807692307692 0.18269230769230768 0.19951923076923078
2 0.46634615384615385 0.33533653846153844 0.16826923076923078 0.16826923076923078
1 0.8858173076923077 0.3137019230769231 0.19471153846153846 0.19471153846153846
1 0.296875 0.2668269230769231 0.1971153846153846 0.21394230769230768
2 0.0985576923076923 0.24158653846153846 0.17548076923076922 0.1778846153846154
1 0.6117788461538461 0.19951923076923078 0.19471153846153846 0.20432692307692307
2 0.4375 0.16947115384615385 0.1658653846153846 0.18028846153846154
2 0.7824519230769231 0.16947115384615385 0.18509615384615385 0.18990384615384615
1 0.4987980769230769 0.8966346153846154 0.17548076923076922 0.16105769230769232
2 0.2439903846153846 0.8713942307692307 0.15865384615384615 0.14903846153846154
1 0.3713942307692308 0.796875 0.17548076923076922 0.1658653846153846
1 0.09375 0.7451923076923077 0.17548076923076922 0.1658653846153846
2 0.671875 0.7716346153846154 0.16346153846153846 0.15384615384615385
2 0.5276442307692307 0.7487980769230769 0.15625 0.15384615384615385
1 0.2512019230769231 0.6887019230769231 0.18028846153846154 0.17067307692307693