3 0.4483173076923077 0.6262019230769231 0.20192307692307693 0.1971153846153846
3 0.20552884615384615 0.6237980769230769 0.20192307692307693 0.19230769230769232
2 0.6646634615384616 0.5745192307692307 0.16346153846153846 0.15384615384615385
2 0.8557692307692307 0.5709134615384616 0.17307692307692307 0.16346153846153846
3 0.18389423076923078 0.4254807692307692 0.22115384615384615 0.19230769230769232
3 0.44471153846153844 0.4230769230769231 0.19230769230769232 0.20192307692307693
2 0.8617788461538461 0.38461538461538464 0.16826923076923078 0.17067307692307693
2 0.6514423076923077 0.3786057692307692 0.16346153846153846 0.17067307692307693
2 0.6670673076923077 0.19831730769230768 0.16346153846153846 0.17067307692307693
2 0.8521634615384616 0.18990384615384615 0.18269230769230768 0.17548076923076922
3 0.16105769230769232 0.17668269230769232 0.21634615384615385 0.21153846153846154
3 0.45552884615384615 0.1658653846153846 0.2091346153846154 0.21634615384615385
3 0.43149038461538464 0.8329326923076923 0.19230769230769232 0.1875
3 0.2127403846153846 0.8293269230769231 0.18990384615384615 0.19230769230769232
2 0.8473557692307693 0.7572115384615384 0.15625 0.16346153846153846
2 0.6574519230769231 0.7427884615384616 0.16346153846153846 0.14423076923076922