3 0.7632211538461539 0.703125 0.20432692307692307 0.21153846153846154
3 0.5528846153846154 0.6682692307692307 0.20673076923076922 0.20673076923076922
2 0.14783653846153846 0.5793269230769231 0.1658653846153846 0.17307692307692307
2 0.34615384615384615 0.59375 0.17307692307692307 0.1658653846153846
3 0.7872596153846154 0.5012019230769231 0.20673076923076922 0.21153846153846154
3 0.5733173076923077 0.4675480769230769 0.21153846153846154 0.21394230769230768
2 0.36538461538461536 0.4170673076923077 0.17548076923076922 0.17307692307692307
2 0.17668269230769232 0.37259615384615385 0.18509615384615385 0.18509615384615385
3 0.8269230769230769 0.2848557692307692 0.2091346153846154 0.21634615384615385
3 0.6177884615384616 0.25240384615384615 0.2091346153846154 0.22115384615384615
2 0.40865384615384615 0.21754807692307693 0.1778846153846154 0.17548076923076922
2 0.20192307692307693 0.17908653846153846 0.18509615384615385 0.18509615384615385
3 0.7163461538461539 0.8954326923076923 0.19951923076923078 0.19951923076923078
3 0.5240384615384616 0.8629807692307693 0.20432692307692307 0.20673076923076922
2 0.3016826923076923 0.796875 0.1658653846153846 0.1658653846153846
2 0.12980769230769232 0.7584134615384616 0.17307692307692307 0.1658653846153846