2 0.7872596153846154 0.4831730769230769 0.15144230769230768 0.18269230769230768
2 0.75 0.23076923076923078 0.15144230769230768 0.18509615384615385
3 0.6706730769230769 0.6033653846153846 0.18990384615384615 0.2403846153846154
3 0.6754807692307693 0.39302884615384615 0.1778846153846154 0.22596153846153846
2 0.6021634615384616 0.8245192307692307 0.14423076923076922 0.1875
2 0.6237980769230769 0.06850961538461539 0.1466346153846154 0.12740384615384615
3 0.59375 0.22115384615384615 0.18028846153846154 0.23798076923076922
3 0.5144230769230769 0.640625 0.18990384615384615 0.2403846153846154
2 0.4723557692307692 0.8762019230769231 0.15625 0.1971153846153846
2 0.5372596153846154 0.44350961538461536 0.15384615384615385 0.19951923076923078
2 0.38100961538461536 0.7584134615384616 0.16105769230769232 0.20673076923076922
3 0.4387019230769231 0.3173076923076923 0.19951923076923078 0.24519230769230768
3 0.4723557692307692 0.10336538461538461 0.19471153846153846 0.20673076923076922
3 0.38221153846153844 0.5360576923076923 0.19230769230769232 0.24519230769230768
3 0.265625 0.3701923076923077 0.21153846153846154 0.2548076923076923
2 0.21634615384615385 0.5829326923076923 0.18028846153846154 0.21394230769230768