3 0.36778846153846156 0.8822115384615384 0.22355769230769232 0.21875
3 0.3389423076923077 0.6610576923076923 0.22115384615384615 0.22115384615384615
2 0.30408653846153844 0.22596153846153846 0.18028846153846154 0.1778846153846154
2 0.35096153846153844 0.42908653846153844 0.1778846153846154 0.18028846153846154
3 0.5793269230769231 0.8449519230769231 0.22596153846153846 0.22115384615384615
3 0.546875 0.6201923076923077 0.23076923076923078 0.22596153846153846
2 0.5336538461538461 0.39302884615384615 0.18269230769230768 0.18509615384615385
2 0.5216346153846154 0.19110576923076922 0.19471153846153846 0.19471153846153846
3 0.8100961538461539 0.8173076923076923 0.23076923076923078 0.22355769230769232
3 0.7776442307692307 0.5973557692307693 0.23557692307692307 0.22355769230769232
2 0.7475961538461539 0.3762019230769231 0.18269230769230768 0.1875
2 0.7235576923076923 0.15504807692307693 0.19471153846153846 0.19471153846153846
3 0.15985576923076922 0.8930288461538461 0.2091346153846154 0.21394230769230768
3 0.1346153846153846 0.6911057692307693 0.21875 0.21875
2 0.1310096153846154 0.44711538461538464 0.17548076923076922 0.17548076923076922
2 0.11778846153846154 0.2620192307692308 0.1778846153846154 0.18028846153846154