2 0.14903846153846154 0.5637019230769231 0.17067307692307693 0.15384615384615385
3 0.5240384615384616 0.5721153846153846 0.20673076923076922 0.20673076923076922
3 0.33653846153846156 0.515625 0.1971153846153846 0.20673076923076922
2 0.6887019230769231 0.48197115384615385 0.17067307692307693 0.16105769230769232
2 0.11778846153846154 0.4230769230769231 0.16105769230769232 0.15384615384615385
2 0.5504807692307693 0.4074519230769231 0.1658653846153846 0.1658653846153846
3 0.25841346153846156 0.3401442307692308 0.19951923076923078 0.21153846153846154
2 0.6706730769230769 0.29927884615384615 0.16826923076923078 0.1971153846153846
3 0.4362980769230769 0.26802884615384615 0.19951923076923078 0.21634615384615385
2 0.25 0.16105769230769232 0.16826923076923078 0.18028846153846154
2 0.7884615384615384 0.18028846153846154 0.1778846153846154 0.1875
3 0.5889423076923077 0.13701923076923078 0.21634615384615385 0.22596153846153846
3 0.3858173076923077 0.07932692307692307 0.2091346153846154 0.15865384615384615
2 0.44471153846153844 0.71875 0.16105769230769232 0.15144230769230768
3 0.2800480769230769 0.6959134615384616 0.19951923076923078 0.18990384615384615
3 0.7007211538461539 0.6574519230769231 0.21153846153846154 0.19951923076923078