2 0.6814903846153846 0.6838942307692307 0.15625 0.15384615384615385
2 0.6622596153846154 0.5432692307692307 0.15384615384615385 0.15144230769230768
1 0.6334134615384616 0.3942307692307692 0.17548076923076922 0.17067307692307693
1 0.5649038461538461 0.23798076923076922 0.1971153846153846 0.1778846153846154
2 0.59375 0.7980769230769231 0.1466346153846154 0.15625
1 0.53125 0.6550480769230769 0.17548076923076922 0.16826923076923078
2 0.5228365384615384 0.5012019230769231 0.15144230769230768 0.15144230769230768
1 0.43990384615384615 0.7872596153846154 0.1658653846153846 0.16826923076923078
1 0.39302884615384615 0.4170673076923077 0.17067307692307693 0.16826923076923078
1 0.39302884615384615 0.5805288461538461 0.17548076923076922 0.17307692307692307
2 0.3641826923076923 0.24519230769230768 0.1658653846153846 0.1658653846153846
2 0.3016826923076923 0.7043269230769231 0.15384615384615385 0.15865384615384615
1 0.22956730769230768 0.34975961538461536 0.17548076923076922 0.17307692307692307
2 0.23557692307692307 0.5336538461538461 0.16346153846153846 0.15384615384615385
2 0.7836538461538461 0.46153846153846156 0.1658653846153846 0.15865384615384615
1 0.7608173076923077 0.2776442307692308 0.1778846153846154 0.1875