3 0.31971153846153844 0.5252403846153846 0.21634615384615385 0.21153846153846154
3 0.2932692307692308 0.7463942307692307 0.2091346153846154 0.20432692307692307
2 0.39783653846153844 0.32091346153846156 0.17548076923076922 0.16826923076923078
2 0.4266826923076923 0.14302884615384615 0.18269230769230768 0.1778846153846154
3 0.47475961538461536 0.7896634615384616 0.20673076923076922 0.21153846153846154
3 0.5132211538461539 0.5528846153846154 0.21634615384615385 0.21153846153846154
2 0.6045673076923077 0.16105769230769232 0.17548076923076922 0.17548076923076922
2 0.5829326923076923 0.35336538461538464 0.17548076923076922 0.16826923076923078
2 0.7572115384615384 0.36899038461538464 0.17548076923076922 0.17307692307692307
2 0.7872596153846154 0.18870192307692307 0.1778846153846154 0.1778846153846154
3 0.7127403846153846 0.8521634615384616 0.22596153846153846 0.21875
3 0.7632211538461539 0.5685096153846154 0.22596153846153846 0.21875
3 0.0985576923076923 0.7211538461538461 0.1971153846153846 0.20673076923076922
3 0.12740384615384615 0.5120192307692307 0.20192307692307693 0.2091346153846154
2 0.25 0.12259615384615384 0.16826923076923078 0.16826923076923078
2 0.23677884615384615 0.30408653846153844 0.17307692307692307 0.16826923076923078