2 0.6706730769230769 0.515625 0.15865384615384615 0.15384615384615385
1 0.6514423076923077 0.3641826923076923 0.18028846153846154 0.18028846153846154
2 0.6009615384615384 0.6418269230769231 0.15865384615384615 0.15865384615384615
1 0.5721153846153846 0.2247596153846154 0.18028846153846154 0.18990384615384615
1 0.5288461538461539 0.46634615384615385 0.1778846153846154 0.17067307692307693
2 0.4675480769230769 0.6021634615384616 0.16105769230769232 0.15865384615384615
1 0.43990384615384615 0.33653846153846156 0.18028846153846154 0.18028846153846154
2 0.41947115384615385 0.18509615384615385 0.15865384615384615 0.15865384615384615
2 0.36177884615384615 0.6935096153846154 0.15384615384615385 0.15384615384615385
1 0.3713942307692308 0.47596153846153844 0.17548076923076922 0.17548076923076922
2 0.29086538461538464 0.3485576923076923 0.15384615384615385 0.15384615384615385
1 0.25841346153846156 0.5865384615384616 0.17548076923076922 0.1778846153846154
2 0.27283653846153844 0.20552884615384615 0.16105769230769232 0.15865384615384615
1 0.18269230769230768 0.4483173076923077 0.18028846153846154 0.17548076923076922
2 0.7920673076923077 0.43509615384615385 0.15384615384615385 0.15865384615384615
1 0.7536057692307693 0.6418269230769231 0.1778846153846154 0.17307692307692307