1 0.6574519230769231 0.6634615384615384 0.1875 0.19230769230769232
2 0.26322115384615385 0.7007211538461539 0.18509615384615385 0.17307692307692307
2 0.5336538461538461 0.5877403846153846 0.16346153846153846 0.15865384615384615
2 0.7596153846153846 0.5444711538461539 0.15865384615384615 0.15865384615384615
1 0.3269230769230769 0.5564903846153846 0.1971153846153846 0.19230769230769232
1 0.6117788461538461 0.45552884615384615 0.1875 0.1971153846153846
1 0.16947115384615385 0.49158653846153844 0.19230769230769232 0.19230769230769232
1 0.453125 0.45552884615384615 0.19230769230769232 0.1971153846153846
2 0.7524038461538461 0.39783653846153844 0.15865384615384615 0.16826923076923078
2 0.3076923076923077 0.40024038461538464 0.16826923076923078 0.17067307692307693
1 0.5685096153846154 0.2980769230769231 0.18269230769230768 0.18028846153846154
1 0.40625 0.28966346153846156 0.18509615384615385 0.1875
2 0.47115384615384615 0.14903846153846154 0.1658653846153846 0.17067307692307693
1 0.3485576923076923 0.8293269230769231 0.19951923076923078 0.19471153846153846
2 0.5697115384615384 0.7920673076923077 0.17067307692307693 0.16826923076923078
2 0.4543269230769231 0.7079326923076923 0.16826923076923078 0.17067307692307693