3 0.34134615384615385 0.5600961538461539 0.22596153846153846 0.21153846153846154
2 0.3016826923076923 0.2644230769230769 0.18028846153846154 0.17307692307692307
2 0.36177884615384615 0.39903846153846156 0.1778846153846154 0.1658653846153846
3 0.4543269230769231 0.7007211538461539 0.21634615384615385 0.21394230769230768
3 0.4651442307692308 0.27403846153846156 0.22115384615384615 0.22355769230769232
2 0.5661057692307693 0.8305288461538461 0.18028846153846154 0.17548076923076922
2 0.5180288461538461 0.43509615384615385 0.18509615384615385 0.17307692307692307
2 0.5649038461538461 0.5721153846153846 0.18509615384615385 0.17548076923076922
2 0.6382211538461539 0.7103365384615384 0.17067307692307693 0.1778846153846154
3 0.6490384615384616 0.22235576923076922 0.23076923076923078 0.2283653846153846
3 0.6814903846153846 0.40625 0.23317307692307693 0.22355769230769232
3 0.7572115384615384 0.5841346153846154 0.23076923076923078 0.23076923076923078
3 0.1466346153846154 0.5985576923076923 0.21875 0.21153846153846154
3 0.20192307692307693 0.4230769230769231 0.22115384615384615 0.22115384615384615
2 0.27163461538461536 0.7091346153846154 0.17548076923076922 0.18028846153846154
2 0.35336538461538464 0.8269230769230769 0.17067307692307693 0.16826923076923078