3 0.29086538461538464 0.4879807692307692 0.21634615384615385 0.21634615384615385
3 0.25600961538461536 0.7115384615384616 0.2091346153846154 0.22115384615384615
2 0.38341346153846156 0.2848557692307692 0.1778846153846154 0.1778846153846154
2 0.41947115384615385 0.109375 0.17307692307692307 0.18028846153846154
3 0.4338942307692308 0.7632211538461539 0.21875 0.22596153846153846
3 0.4831730769230769 0.5192307692307693 0.22355769230769232 0.22355769230769232
2 0.5913461538461539 0.11899038461538461 0.1778846153846154 0.1778846153846154
2 0.5685096153846154 0.3173076923076923 0.18509615384615385 0.18509615384615385
2 0.7451923076923077 0.3317307692307692 0.19471153846153846 0.18990384615384615
2 0.7836538461538461 0.1466346153846154 0.1875 0.19471153846153846
3 0.6838942307692307 0.8485576923076923 0.25 0.24278846153846154
3 0.7391826923076923 0.5408653846153846 0.24278846153846154 0.23317307692307693
3 0.07932692307692307 0.6742788461538461 0.15865384615384615 0.21875
3 0.109375 0.4675480769230769 0.1971153846153846 0.20673076923076922
2 0.25 0.09134615384615384 0.1658653846153846 0.17067307692307693
2 0.2247596153846154 0.2644230769230769 0.16346153846153846 0.17067307692307693