2 0.2920673076923077 0.7788461538461539 0.13942307692307693 0.14903846153846154
1 0.3269230769230769 0.45552884615384615 0.16346153846153846 0.16346153846153846
2 0.3798076923076923 0.22596153846153846 0.14423076923076922 0.14903846153846154
2 0.3954326923076923 0.08413461538461539 0.14182692307692307 0.14903846153846154
2 0.37259615384615385 0.6682692307692307 0.14903846153846154 0.15384615384615385
1 0.44350961538461536 0.5420673076923077 0.16346153846153846 0.16826923076923078
2 0.4338942307692308 0.8088942307692307 0.15384615384615385 0.15865384615384615
2 0.4651442307692308 0.4014423076923077 0.14423076923076922 0.15865384615384615
1 0.5144230769230769 0.2620192307692308 0.16346153846153846 0.16346153846153846
1 0.5348557692307693 0.10576923076923077 0.17067307692307693 0.17307692307692307
1 0.5168269230769231 0.6838942307692307 0.1658653846153846 0.17307692307692307
1 0.5973557692307693 0.49759615384615385 0.17067307692307693 0.17307692307692307
2 0.6286057692307693 0.3485576923076923 0.15384615384615385 0.15865384615384615
1 0.6442307692307693 0.7896634615384616 0.17548076923076922 0.18509615384615385
2 0.6646634615384616 0.6346153846153846 0.15865384615384615 0.15384615384615385
1 0.7019230769230769 0.1935096153846154 0.18028846153846154 0.17548076923076922
1 0.7788461538461539 0.3942307692307692 0.19230769230769232 0.18028846153846154
2 0.7908653846153846 0.7199519230769231 0.16826923076923078 0.15384615384615385
1 0.8088942307692307 0.5600961538461539 0.19230769230769232 0.17548076923076922
1 0.09615384615384616 0.5889423076923077 0.15384615384615385 0.15865384615384615
2 0.15384615384615385 0.328125 0.12980769230769232 0.14182692307692307
1 0.17548076923076922 0.46274038461538464 0.15384615384615385 0.15865384615384615
2 0.1778846153846154 0.703125 0.12980769230769232 0.14182692307692307
2 0.25721153846153844 0.19471153846153846 0.13701923076923078 0.14423076923076922
1 0.25721153846153844 0.5865384615384616 0.15865384615384615 0.16346153846153846
2 0.2848557692307692 0.3245192307692308 0.13942307692307693 0.14423076923076922