2 0.4110576923076923 0.7956730769230769 0.1466346153846154 0.15865384615384615
3 0.3858173076923077 0.46033653846153844 0.19230769230769232 0.19230769230769232
3 0.44471153846153844 0.6237980769230769 0.19230769230769232 0.18509615384615385
2 0.4579326923076923 0.3088942307692308 0.15144230769230768 0.16105769230769232
2 0.5384615384615384 0.8173076923076923 0.1466346153846154 0.14903846153846154
2 0.53125 0.42788461538461536 0.15625 0.15625
3 0.6057692307692307 0.6875 0.1971153846153846 0.1875
2 0.6237980769230769 0.31490384615384615 0.18509615384615385 0.15865384615384615
3 0.6622596153846154 0.5240384615384616 0.20192307692307693 0.18990384615384615
2 0.7668269230769231 0.6862980769230769 0.17067307692307693 0.15625
2 0.7235576923076923 0.20432692307692307 0.17548076923076922 0.16826923076923078
3 0.7716346153846154 0.38221153846153844 0.21394230769230768 0.20192307692307693
3 0.8641826923076923 0.5576923076923077 0.21153846153846154 0.19951923076923078
2 0.25721153846153844 0.5372596153846154 0.14423076923076922 0.14903846153846154
3 0.2860576923076923 0.6838942307692307 0.1778846153846154 0.1875
3 0.3004807692307692 0.30408653846153844 0.1875 0.1971153846153846