3 0.37259615384615385 0.49399038461538464 0.18990384615384615 0.18990384615384615
3 0.3557692307692308 0.7043269230769231 0.18028846153846154 0.19471153846153846
2 0.4423076923076923 0.3004807692307692 0.15625 0.15625
2 0.46875 0.13581730769230768 0.15384615384615385 0.15865384615384615
3 0.5204326923076923 0.7415865384615384 0.19230769230769232 0.19951923076923078
3 0.5516826923076923 0.5108173076923077 0.19471153846153846 0.19471153846153846
2 0.625 0.1346153846153846 0.15625 0.15625
2 0.6177884615384616 0.31850961538461536 0.16105769230769232 0.16105769230769232
2 0.7824519230769231 0.32091346153846156 0.17307692307692307 0.17067307692307693
2 0.8064903846153846 0.14783653846153846 0.1658653846153846 0.17307692307692307
3 0.7584134615384616 0.8052884615384616 0.22115384615384615 0.21153846153846154
3 0.7920673076923077 0.5144230769230769 0.21394230769230768 0.20192307692307693
3 0.16826923076923078 0.6850961538461539 0.17067307692307693 0.19230769230769232
3 0.203125 0.48677884615384615 0.17548076923076922 0.18509615384615385
2 0.30649038461538464 0.13221153846153846 0.1466346153846154 0.15144230769230768
2 0.2932692307692308 0.2920673076923077 0.14423076923076922 0.14903846153846154