3 0.5324519230769231 0.4963942307692308 0.21153846153846154 0.22596153846153846
2 0.29447115384615385 0.4987980769230769 0.17548076923076922 0.17548076923076922
3 0.7415865384615384 0.44471153846153844 0.21153846153846154 0.21875
2 0.12259615384615384 0.5048076923076923 0.18028846153846154 0.18028846153846154
3 0.5084134615384616 0.24879807692307693 0.23317307692307693 0.23317307692307693
3 0.7704326923076923 0.21394230769230768 0.2283653846153846 0.2283653846153846
2 0.2668269230769231 0.25 0.18509615384615385 0.19230769230769232
2 0.08413461538461539 0.2536057692307692 0.16826923076923078 0.18990384615384615
3 0.5817307692307693 0.8810096153846154 0.1971153846153846 0.19230769230769232
3 0.7776442307692307 0.8497596153846154 0.20432692307692307 0.19951923076923078
2 0.3137019230769231 0.8990384615384616 0.15865384615384615 0.15865384615384615
2 0.15625 0.9050480769230769 0.16826923076923078 0.16346153846153846
3 0.5396634615384616 0.6923076923076923 0.20432692307692307 0.1971153846153846
2 0.13822115384615385 0.7235576923076923 0.17307692307692307 0.17067307692307693
2 0.30528846153846156 0.7043269230769231 0.17067307692307693 0.1778846153846154
3 0.765625 0.6538461538461539 0.2091346153846154 0.20432692307692307