3 0.390625 0.21634615384615385 0.20192307692307693 0.20673076923076922
2 0.38461538461538464 0.8389423076923077 0.18028846153846154 0.17307692307692307
3 0.41225961538461536 0.46033653846153844 0.20673076923076922 0.19951923076923078
2 0.4050480769230769 0.6430288461538461 0.15865384615384615 0.17307692307692307
3 0.5805288461538461 0.21033653846153846 0.19951923076923078 0.20673076923076922
2 0.5901442307692307 0.8497596153846154 0.1658653846153846 0.17067307692307693
3 0.6141826923076923 0.4326923076923077 0.20192307692307693 0.19951923076923078
2 0.6177884615384616 0.6658653846153846 0.16105769230769232 0.1658653846153846
3 0.84375 0.22235576923076922 0.21153846153846154 0.19471153846153846
3 0.84375 0.4362980769230769 0.21153846153846154 0.19471153846153846
2 0.8353365384615384 0.6742788461538461 0.1658653846153846 0.15625
2 0.8257211538461539 0.8605769230769231 0.1658653846153846 0.15384615384615385
3 0.16826923076923078 0.4326923076923077 0.21394230769230768 0.20673076923076922
3 0.18990384615384615 0.203125 0.20673076923076922 0.20673076923076922
2 0.21033653846153846 0.640625 0.17067307692307693 0.17067307692307693
2 0.21033653846153846 0.8293269230769231 0.17067307692307693 0.16826923076923078