2 0.3076923076923077 0.7536057692307693 0.1201923076923077 0.12740384615384615
2 0.33653846153846156 0.5432692307692307 0.11538461538461539 0.11057692307692307
3 0.38461538461538464 0.3293269230769231 0.13221153846153846 0.13221153846153846
2 0.38221153846153844 0.6370192307692307 0.11538461538461539 0.11538461538461539
2 0.4338942307692308 0.43149038461538464 0.11057692307692307 0.10576923076923077
2 0.41586538461538464 0.7487980769230769 0.1201923076923077 0.1201923076923077
3 0.4567307692307692 0.5420673076923077 0.13942307692307693 0.13942307692307693
2 0.49759615384615385 0.29927884615384615 0.10576923076923077 0.10096153846153846
3 0.5084134615384616 0.6610576923076923 0.14423076923076922 0.14423076923076922
3 0.5588942307692307 0.46033653846153844 0.13701923076923078 0.1346153846153846
3 0.5973557692307693 0.34615384615384615 0.13701923076923078 0.12259615384615384
2 0.5985576923076923 0.7475961538461539 0.1201923076923077 0.12259615384615384
2 0.6189903846153846 0.5600961538461539 0.11538461538461539 0.11057692307692307
3 0.6923076923076923 0.44471153846153844 0.14182692307692307 0.13221153846153846
3 0.7127403846153846 0.6394230769230769 0.15384615384615385 0.14423076923076922
3 0.3161057692307692 0.4338942307692308 0.1466346153846154 0.12980769230769232