2 0.5552884615384616 0.6177884615384616 0.16826923076923078 0.17548076923076922
2 0.7788461538461539 0.6057692307692307 0.17067307692307693 0.17067307692307693
2 0.37259615384615385 0.625 0.15384615384615385 0.15865384615384615
2 0.171875 0.6322115384615384 0.15144230769230768 0.1658653846153846
1 0.7848557692307693 0.4206730769230769 0.18269230769230768 0.1778846153846154
1 0.5685096153846154 0.4098557692307692 0.17307692307692307 0.18509615384615385
1 0.359375 0.41346153846153844 0.17307692307692307 0.18028846153846154
1 0.16947115384615385 0.40384615384615385 0.17307692307692307 0.18028846153846154
1 0.7632211538461539 0.21033653846153846 0.1875 0.1875
1 0.3581730769230769 0.21033653846153846 0.17307692307692307 0.19471153846153846
1 0.546875 0.1971153846153846 0.17307692307692307 0.18990384615384615
1 0.1622596153846154 0.1971153846153846 0.16826923076923078 0.18028846153846154
2 0.7980769230769231 0.8185096153846154 0.16105769230769232 0.1658653846153846
2 0.5721153846153846 0.8161057692307693 0.15384615384615385 0.17067307692307693
2 0.3870192307692308 0.8040865384615384 0.15384615384615385 0.1658653846153846
2 0.17548076923076922 0.8100961538461539 0.15384615384615385 0.1658653846153846