2 0.41586538461538464 0.7824519230769231 0.15865384615384615 0.15625
2 0.37740384615384615 0.40625 0.15625 0.14903846153846154
2 0.40024038461538464 0.5769230769230769 0.1466346153846154 0.1466346153846154
2 0.36778846153846156 0.2247596153846154 0.14903846153846154 0.14182692307692307
1 0.6322115384615384 0.7824519230769231 0.16105769230769232 0.16826923076923078
1 0.578125 0.18870192307692307 0.16346153846153846 0.16826923076923078
1 0.6334134615384616 0.5841346153846154 0.17548076923076922 0.16346153846153846
1 0.6298076923076923 0.3954326923076923 0.16346153846153846 0.15865384615384615
1 0.8329326923076923 0.7740384615384616 0.18028846153846154 0.16346153846153846
1 0.7704326923076923 0.16826923076923078 0.17548076923076922 0.1658653846153846
1 0.8269230769230769 0.5709134615384616 0.16346153846153846 0.16346153846153846
1 0.8052884615384616 0.3713942307692308 0.16346153846153846 0.15865384615384615
2 0.24759615384615385 0.8004807692307693 0.1466346153846154 0.14423076923076922
2 0.24759615384615385 0.5973557692307693 0.15625 0.14903846153846154
2 0.21033653846153846 0.24879807692307693 0.15625 0.14423076923076922
2 0.23798076923076922 0.4326923076923077 0.15384615384615385 0.15384615384615385