3 0.3485576923076923 0.5204326923076923 0.18990384615384615 0.18509615384615385
3 0.3317307692307692 0.7199519230769231 0.18509615384615385 0.18028846153846154
2 0.41225961538461536 0.3329326923076923 0.15384615384615385 0.14903846153846154
2 0.4326923076923077 0.17067307692307693 0.16346153846153846 0.15384615384615385
3 0.49759615384615385 0.7536057692307693 0.18028846153846154 0.18509615384615385
3 0.5240384615384616 0.5384615384615384 0.18990384615384615 0.18509615384615385
2 0.59375 0.18269230769230768 0.15384615384615385 0.15384615384615385
2 0.5817307692307693 0.35697115384615385 0.15384615384615385 0.14903846153846154
2 0.7391826923076923 0.36538461538461536 0.15384615384615385 0.15384615384615385
2 0.7608173076923077 0.20072115384615385 0.15384615384615385 0.15865384615384615
3 0.7139423076923077 0.8028846153846154 0.19951923076923078 0.19230769230769232
3 0.75 0.5444711538461539 0.19951923076923078 0.19230769230769232
3 0.15144230769230768 0.7055288461538461 0.18028846153846154 0.18269230769230768
3 0.17307692307692307 0.5132211538461539 0.17548076923076922 0.18509615384615385
2 0.27283653846153844 0.15865384615384615 0.14903846153846154 0.14903846153846154
2 0.265625 0.3233173076923077 0.15384615384615385 0.14903846153846154