2 0.6826923076923077 0.71875 0.15625 0.16105769230769232
2 0.53125 0.7019230769230769 0.15625 0.15625
1 0.37259615384615385 0.6766826923076923 0.17307692307692307 0.18028846153846154
1 0.20432692307692307 0.6105769230769231 0.18269230769230768 0.19951923076923078
2 0.7992788461538461 0.6201923076923077 0.16105769230769232 0.15144230769230768
1 0.6454326923076923 0.5588942307692307 0.17067307692307693 0.18028846153846154
2 0.48197115384615385 0.5564903846153846 0.15625 0.15625
1 0.7824519230769231 0.45913461538461536 0.17307692307692307 0.17067307692307693
1 0.38822115384615385 0.421875 0.17307692307692307 0.17548076923076922
1 0.5612980769230769 0.4170673076923077 0.17548076923076922 0.18028846153846154
2 0.20552884615384615 0.39783653846153844 0.17067307692307693 0.17067307692307693
2 0.6899038461538461 0.31490384615384615 0.16105769230769232 0.15625
1 0.3112980769230769 0.25240384615384615 0.1778846153846154 0.18269230769230768
2 0.5060096153846154 0.2512019230769231 0.15865384615384615 0.16826923076923078
2 0.4495192307692308 0.8329326923076923 0.16346153846153846 0.17067307692307693
1 0.2548076923076923 0.8161057692307693 0.19230769230769232 0.18028846153846154