2 0.4987980769230769 0.3449519230769231 0.15144230769230768 0.15384615384615385
1 0.6346153846153846 0.39663461538461536 0.1778846153846154 0.1778846153846154
2 0.36177884615384615 0.38221153846153844 0.15625 0.15625
1 0.7512019230769231 0.5012019230769231 0.1875 0.1778846153846154
1 0.5132211538461539 0.4891826923076923 0.16826923076923078 0.17548076923076922
2 0.36899038461538464 0.5180288461538461 0.15625 0.15865384615384615
1 0.6153846153846154 0.6009615384615384 0.1778846153846154 0.1778846153846154
2 0.7548076923076923 0.6538461538461539 0.15625 0.15625
2 0.26322115384615385 0.5997596153846154 0.15144230769230768 0.15144230769230768
1 0.46875 0.6370192307692307 0.17067307692307693 0.17067307692307693
2 0.5733173076923077 0.7391826923076923 0.14903846153846154 0.14903846153846154
1 0.3389423076923077 0.71875 0.17307692307692307 0.17067307692307693
2 0.7055288461538461 0.7896634615384616 0.15625 0.15865384615384615
1 0.45552884615384615 0.8209134615384616 0.17307692307692307 0.17548076923076922
2 0.6009615384615384 0.24879807692307693 0.15625 0.15384615384615385
1 0.39783653846153844 0.23918269230769232 0.17067307692307693 0.17548076923076922