2 0.38822115384615385 0.2127403846153846 0.16105769230769232 0.16105769230769232
2 0.34975961538461536 0.5973557692307693 0.15865384615384615 0.15144230769230768
2 0.3737980769230769 0.42427884615384615 0.14903846153846154 0.14903846153846154
2 0.3401442307692308 0.7836538461538461 0.15144230769230768 0.1466346153846154
1 0.609375 0.2127403846153846 0.1658653846153846 0.17067307692307693
1 0.5540865384615384 0.8185096153846154 0.1658653846153846 0.17067307692307693
1 0.6105769230769231 0.4170673076923077 0.17548076923076922 0.16826923076923078
1 0.6081730769230769 0.609375 0.1658653846153846 0.16105769230769232
1 0.8137019230769231 0.22235576923076922 0.18028846153846154 0.16826923076923078
1 0.75 0.8401442307692307 0.17548076923076922 0.16826923076923078
1 0.8088942307692307 0.43028846153846156 0.1658653846153846 0.1658653846153846
1 0.7860576923076923 0.6334134615384616 0.1658653846153846 0.16105769230769232
2 0.21754807692307693 0.1935096153846154 0.14903846153846154 0.1466346153846154
2 0.21754807692307693 0.4026442307692308 0.15865384615384615 0.15144230769230768
2 0.17908653846153846 0.7572115384615384 0.15865384615384615 0.1466346153846154
2 0.20673076923076922 0.5697115384615384 0.15625 0.15625