2 0.23677884615384615 0.2776442307692308 0.13942307692307693 0.14423076923076922
2 0.27403846153846156 0.5132211538461539 0.12980769230769232 0.125
3 0.3329326923076923 0.7536057692307693 0.15144230769230768 0.15144230769230768
2 0.3233173076923077 0.4074519230769231 0.12980769230769232 0.12980769230769232
2 0.38461538461538464 0.6382211538461539 0.125 0.1201923076923077
2 0.359375 0.2824519230769231 0.13701923076923078 0.13701923076923078
3 0.4098557692307692 0.5144230769230769 0.15625 0.15625
2 0.4579326923076923 0.7836538461538461 0.1201923076923077 0.11538461538461539
3 0.4639423076923077 0.3786057692307692 0.16105769230769232 0.16105769230769232
3 0.5252403846153846 0.6009615384615384 0.15625 0.15144230769230768
3 0.5697115384615384 0.7295673076923077 0.15384615384615385 0.13942307692307693
2 0.5637019230769231 0.2800480769230769 0.13942307692307693 0.13942307692307693
2 0.5913461538461539 0.4891826923076923 0.12980769230769232 0.125
3 0.6742788461538461 0.6177884615384616 0.16105769230769232 0.15144230769230768
3 0.6947115384615384 0.39903846153846156 0.17548076923076922 0.1658653846153846
3 0.2536057692307692 0.6358173076923077 0.1658653846153846 0.1466346153846154