3 0.39302884615384615 0.42427884615384615 0.22115384615384615 0.22355769230769232
2 0.3918269230769231 0.7475961538461539 0.18269230769230768 0.18269230769230768
2 0.3918269230769231 0.9314903846153846 0.18269230769230768 0.13701923076923078
3 0.6177884615384616 0.20432692307692307 0.22355769230769232 0.22355769230769232
3 0.5997596153846154 0.46153846153846156 0.22355769230769232 0.22355769230769232
2 0.6057692307692307 0.7475961538461539 0.1875 0.19471153846153846
2 0.6286057692307693 0.9362980769230769 0.18509615384615385 0.12740384615384615
3 0.8653846153846154 0.21153846153846154 0.2283653846153846 0.2283653846153846
3 0.84375 0.4639423076923077 0.24519230769230768 0.23557692307692307
2 0.875 0.7415865384615384 0.1971153846153846 0.1875
2 0.8689903846153846 0.9423076923076923 0.19471153846153846 0.11538461538461539
3 0.19591346153846154 0.18870192307692307 0.20432692307692307 0.21394230769230768
3 0.17908653846153846 0.4206730769230769 0.2091346153846154 0.21153846153846154
2 0.17548076923076922 0.921875 0.17548076923076922 0.11778846153846154
2 0.20192307692307693 0.7247596153846154 0.17548076923076922 0.17548076923076922
3 0.39302884615384615 0.20552884615384615 0.21394230769230768 0.22355769230769232