2 0.4495192307692308 0.5300480769230769 0.17067307692307693 0.16346153846153846
2 0.4735576923076923 0.7247596153846154 0.16346153846153846 0.16346153846153846
2 0.4362980769230769 0.33533653846153844 0.18028846153846154 0.17307692307692307
2 0.41947115384615385 0.11298076923076923 0.17067307692307693 0.17067307692307693
1 0.6959134615384616 0.6971153846153846 0.18269230769230768 0.18269230769230768
1 0.6754807692307693 0.5012019230769231 0.18269230769230768 0.18509615384615385
1 0.6526442307692307 0.2920673076923077 0.18269230769230768 0.1875
1 0.6274038461538461 0.07692307692307693 0.1875 0.15384615384615385
1 0.8978365384615384 0.6646634615384616 0.17548076923076922 0.17307692307692307
1 0.8377403846153846 0.055288461538461536 0.18990384615384615 0.11057692307692307
1 0.8774038461538461 0.2668269230769231 0.1875 0.1971153846153846
1 0.9074519230769231 0.49278846153846156 0.18509615384615385 0.1875
2 0.20552884615384615 0.3389423076923077 0.17067307692307693 0.17067307692307693
2 0.25841346153846156 0.7572115384615384 0.17548076923076922 0.1658653846153846
2 0.1875 0.109375 0.17548076923076922 0.16826923076923078
2 0.2536057692307692 0.5300480769230769 0.17548076923076922 0.1658653846153846