2 0.6766826923076923 0.35697115384615385 0.18509615384615385 0.17548076923076922
2 0.25961538461538464 0.41466346153846156 0.18028846153846154 0.17307692307692307
2 0.8149038461538461 0.453125 0.18509615384615385 0.18269230769230768
3 0.5913461538461539 0.5192307692307693 0.22596153846153846 0.23076923076923078
3 0.13942307692307693 0.5721153846153846 0.23557692307692307 0.25
3 0.38100961538461536 0.5588942307692307 0.22596153846153846 0.23076923076923078
2 0.7235576923076923 0.6586538461538461 0.18509615384615385 0.19471153846153846
3 0.5288461538461539 0.7271634615384616 0.23557692307692307 0.2403846153846154
3 0.29927884615384615 0.7632211538461539 0.23798076923076922 0.23076923076923078
2 0.8569711538461539 0.7704326923076923 0.1971153846153846 0.19230769230769232
3 0.6899038461538461 0.8954326923076923 0.23557692307692307 0.19951923076923078
3 0.4375 0.9026442307692307 0.2403846153846154 0.19471153846153846
3 0.5108173076923077 0.16947115384615385 0.23317307692307693 0.23076923076923078
2 0.6983173076923077 0.19951923076923078 0.18028846153846154 0.17548076923076922
2 0.36177884615384615 0.2860576923076923 0.18269230769230768 0.18509615384615385
2 0.5096153846153846 0.35216346153846156 0.18028846153846154 0.17548076923076922