2 0.2127403846153846 0.34975961538461536 0.13221153846153846 0.125
2 0.42908653846153844 0.3473557692307692 0.11538461538461539 0.1201923076923077
3 0.6502403846153846 0.3605769230769231 0.1346153846153846 0.13701923076923078
2 0.3425480769230769 0.40625 0.1201923076923077 0.1201923076923077
2 0.5564903846153846 0.4254807692307692 0.11057692307692307 0.11298076923076923
2 0.23677884615384615 0.4579326923076923 0.125 0.125
3 0.4495192307692308 0.4675480769230769 0.14182692307692307 0.14182692307692307
2 0.6971153846153846 0.46875 0.10576923076923077 0.10817307692307693
3 0.33774038461538464 0.5372596153846154 0.1466346153846154 0.1466346153846154
3 0.5456730769230769 0.5564903846153846 0.13942307692307693 0.13942307692307693
3 0.6658653846153846 0.5757211538461539 0.12740384615384615 0.13942307692307693
2 0.265625 0.6394230769230769 0.125 0.125
2 0.45552884615384615 0.6322115384615384 0.11538461538461539 0.1201923076923077
3 0.5841346153846154 0.6850961538461539 0.13701923076923078 0.14423076923076922
3 0.3918269230769231 0.7379807692307693 0.14903846153846154 0.15865384615384615
3 0.5336538461538461 0.31009615384615385 0.13221153846153846 0.14903846153846154