3 0.4735576923076923 0.6382211538461539 0.19471153846153846 0.19471153846153846
3 0.2548076923076923 0.6262019230769231 0.18509615384615385 0.18990384615384615
2 0.6875 0.5973557692307693 0.15384615384615385 0.15865384615384615
2 0.8665865384615384 0.5997596153846154 0.15865384615384615 0.16826923076923078
3 0.2439903846153846 0.4411057692307692 0.19471153846153846 0.1875
3 0.4807692307692308 0.44471153846153844 0.19471153846153846 0.19471153846153846
2 0.8774038461538461 0.4230769230769231 0.15865384615384615 0.15865384615384615
2 0.6875 0.4098557692307692 0.15384615384615385 0.15865384615384615
2 0.7019230769230769 0.23918269230769232 0.15625 0.15865384615384615
2 0.8834134615384616 0.23918269230769232 0.16346153846153846 0.15865384615384615
3 0.22355769230769232 0.19951923076923078 0.19951923076923078 0.20673076923076922
3 0.5096153846153846 0.19831730769230768 0.19471153846153846 0.20673076923076922
3 0.24278846153846154 0.8245192307692307 0.1875 0.1875
3 0.4543269230769231 0.828125 0.18990384615384615 0.18269230769230768
2 0.8545673076923077 0.7752403846153846 0.15384615384615385 0.15384615384615385
2 0.6766826923076923 0.7572115384615384 0.15144230769230768 0.15625