3 0.6394230769230769 0.49759615384615385 0.22115384615384615 0.20192307692307693
2 0.625 0.8305288461538461 0.17307692307692307 0.1658653846153846
2 0.5865384615384616 0.6706730769230769 0.17307692307692307 0.15865384615384615
3 0.5420673076923077 0.32091346153846156 0.2091346153846154 0.20673076923076922
3 0.4483173076923077 0.7872596153846154 0.21153846153846154 0.21634615384615385
2 0.44591346153846156 0.15745192307692307 0.17307692307692307 0.16826923076923078
2 0.4206730769230769 0.6009615384615384 0.1778846153846154 0.16346153846153846
2 0.39663461538461536 0.4411057692307692 0.1778846153846154 0.1658653846153846
2 0.3425480769230769 0.27524038461538464 0.16346153846153846 0.17067307692307693
3 0.23677884615384615 0.8088942307692307 0.22115384615384615 0.22115384615384615
3 0.23677884615384615 0.6009615384615384 0.2283653846153846 0.21153846153846154
3 0.1875 0.3918269230769231 0.22115384615384615 0.22115384615384615
3 0.8617788461538461 0.49158653846153844 0.21153846153846154 0.20192307692307693
3 0.7668269230769231 0.6742788461538461 0.21153846153846154 0.21153846153846154
2 0.7439903846153846 0.3473557692307692 0.16826923076923078 0.17307692307692307
2 0.6778846153846154 0.20192307692307693 0.1658653846153846 0.15865384615384615