3 0.6983173076923077 0.5552884615384616 0.22596153846153846 0.23076923076923078
3 0.6574519230769231 0.7944711538461539 0.22115384615384615 0.2283653846153846
2 0.6802884615384616 0.33533653846153844 0.1778846153846154 0.18509615384615385
2 0.7079326923076923 0.1466346153846154 0.1875 0.1971153846153846
3 0.46153846153846156 0.7848557692307693 0.22355769230769232 0.24519230769230768
3 0.49759615384615385 0.5276442307692307 0.2283653846153846 0.22115384615384615
2 0.5252403846153846 0.11177884615384616 0.19230769230769232 0.19230769230769232
2 0.4879807692307692 0.31850961538461536 0.19230769230769232 0.1875
2 0.3112980769230769 0.27403846153846156 0.19471153846153846 0.1875
2 0.33052884615384615 0.09615384615384616 0.19951923076923078 0.19230769230769232
3 0.2127403846153846 0.7680288461538461 0.24278846153846154 0.24759615384615385
3 0.24759615384615385 0.47716346153846156 0.24519230769230768 0.23798076923076922
3 0.8954326923076923 0.6045673076923077 0.2091346153846154 0.21875
3 0.859375 0.8173076923076923 0.21634615384615385 0.21394230769230768
2 0.8882211538461539 0.18389423076923078 0.18269230769230768 0.18028846153846154
2 0.8461538461538461 0.36899038461538464 0.16826923076923078 0.18269230769230768