3 0.6382211538461539 0.3125 0.20432692307692307 0.1875
3 0.640625 0.109375 0.20192307692307693 0.19230769230769232
3 0.6045673076923077 0.7319711538461539 0.20673076923076922 0.2091346153846154
3 0.6081730769230769 0.5060096153846154 0.19230769230769232 0.19230769230769232
2 0.35096153846153844 0.7668269230769231 0.17067307692307693 0.17067307692307693
2 0.34615384615384615 0.5204326923076923 0.1658653846153846 0.1658653846153846
2 0.3545673076923077 0.13942307692307693 0.16105769230769232 0.15625
2 0.33533653846153844 0.32091346153846156 0.1658653846153846 0.16105769230769232
2 0.12980769230769232 0.7572115384615384 0.17067307692307693 0.17067307692307693
2 0.13942307692307693 0.5324519230769231 0.1658653846153846 0.16105769230769232
2 0.14543269230769232 0.3233173076923077 0.1658653846153846 0.16105769230769232
2 0.13942307692307693 0.11658653846153846 0.16346153846153846 0.17307692307692307
3 0.8497596153846154 0.515625 0.21634615384615385 0.19951923076923078
3 0.8353365384615384 0.7463942307692307 0.2091346153846154 0.21634615384615385
3 0.8641826923076923 0.12139423076923077 0.1971153846153846 0.19230769230769232
3 0.8389423076923077 0.3076923076923077 0.20673076923076922 0.19230769230769232