3 0.6622596153846154 0.4230769230769231 0.23557692307692307 0.23076923076923078
3 0.6899038461538461 0.17067307692307693 0.23557692307692307 0.23557692307692307
2 0.6129807692307693 0.6778846153846154 0.19230769230769232 0.1875
2 0.5829326923076923 0.8605769230769231 0.19230769230769232 0.19230769230769232
3 0.453125 0.3762019230769231 0.2403846153846154 0.23557692307692307
3 0.4567307692307692 0.12980769230769232 0.24278846153846154 0.2403846153846154
2 0.390625 0.6274038461538461 0.19951923076923078 0.19471153846153846
2 0.3425480769230769 0.8161057692307693 0.20192307692307693 0.20192307692307693
3 0.2127403846153846 0.08052884615384616 0.24759615384615385 0.16105769230769232
3 0.18028846153846154 0.3233173076923077 0.25961538461538464 0.24759615384615385
2 0.11778846153846154 0.5817307692307693 0.20673076923076922 0.19951923076923078
2 0.0829326923076923 0.7860576923076923 0.1658653846153846 0.20192307692307693
3 0.8810096153846154 0.4326923076923077 0.2283653846153846 0.23557692307692307
3 0.8942307692307693 0.21754807692307693 0.21153846153846154 0.22355769230769232
2 0.8269230769230769 0.7283653846153846 0.18269230769230768 0.18269230769230768
2 0.7860576923076923 0.9014423076923077 0.18269230769230768 0.18269230769230768