3 0.6923076923076923 0.20552884615384615 0.19951923076923078 0.20673076923076922
3 0.6754807692307693 0.4206730769230769 0.20192307692307693 0.20432692307692307
2 0.6129807692307693 0.8317307692307693 0.16826923076923078 0.16346153846153846
2 0.6141826923076923 0.6382211538461539 0.16105769230769232 0.16105769230769232
3 0.4855769230769231 0.19831730769230768 0.2091346153846154 0.21153846153846154
3 0.4651442307692308 0.4182692307692308 0.20192307692307693 0.20673076923076922
2 0.4362980769230769 0.6298076923076923 0.16346153846153846 0.16346153846153846
2 0.4110576923076923 0.8221153846153846 0.16346153846153846 0.1658653846153846
3 0.2536057692307692 0.3918269230769231 0.2091346153846154 0.21153846153846154
2 0.234375 0.6021634615384616 0.16346153846153846 0.16346153846153846
3 0.25961538461538464 0.171875 0.20432692307692307 0.1971153846153846
2 0.20793269230769232 0.8161057692307693 0.16346153846153846 0.16826923076923078
3 0.8858173076923077 0.2439903846153846 0.18990384615384615 0.1971153846153846
3 0.8653846153846154 0.4362980769230769 0.19951923076923078 0.19951923076923078
2 0.8221153846153846 0.6634615384615384 0.15384615384615385 0.15865384615384615
2 0.7992788461538461 0.8425480769230769 0.16105769230769232 0.16826923076923078