3 0.47836538461538464 0.6322115384615384 0.18509615384615385 0.18509615384615385
3 0.6971153846153846 0.6201923076923077 0.1875 0.1778846153846154
2 0.26802884615384615 0.5877403846153846 0.15384615384615385 0.15384615384615385
2 0.09615384615384616 0.5865384615384616 0.15625 0.14903846153846154
3 0.7079326923076923 0.4423076923076923 0.1971153846153846 0.1875
3 0.46875 0.44591346153846156 0.18990384615384615 0.18990384615384615
2 0.07211538461538461 0.4206730769230769 0.14423076923076922 0.15384615384615385
2 0.2608173076923077 0.40625 0.16105769230769232 0.15865384615384615
2 0.2403846153846154 0.234375 0.16346153846153846 0.16826923076923078
2 0.07091346153846154 0.23557692307692307 0.14182692307692307 0.15865384615384615
3 0.7391826923076923 0.18990384615384615 0.20673076923076922 0.21634615384615385
3 0.4375 0.19951923076923078 0.19951923076923078 0.21394230769230768
3 0.7007211538461539 0.8112980769230769 0.1875 0.1658653846153846
3 0.4951923076923077 0.8076923076923077 0.18028846153846154 0.17067307692307693
2 0.11177884615384616 0.75 0.14903846153846154 0.14182692307692307
2 0.28125 0.7403846153846154 0.14903846153846154 0.13942307692307693