2 0.5588942307692307 0.6634615384615384 0.16105769230769232 0.1658653846153846
1 0.39903846153846156 0.6394230769230769 0.19230769230769232 0.19230769230769232
2 0.6995192307692307 0.5913461538461539 0.1658653846153846 0.1658653846153846
1 0.24759615384615385 0.5516826923076923 0.19951923076923078 0.19230769230769232
1 0.5096153846153846 0.5096153846153846 0.18028846153846154 0.19230769230769232
2 0.6598557692307693 0.44591346153846156 0.16826923076923078 0.17067307692307693
1 0.37259615384615385 0.4110576923076923 0.19230769230769232 0.19230769230769232
2 0.21033653846153846 0.3870192307692308 0.1658653846153846 0.1658653846153846
2 0.7560096153846154 0.3329326923076923 0.16346153846153846 0.16105769230769232
1 0.5240384615384616 0.3401442307692308 0.18509615384615385 0.18509615384615385
2 0.3870192307692308 0.2512019230769231 0.16105769230769232 0.16105769230769232
1 0.6454326923076923 0.22115384615384615 0.1875 0.18509615384615385
2 0.23197115384615385 0.2283653846153846 0.16826923076923078 0.17067307692307693
1 0.4963942307692308 0.13701923076923078 0.18509615384615385 0.19230769230769232
2 0.4699519230769231 0.7920673076923077 0.1658653846153846 0.16346153846153846
1 0.6923076923076923 0.7548076923076923 0.18269230769230768 0.19230769230769232