3 0.6754807692307693 0.1814903846153846 0.19951923076923078 0.19951923076923078
2 0.6610576923076923 0.8149038461538461 0.18028846153846154 0.16826923076923078
3 0.6454326923076923 0.42908653846153844 0.19951923076923078 0.19471153846153846
2 0.6478365384615384 0.6153846153846154 0.15384615384615385 0.17067307692307693
3 0.4831730769230769 0.16826923076923078 0.19471153846153846 0.19951923076923078
2 0.45072115384615385 0.8173076923076923 0.16105769230769232 0.17067307692307693
3 0.4411057692307692 0.39302884615384615 0.19951923076923078 0.19471153846153846
2 0.42908653846153844 0.6322115384615384 0.16105769230769232 0.1658653846153846
3 0.21394230769230768 0.17067307692307693 0.2091346153846154 0.18990384615384615
3 0.20793269230769232 0.3870192307692308 0.20673076923076922 0.19471153846153846
2 0.20793269230769232 0.6310096153846154 0.1658653846153846 0.15384615384615385
2 0.21153846153846154 0.8197115384615384 0.1658653846153846 0.15144230769230768
3 0.8954326923076923 0.4098557692307692 0.2091346153846154 0.19951923076923078
3 0.8810096153846154 0.17548076923076922 0.19951923076923078 0.19951923076923078
2 0.8449519230769231 0.6201923076923077 0.16826923076923078 0.17067307692307693
2 0.8377403846153846 0.8100961538461539 0.16826923076923078 0.1658653846153846