3 0.21394230769230768 0.3245192307692308 0.18990384615384615 0.1875
2 0.8197115384615384 0.34975961538461536 0.15865384615384615 0.16826923076923078
3 0.4495192307692308 0.35697115384615385 0.18509615384615385 0.18990384615384615
2 0.6286057692307693 0.3581730769230769 0.16105769230769232 0.14423076923076922
3 0.19831730769230768 0.5084134615384616 0.18990384615384615 0.18509615384615385
2 0.8197115384615384 0.5504807692307693 0.15865384615384615 0.15384615384615385
3 0.41225961538461536 0.5516826923076923 0.18509615384615385 0.1875
2 0.640625 0.5673076923076923 0.15384615384615385 0.14903846153846154
3 0.19591346153846154 0.7644230769230769 0.18028846153846154 0.1971153846153846
3 0.4050480769230769 0.7752403846153846 0.18028846153846154 0.1971153846153846
2 0.6358173076923077 0.7788461538461539 0.14423076923076922 0.15625
2 0.8173076923076923 0.7788461538461539 0.14423076923076922 0.15625
3 0.4362980769230769 0.11778846153846154 0.18990384615384615 0.1971153846153846
3 0.21153846153846154 0.12740384615384615 0.18990384615384615 0.18990384615384615
2 0.6346153846153846 0.16947115384615385 0.15865384615384615 0.15865384615384615
2 0.8185096153846154 0.18028846153846154 0.15625 0.15865384615384615