3 0.21033653846153846 0.35336538461538464 0.1875 0.19471153846153846
3 0.41225961538461536 0.3401442307692308 0.1875 0.1875
2 0.8100961538461539 0.33653846153846156 0.15144230769230768 0.15865384615384615
2 0.6225961538461539 0.36538461538461536 0.15625 0.15144230769230768
3 0.23317307692307693 0.5432692307692307 0.1875 0.1971153846153846
3 0.4362980769230769 0.53125 0.19230769230769232 0.1971153846153846
2 0.6454326923076923 0.5336538461538461 0.16105769230769232 0.15625
2 0.8305288461538461 0.5348557692307693 0.1658653846153846 0.16826923076923078
3 0.2439903846153846 0.7572115384615384 0.19471153846153846 0.20192307692307693
3 0.4423076923076923 0.7415865384615384 0.19230769230769232 0.20432692307692307
2 0.6442307692307693 0.7283653846153846 0.16105769230769232 0.15625
2 0.8461538461538461 0.7211538461538461 0.1658653846153846 0.1658653846153846
3 0.2127403846153846 0.16346153846153846 0.18509615384615385 0.18269230769230768
3 0.39783653846153844 0.15264423076923078 0.1875 0.1875
2 0.6189903846153846 0.16466346153846154 0.15384615384615385 0.15144230769230768
2 0.7908653846153846 0.1658653846153846 0.15625 0.15384615384615385