2 0.44350961538461536 0.7800480769230769 0.1658653846153846 0.125
2 0.203125 0.7019230769230769 0.17067307692307693 0.12740384615384615
1 0.5769230769230769 0.6826923076923077 0.21153846153846154 0.17307692307692307
1 0.3701923076923077 0.6574519230769231 0.21875 0.16346153846153846
2 0.796875 0.6538461538461539 0.18028846153846154 0.12740384615384615
2 0.06370192307692307 0.5516826923076923 0.12740384615384615 0.13701923076923078
1 0.22115384615384615 0.546875 0.21394230769230768 0.16826923076923078
1 0.6358173076923077 0.5408653846153846 0.21875 0.16826923076923078
2 0.8677884615384616 0.5408653846153846 0.17548076923076922 0.12740384615384615
2 0.4483173076923077 0.5336538461538461 0.17548076923076922 0.12740384615384615
2 0.7704326923076923 0.43509615384615385 0.19230769230769232 0.14182692307692307
1 0.3329326923076923 0.41586538461538464 0.23076923076923078 0.17307692307692307
1 0.109375 0.4074519230769231 0.21875 0.17067307692307693
1 0.5564903846153846 0.39663461538461536 0.21875 0.17067307692307693
1 0.42427884615384615 0.25961538461538464 0.23076923076923078 0.1778846153846154
2 0.6358173076923077 0.2536057692307692 0.1875 0.1466346153846154