1 0.6009615384615384 0.6021634615384616 0.14423076923076922 0.15144230769230768
1 0.8173076923076923 0.6021634615384616 0.15144230769230768 0.15625
1 0.38461538461538464 0.5685096153846154 0.14903846153846154 0.15384615384615385
1 0.23317307692307693 0.5612980769230769 0.14903846153846154 0.15144230769230768
2 0.8317307692307693 0.4170673076923077 0.1346153846153846 0.13942307692307693
2 0.2776442307692308 0.3713942307692308 0.1346153846153846 0.1346153846153846
2 0.6237980769230769 0.3942307692307692 0.1346153846153846 0.13701923076923078
2 0.4651442307692308 0.3713942307692308 0.1346153846153846 0.1346153846153846
2 0.6129807692307693 0.2439903846153846 0.1346153846153846 0.13701923076923078
2 0.2860576923076923 0.22115384615384615 0.1346153846153846 0.1346153846153846
2 0.45072115384615385 0.21634615384615385 0.12980769230769232 0.13221153846153846
2 0.8317307692307693 0.234375 0.1346153846153846 0.13942307692307693
1 0.7800480769230769 0.7896634615384616 0.15144230769230768 0.15625
1 0.578125 0.7451923076923077 0.15144230769230768 0.14423076923076922
1 0.2403846153846154 0.7103365384615384 0.1466346153846154 0.15144230769230768
1 0.38221153846153844 0.7211538461538461 0.14903846153846154 0.15144230769230768