2 0.7355769230769231 0.6538461538461539 0.15384615384615385 0.15625
2 0.5913461538461539 0.6382211538461539 0.14903846153846154 0.15384615384615385
1 0.43990384615384615 0.609375 0.16826923076923078 0.1778846153846154
1 0.2800480769230769 0.5432692307692307 0.18028846153846154 0.19471153846153846
2 0.8485576923076923 0.5625 0.15625 0.14903846153846154
1 0.7007211538461539 0.5024038461538461 0.1658653846153846 0.1778846153846154
2 0.546875 0.4963942307692308 0.14903846153846154 0.14903846153846154
1 0.8329326923076923 0.4074519230769231 0.16826923076923078 0.1658653846153846
1 0.45913461538461536 0.36658653846153844 0.16826923076923078 0.17307692307692307
1 0.6225961538461539 0.3629807692307692 0.17307692307692307 0.1778846153846154
2 0.2824519230769231 0.3389423076923077 0.1658653846153846 0.1658653846153846
2 0.7475961538461539 0.26802884615384615 0.15625 0.15384615384615385
1 0.38822115384615385 0.20192307692307693 0.17307692307692307 0.1778846153846154
2 0.5721153846153846 0.20432692307692307 0.15384615384615385 0.16346153846153846
2 0.5084134615384616 0.7608173076923077 0.15625 0.1658653846153846
1 0.3245192307692308 0.7415865384615384 0.1875 0.18028846153846154