3 0.33774038461538464 0.4651442307692308 0.21634615384615385 0.21634615384615385
2 0.2932692307692308 0.7776442307692307 0.16826923076923078 0.16826923076923078
2 0.34375 0.6298076923076923 0.17067307692307693 0.16826923076923078
2 0.4326923076923077 0.17307692307692307 0.17067307692307693 0.1778846153846154
2 0.41225961538461536 0.33052884615384615 0.16346153846153846 0.1658653846153846
3 0.45072115384615385 0.7512019230769231 0.21875 0.22115384615384615
3 0.48677884615384615 0.5612980769230769 0.21875 0.22115384615384615
3 0.5721153846153846 0.2403846153846154 0.21634615384615385 0.22115384615384615
2 0.5444711538461539 0.4050480769230769 0.18269230769230768 0.18990384615384615
2 0.6153846153846154 0.6983173076923077 0.18509615384615385 0.17548076923076922
3 0.6658653846153846 0.5264423076923077 0.21875 0.22115384615384615
3 0.734375 0.3425480769230769 0.22596153846153846 0.21875
2 0.17668269230769232 0.5036057692307693 0.1658653846153846 0.16346153846153846
2 0.20793269230769232 0.3641826923076923 0.1658653846153846 0.16826923076923078
3 0.19110576923076922 0.6598557692307693 0.19951923076923078 0.21394230769230768
3 0.27403846153846156 0.21875 0.21634615384615385 0.21394230769230768