3 0.640625 0.6153846153846154 0.22355769230769232 0.22115384615384615
3 0.6009615384615384 0.8461538461538461 0.22596153846153846 0.22596153846153846
2 0.6634615384615384 0.3762019230769231 0.18269230769230768 0.1778846153846154
2 0.6814903846153846 0.20673076923076922 0.18509615384615385 0.18509615384615385
3 0.44350961538461536 0.6033653846153846 0.2283653846153846 0.22596153846153846
3 0.38461538461538464 0.8221153846153846 0.23076923076923078 0.2283653846153846
2 0.4519230769230769 0.3641826923076923 0.19230769230769232 0.18509615384615385
2 0.4579326923076923 0.18389423076923078 0.19230769230769232 0.19230769230769232
3 0.1466346153846154 0.8461538461538461 0.23798076923076922 0.23798076923076922
3 0.1875 0.5793269230769231 0.24519230769230768 0.23557692307692307
2 0.19831730769230768 0.33533653846153844 0.1971153846153846 0.1875
2 0.19951923076923078 0.13822115384615385 0.20192307692307693 0.19471153846153846
3 0.8377403846153846 0.6622596153846154 0.21875 0.22115384615384615
3 0.8016826923076923 0.8569711538461539 0.2091346153846154 0.21394230769230768
2 0.8665865384615384 0.3858173076923077 0.17307692307692307 0.17307692307692307
2 0.8737980769230769 0.22235576923076922 0.17307692307692307 0.17307692307692307