3 0.24519230769230768 0.2920673076923077 0.19471153846153846 0.19951923076923078
3 0.44591346153846156 0.32091346153846156 0.19471153846153846 0.19471153846153846
2 0.8365384615384616 0.4014423076923077 0.15865384615384615 0.16346153846153846
2 0.6466346153846154 0.3894230769230769 0.16346153846153846 0.15865384615384615
3 0.2247596153846154 0.4855769230769231 0.1971153846153846 0.19951923076923078
3 0.42908653846153844 0.5144230769230769 0.20192307692307693 0.20432692307692307
2 0.6322115384615384 0.5612980769230769 0.1658653846153846 0.16346153846153846
2 0.8125 0.5997596153846154 0.17307692307692307 0.17307692307692307
3 0.18990384615384615 0.6959134615384616 0.19951923076923078 0.20432692307692307
3 0.3918269230769231 0.7223557692307693 0.1971153846153846 0.2091346153846154
2 0.5913461538461539 0.7524038461538461 0.16826923076923078 0.16346153846153846
2 0.7920673076923077 0.7860576923076923 0.17307692307692307 0.17307692307692307
3 0.2860576923076923 0.10697115384615384 0.18990384615384615 0.1875
3 0.4699519230769231 0.13581730769230768 0.19230769230769232 0.19471153846153846
2 0.6850961538461539 0.1935096153846154 0.15865384615384615 0.15865384615384615
2 0.8509615384615384 0.2283653846153846 0.16346153846153846 0.15865384615384615