2 0.33052884615384615 0.18629807692307693 0.15144230769230768 0.14903846153846154
2 0.33653846153846156 0.5853365384615384 0.15144230769230768 0.13942307692307693
2 0.34134615384615385 0.40384615384615385 0.13942307692307693 0.13942307692307693
2 0.35336538461538464 0.7788461538461539 0.14423076923076922 0.1346153846153846
1 0.5564903846153846 0.15625 0.15384615384615385 0.16105769230769232
1 0.578125 0.7920673076923077 0.15625 0.16105769230769232
1 0.5865384615384616 0.36538461538461536 0.16826923076923078 0.15384615384615385
1 0.6069711538461539 0.5673076923076923 0.15625 0.15144230769230768
1 0.7704326923076923 0.13942307692307693 0.17307692307692307 0.15384615384615385
1 0.7836538461538461 0.7872596153846154 0.16826923076923078 0.15865384615384615
1 0.7920673076923077 0.3545673076923077 0.15625 0.15625
1 0.7920673076923077 0.5673076923076923 0.15625 0.15144230769230768
2 0.14903846153846154 0.18629807692307693 0.13942307692307693 0.13942307692307693
2 0.17427884615384615 0.4014423076923077 0.15144230769230768 0.13942307692307693
2 0.18269230769230768 0.7740384615384616 0.15144230769230768 0.1346153846153846
2 0.1875 0.578125 0.14423076923076922 0.14423076923076922