3 0.5973557692307693 0.43028846153846156 0.21153846153846154 0.21875
3 0.5709134615384616 0.19471153846153846 0.20673076923076922 0.21875
2 0.5697115384615384 0.6466346153846154 0.1658653846153846 0.17548076923076922
2 0.5853365384615384 0.8329326923076923 0.1778846153846154 0.18509615384615385
3 0.3762019230769231 0.1935096153846154 0.2091346153846154 0.23557692307692307
3 0.40024038461538464 0.4483173076923077 0.21875 0.20673076923076922
2 0.4050480769230769 0.8569711538461539 0.18509615384615385 0.18028846153846154
2 0.3786057692307692 0.6526442307692307 0.18509615384615385 0.1778846153846154
2 0.203125 0.6887019230769231 0.18509615384615385 0.1778846153846154
2 0.21514423076923078 0.8677884615384616 0.18990384615384615 0.19471153846153846
3 0.13221153846153846 0.1971153846153846 0.2283653846153846 0.23317307692307693
3 0.15144230769230768 0.4855769230769231 0.23076923076923078 0.22596153846153846
3 0.796875 0.39302884615384615 0.20192307692307693 0.20673076923076922
3 0.7728365384615384 0.1814903846153846 0.20673076923076922 0.20432692307692307
2 0.765625 0.8052884615384616 0.17307692307692307 0.17067307692307693
2 0.7331730769230769 0.6225961538461539 0.16105769230769232 0.17307692307692307