2 0.3004807692307692 0.2512019230769231 0.12259615384615384 0.12980769230769232
2 0.3161057692307692 0.48197115384615385 0.11538461538461539 0.11057692307692307
3 0.35216346153846156 0.7151442307692307 0.13701923076923078 0.1346153846153846
2 0.37259615384615385 0.3858173076923077 0.11538461538461539 0.11538461538461539
2 0.41225961538461536 0.6117788461538461 0.11057692307692307 0.10576923076923077
2 0.4170673076923077 0.26802884615384615 0.12259615384615384 0.12259615384615384
3 0.44711538461538464 0.49158653846153844 0.13942307692307693 0.13942307692307693
2 0.47115384615384615 0.7584134615384616 0.10817307692307693 0.10096153846153846
3 0.5108173076923077 0.36658653846153844 0.14423076923076922 0.14423076923076922
3 0.5504807692307693 0.5889423076923077 0.13942307692307693 0.1346153846153846
3 0.5829326923076923 0.7151442307692307 0.13942307692307693 0.12259615384615384
2 0.6141826923076923 0.2800480769230769 0.12259615384615384 0.125
2 0.6225961538461539 0.48677884615384615 0.11538461538461539 0.11057692307692307
3 0.6911057692307693 0.6141826923076923 0.14423076923076922 0.1346153846153846
3 0.7295673076923077 0.40865384615384615 0.15865384615384615 0.1466346153846154
3 0.28725961538461536 0.5997596153846154 0.14903846153846154 0.12980769230769232