1 0.5889423076923077 0.6346153846153846 0.14903846153846154 0.1466346153846154
1 0.5360576923076923 0.8269230769230769 0.15625 0.15144230769230768
1 0.6069711538461539 0.4338942307692308 0.15625 0.15144230769230768
1 0.6298076923076923 0.29447115384615385 0.15144230769230768 0.15144230769230768
2 0.3701923076923077 0.8004807692307693 0.13942307692307693 0.1346153846153846
2 0.453125 0.2932692307692308 0.13701923076923078 0.1346153846153846
2 0.39663461538461536 0.609375 0.13942307692307693 0.1346153846153846
2 0.4110576923076923 0.46153846153846156 0.13701923076923078 0.1346153846153846
2 0.2644230769230769 0.5661057692307693 0.13942307692307693 0.1346153846153846
2 0.3137019230769231 0.265625 0.1346153846153846 0.1346153846153846
2 0.27283653846153844 0.41346153846153844 0.13221153846153846 0.12980769230769232
2 0.20673076923076922 0.7596153846153846 0.13942307692307693 0.1346153846153846
1 0.7163461538461539 0.8377403846153846 0.15625 0.15384615384615385
1 0.7199519230769231 0.6466346153846154 0.1466346153846154 0.14903846153846154
1 0.765625 0.33413461538461536 0.14903846153846154 0.1466346153846154
1 0.7427884615384616 0.4651442307692308 0.15144230769230768 0.15144230769230768