2 0.7860576923076923 0.3798076923076923 0.1466346153846154 0.14903846153846154
2 0.3918269230769231 0.3870192307692308 0.13942307692307693 0.14903846153846154
2 0.5721153846153846 0.3894230769230769 0.13942307692307693 0.13942307692307693
2 0.203125 0.4014423076923077 0.1346153846153846 0.14182692307692307
1 0.8137019230769231 0.6033653846153846 0.16105769230769232 0.15144230769230768
1 0.18990384615384615 0.6237980769230769 0.15865384615384615 0.15625
1 0.609375 0.6310096153846154 0.15144230769230768 0.16346153846153846
1 0.4098557692307692 0.6514423076923077 0.14903846153846154 0.15384615384615385
1 0.8317307692307693 0.8125 0.15144230769230768 0.16826923076923078
1 0.19471153846153846 0.8257211538461539 0.15384615384615385 0.16346153846153846
1 0.6189903846153846 0.8329326923076923 0.15625 0.15384615384615385
1 0.4098557692307692 0.8353365384615384 0.14903846153846154 0.15384615384615385
2 0.7860576923076923 0.20072115384615385 0.1346153846153846 0.14182692307692307
2 0.5745192307692307 0.2283653846153846 0.13942307692307693 0.14903846153846154
2 0.20793269230769232 0.23317307692307693 0.1346153846153846 0.14903846153846154
2 0.40024038461538464 0.23798076923076922 0.14423076923076922 0.14423076923076922