3 0.41225961538461536 0.7992788461538461 0.20432692307692307 0.20432692307692307
2 0.38461538461538464 0.1935096153846154 0.18028846153846154 0.17307692307692307
3 0.4254807692307692 0.5625 0.20432692307692307 0.20192307692307693
2 0.4110576923076923 0.38461538461538464 0.15865384615384615 0.17307692307692307
3 0.5973557692307693 0.7992788461538461 0.20192307692307693 0.20432692307692307
2 0.5865384615384616 0.1778846153846154 0.16826923076923078 0.17307692307692307
3 0.6225961538461539 0.5817307692307693 0.20192307692307693 0.20192307692307693
2 0.6189903846153846 0.35336538461538464 0.16105769230769232 0.16826923076923078
3 0.8545673076923077 0.7800480769230769 0.21153846153846154 0.1971153846153846
3 0.8461538461538461 0.5721153846153846 0.21153846153846154 0.19951923076923078
2 0.8293269230769231 0.3401442307692308 0.16826923076923078 0.15625
2 0.8137019230769231 0.15865384615384615 0.16826923076923078 0.15625
3 0.18870192307692307 0.5961538461538461 0.21394230769230768 0.20673076923076922
3 0.21634615384615385 0.8197115384615384 0.20673076923076922 0.20673076923076922
2 0.22235576923076922 0.39302884615384615 0.17307692307692307 0.17307692307692307
2 0.21634615384615385 0.21033653846153846 0.17067307692307693 0.17067307692307693