3 0.34375 0.1658653846153846 0.21153846153846154 0.20432692307692307
3 0.32572115384615385 0.38221153846153844 0.20673076923076922 0.20673076923076922
2 0.31490384615384615 0.8076923076923077 0.17067307692307693 0.1658653846153846
2 0.34975961538461536 0.6069711538461539 0.1658653846153846 0.17067307692307693
3 0.5492788461538461 0.1935096153846154 0.21394230769230768 0.20673076923076922
3 0.53125 0.4110576923076923 0.21394230769230768 0.21153846153846154
2 0.5300480769230769 0.6346153846153846 0.17307692307692307 0.17307692307692307
2 0.5276442307692307 0.8329326923076923 0.18509615384615385 0.18509615384615385
3 0.7788461538461539 0.2091346153846154 0.22115384615384615 0.2091346153846154
3 0.7572115384615384 0.421875 0.22115384615384615 0.20673076923076922
2 0.7391826923076923 0.6370192307692307 0.17307692307692307 0.17548076923076922
2 0.7271634615384616 0.8533653846153846 0.18509615384615385 0.18509615384615385
3 0.14182692307692307 0.16346153846153846 0.19951923076923078 0.19951923076923078
3 0.12620192307692307 0.3629807692307692 0.20673076923076922 0.20432692307692307
2 0.13701923076923078 0.6009615384615384 0.1658653846153846 0.1658653846153846
2 0.13221153846153846 0.7824519230769231 0.1658653846153846 0.17067307692307693