2 0.44711538461538464 0.4266826923076923 0.15144230769230768 0.1466346153846154
2 0.46274038461538464 0.25 0.1466346153846154 0.1466346153846154
2 0.4411057692307692 0.6033653846153846 0.16105769230769232 0.15144230769230768
2 0.4338942307692308 0.8052884615384616 0.15144230769230768 0.15144230769230768
1 0.6658653846153846 0.2668269230769231 0.16105769230769232 0.16105769230769232
1 0.6526442307692307 0.44591346153846156 0.16105769230769232 0.16105769230769232
1 0.6394230769230769 0.6358173076923077 0.16105769230769232 0.1658653846153846
1 0.625 0.8473557692307693 0.1658653846153846 0.1658653846153846
1 0.8497596153846154 0.2920673076923077 0.15625 0.15144230769230768
1 0.8161057692307693 0.8786057692307693 0.17067307692307693 0.16826923076923078
1 0.8425480769230769 0.6502403846153846 0.16826923076923078 0.17548076923076922
1 0.8653846153846154 0.44471153846153844 0.1658653846153846 0.1658653846153846
2 0.23197115384615385 0.6081730769230769 0.15144230769230768 0.15144230769230768
2 0.2668269230769231 0.22716346153846154 0.15625 0.1466346153846154
2 0.22355769230769232 0.8173076923076923 0.15625 0.15144230769230768
2 0.2692307692307692 0.4326923076923077 0.15625 0.1466346153846154