2 0.7668269230769231 0.32211538461538464 0.12740384615384615 0.1201923076923077
2 0.5504807692307693 0.34375 0.11057692307692307 0.11538461538461539
3 0.33052884615384615 0.3894230769230769 0.12980769230769232 0.1346153846153846
2 0.6442307692307693 0.3942307692307692 0.11538461538461539 0.11538461538461539
2 0.4326923076923077 0.43990384615384615 0.10576923076923077 0.10817307692307693
2 0.7560096153846154 0.4338942307692308 0.1201923076923077 0.1201923076923077
3 0.5444711538461539 0.47115384615384615 0.1346153846153846 0.1346153846153846
2 0.296875 0.5 0.0985576923076923 0.10336538461538461
3 0.6646634615384616 0.5240384615384616 0.13942307692307693 0.13942307692307693
3 0.4579326923076923 0.5721153846153846 0.1346153846153846 0.1346153846153846
3 0.3401442307692308 0.6045673076923077 0.1201923076923077 0.1346153846153846
2 0.75 0.6225961538461539 0.12259615384615384 0.1201923076923077
2 0.5576923076923077 0.6358173076923077 0.11057692307692307 0.11538461538461539
3 0.4362980769230769 0.703125 0.12980769230769232 0.13942307692307693
3 0.6358173076923077 0.7355769230769231 0.14423076923076922 0.15384615384615385
3 0.43990384615384615 0.3245192307692308 0.12740384615384615 0.14423076923076922