3 0.640625 0.8317307692307693 0.23317307692307693 0.23798076923076922
3 0.6778846153846154 0.6045673076923077 0.23317307692307693 0.23557692307692307
2 0.7199519230769231 0.16466346153846154 0.19471153846153846 0.18990384615384615
2 0.6730769230769231 0.36538461538461536 0.1875 0.1875
3 0.4254807692307692 0.7872596153846154 0.2403846153846154 0.24519230769230768
3 0.46033653846153844 0.5540865384615384 0.23557692307692307 0.23798076923076922
2 0.48677884615384615 0.328125 0.18990384615384615 0.18990384615384615
2 0.5084134615384616 0.12259615384615384 0.18990384615384615 0.19471153846153846
3 0.234375 0.5252403846153846 0.2403846153846154 0.24519230769230768
2 0.26802884615384615 0.30408653846153844 0.18990384615384615 0.18990384615384615
3 0.18389423076923078 0.7560096153846154 0.23557692307692307 0.23076923076923078
2 0.296875 0.08653846153846154 0.18990384615384615 0.17307692307692307
3 0.8497596153846154 0.8425480769230769 0.22355769230769232 0.2283653846153846
3 0.8798076923076923 0.6382211538461539 0.23076923076923078 0.23076923076923078
2 0.8942307692307693 0.39302884615384615 0.1778846153846154 0.18269230769230768
2 0.9098557692307693 0.20072115384615385 0.18028846153846154 0.19471153846153846