2 0.4387019230769231 0.7956730769230769 0.1658653846153846 0.1346153846153846
2 0.22115384615384615 0.6959134615384616 0.16826923076923078 0.13701923076923078
3 0.5745192307692307 0.71875 0.21875 0.17307692307692307
3 0.38461538461538464 0.6706730769230769 0.20673076923076922 0.15625
2 0.7884615384615384 0.7139423076923077 0.17067307692307693 0.13221153846153846
2 0.0829326923076923 0.5372596153846154 0.1658653846153846 0.14182692307692307
3 0.2536057692307692 0.5516826923076923 0.21394230769230768 0.16346153846153846
3 0.6478365384615384 0.5913461538461539 0.21875 0.17307692307692307
2 0.8689903846153846 0.6105769230769231 0.1778846153846154 0.13942307692307693
2 0.4675480769230769 0.5600961538461539 0.18028846153846154 0.13701923076923078
2 0.7872596153846154 0.5012019230769231 0.1875 0.14182692307692307
3 0.37740384615384615 0.4411057692307692 0.22355769230769232 0.1778846153846154
3 0.16105769230769232 0.41225961538461536 0.22355769230769232 0.1778846153846154
3 0.5877403846153846 0.44471153846153844 0.22355769230769232 0.17307692307692307
3 0.4699519230769231 0.3004807692307692 0.23557692307692307 0.1875
2 0.671875 0.31009615384615385 0.19471153846153846 0.16105769230769232