2 0.6586538461538461 0.24158653846153846 0.14903846153846154 0.14903846153846154
3 0.6141826923076923 0.5721153846153846 0.1875 0.18269230769230768
3 0.5961538461538461 0.39783653846153844 0.19471153846153846 0.18269230769230768
2 0.5132211538461539 0.7079326923076923 0.15144230769230768 0.16105769230769232
2 0.5408653846153846 0.18870192307692307 0.13942307692307693 0.14903846153846154
2 0.46274038461538464 0.5745192307692307 0.15384615384615385 0.15144230769230768
3 0.453125 0.3016826923076923 0.19230769230769232 0.1875
2 0.35697115384615385 0.6586538461538461 0.1466346153846154 0.16105769230769232
3 0.3605769230769231 0.4495192307692308 0.20192307692307693 0.18990384615384615
2 0.3016826923076923 0.2668269230769231 0.16346153846153846 0.15865384615384615
2 0.22235576923076922 0.7475961538461539 0.1658653846153846 0.16826923076923078
3 0.22115384615384615 0.5637019230769231 0.2091346153846154 0.2091346153846154
3 0.17067307692307693 0.36778846153846156 0.21153846153846154 0.19471153846153846
2 0.7536057692307693 0.5324519230769231 0.14423076923076922 0.14903846153846154
3 0.7512019230769231 0.375 0.18990384615384615 0.1875
3 0.6574519230769231 0.7439903846153846 0.19951923076923078 0.20192307692307693