2 0.35216346153846156 0.3233173076923077 0.15144230769230768 0.14903846153846154
2 0.36778846153846156 0.4639423076923077 0.14903846153846154 0.1466346153846154
1 0.3942307692307692 0.6117788461538461 0.17307692307692307 0.16346153846153846
1 0.46033653846153844 0.7680288461538461 0.18990384615384615 0.17548076923076922
2 0.4411057692307692 0.2127403846153846 0.14423076923076922 0.15144230769230768
1 0.5 0.3581730769230769 0.17307692307692307 0.16346153846153846
2 0.5048076923076923 0.5072115384615384 0.1466346153846154 0.1466346153846154
1 0.5913461538461539 0.2283653846153846 0.16346153846153846 0.16346153846153846
1 0.6334134615384616 0.5925480769230769 0.16826923076923078 0.16346153846153846
1 0.6346153846153846 0.4338942307692308 0.17307692307692307 0.16826923076923078
2 0.6598557692307693 0.765625 0.16346153846153846 0.16346153846153846
2 0.7283653846153846 0.3112980769230769 0.14903846153846154 0.15144230769230768
1 0.7932692307692307 0.6634615384615384 0.17307692307692307 0.16826923076923078
2 0.7908653846153846 0.484375 0.15865384615384615 0.14903846153846154
2 0.24759615384615385 0.5444711538461539 0.16346153846153846 0.15144230769230768
1 0.265625 0.7235576923076923 0.17548076923076922 0.18269230769230768