2 0.6081730769230769 0.1346153846153846 0.16346153846153846 0.17067307692307693
1 0.6574519230769231 0.4807692307692308 0.19471153846153846 0.19471153846153846
2 0.6610576923076923 0.734375 0.16826923076923078 0.17067307692307693
2 0.6814903846153846 0.8858173076923077 0.16826923076923078 0.17067307692307693
2 0.5552884615384616 0.2704326923076923 0.17307692307692307 0.1778846153846154
1 0.5108173076923077 0.41947115384615385 0.19471153846153846 0.19471153846153846
2 0.45552884615384615 0.13942307692307693 0.18269230769230768 0.18509615384615385
2 0.5288461538461539 0.5733173076923077 0.17067307692307693 0.18028846153846154
1 0.5096153846153846 0.7295673076923077 0.19471153846153846 0.19471153846153846
1 0.5288461538461539 0.8978365384615384 0.20192307692307693 0.20432692307692307
1 0.39783653846153844 0.29086538461538464 0.1971153846153846 0.20432692307692307
1 0.3641826923076923 0.5084134615384616 0.20192307692307693 0.20432692307692307
2 0.3713942307692308 0.6706730769230769 0.18269230769230768 0.18509615384615385
1 0.23677884615384615 0.21394230769230768 0.20673076923076922 0.21394230769230768
2 0.25841346153846156 0.38100961538461536 0.18509615384615385 0.18269230769230768
1 0.3329326923076923 0.8521634615384616 0.21153846153846154 0.20673076923076922
1 0.20192307692307693 0.6610576923076923 0.22115384615384615 0.21394230769230768
2 0.10336538461538461 0.3245192307692308 0.1971153846153846 0.18509615384615385
1 0.12860576923076922 0.4963942307692308 0.21875 0.20432692307692307
1 0.8641826923076923 0.2824519230769231 0.1778846153846154 0.18269230769230768
2 0.8725961538461539 0.5685096153846154 0.15384615384615385 0.16346153846153846
1 0.8137019230769231 0.4338942307692308 0.18028846153846154 0.18509615384615385
2 0.7463942307692307 0.18269230769230768 0.15384615384615385 0.16346153846153846
2 0.7992788461538461 0.734375 0.16105769230769232 0.1658653846153846
1 0.6959134615384616 0.3245192307692308 0.1875 0.18990384615384615
2 0.7367788461538461 0.6057692307692307 0.16346153846153846 0.1658653846153846