2 0.5348557692307693 0.7487980769230769 0.16105769230769232 0.125
2 0.7451923076923077 0.6574519230769231 0.1658653846153846 0.12980769230769232
1 0.4050480769230769 0.671875 0.20673076923076922 0.17307692307692307
1 0.59375 0.6310096153846154 0.21153846153846154 0.16346153846153846
2 0.20432692307692307 0.6598557692307693 0.17548076923076922 0.13221153846153846
2 0.8834134615384616 0.5096153846153846 0.17307692307692307 0.14182692307692307
1 0.7163461538461539 0.5192307692307693 0.20673076923076922 0.16826923076923078
1 0.3389423076923077 0.546875 0.21153846153846154 0.16826923076923078
2 0.12860576923076922 0.5673076923076923 0.17067307692307693 0.13221153846153846
2 0.5120192307692307 0.5240384615384616 0.17067307692307693 0.13221153846153846
2 0.2091346153846154 0.45913461538461536 0.18509615384615385 0.14423076923076922
1 0.6081730769230769 0.40865384615384615 0.22115384615384615 0.17548076923076922
1 0.8088942307692307 0.38461538461538464 0.21634615384615385 0.17067307692307693
1 0.4014423076923077 0.4074519230769231 0.21153846153846154 0.17067307692307693
1 0.5120192307692307 0.27524038461538464 0.22355769230769232 0.18028846153846154
2 0.31850961538461536 0.28365384615384615 0.18269230769230768 0.1466346153846154