2 0.30408653846153844 0.10336538461538461 0.15144230769230768 0.1658653846153846
1 0.2848557692307692 0.4483173076923077 0.18028846153846154 0.18028846153846154
2 0.30288461538461536 0.7019230769230769 0.15625 0.16105769230769232
2 0.296875 0.8545673076923077 0.15384615384615385 0.16105769230769232
2 0.36778846153846156 0.23317307692307693 0.16346153846153846 0.1658653846153846
1 0.4254807692307692 0.3762019230769231 0.18028846153846154 0.18269230769230768
2 0.4543269230769231 0.09254807692307693 0.16826923076923078 0.17067307692307693
2 0.41947115384615385 0.5288461538461539 0.15865384615384615 0.17067307692307693
1 0.45072115384615385 0.6862980769230769 0.18028846153846154 0.18028846153846154
1 0.44711538461538464 0.8521634615384616 0.18509615384615385 0.19230769230769232
1 0.5252403846153846 0.24158653846153846 0.18028846153846154 0.19230769230769232
1 0.5769230769230769 0.453125 0.18509615384615385 0.19230769230769232
2 0.5841346153846154 0.6141826923076923 0.16826923076923078 0.17067307692307693
1 0.6778846153846154 0.15264423076923078 0.19230769230769232 0.1971153846153846
2 0.671875 0.3161057692307692 0.17067307692307693 0.16826923076923078
1 0.6382211538461539 0.7908653846153846 0.1971153846153846 0.19230769230769232
1 0.7524038461538461 0.5901442307692307 0.20673076923076922 0.19951923076923078
2 0.8197115384615384 0.24879807692307693 0.18269230769230768 0.17067307692307693
1 0.8100961538461539 0.4182692307692308 0.20673076923076922 0.19230769230769232
1 0.078125 0.27403846153846156 0.1346153846153846 0.16826923076923078
2 0.07932692307692307 0.5576923076923077 0.14182692307692307 0.15384615384615385
1 0.125 0.41947115384615385 0.16826923076923078 0.17067307692307693
2 0.16947115384615385 0.16466346153846154 0.14182692307692307 0.15384615384615385
2 0.16706730769230768 0.7115384615384616 0.14903846153846154 0.15625
1 0.23317307692307693 0.3004807692307692 0.17548076923076922 0.1778846153846154
2 0.21634615384615385 0.5829326923076923 0.15144230769230768 0.15625