2 0.40384615384615385 0.8028846153846154 0.17067307692307693 0.13701923076923078
2 0.16826923076923078 0.7103365384615384 0.18028846153846154 0.13942307692307693
1 0.546875 0.7127403846153846 0.22355769230769232 0.18509615384615385
1 0.33533653846153844 0.6754807692307693 0.23076923076923078 0.17307692307692307
2 0.7692307692307693 0.6923076923076923 0.18990384615384615 0.13701923076923078
2 0.052884615384615384 0.5528846153846154 0.10576923076923077 0.14423076923076922
1 0.19591346153846154 0.5552884615384616 0.22596153846153846 0.1778846153846154
1 0.6141826923076923 0.5721153846153846 0.2283653846153846 0.1778846153846154
2 0.8497596153846154 0.5841346153846154 0.18269230769230768 0.13701923076923078
2 0.421875 0.5528846153846154 0.18269230769230768 0.13701923076923078
2 0.7548076923076923 0.4699519230769231 0.20192307692307693 0.15144230769230768
1 0.3125 0.42908653846153844 0.24278846153846154 0.1875
1 0.10216346153846154 0.4098557692307692 0.20432692307692307 0.18028846153846154
1 0.5420673076923077 0.4182692307692308 0.23317307692307693 0.18269230769230768
1 0.41346153846153844 0.2764423076923077 0.24278846153846154 0.19230769230769232
2 0.625 0.27884615384615385 0.1971153846153846 0.15625