3 0.6923076923076923 0.6622596153846154 0.23317307692307693 0.23557692307692307
2 0.6117788461538461 0.3485576923076923 0.19230769230769232 0.19230769230769232
2 0.5576923076923077 0.14423076923076922 0.19951923076923078 0.20432692307692307
3 0.53125 0.90625 0.23076923076923078 0.1875
3 0.484375 0.6754807692307693 0.23798076923076922 0.23798076923076922
2 0.4050480769230769 0.40384615384615385 0.19951923076923078 0.20432692307692307
2 0.328125 0.1935096153846154 0.19951923076923078 0.21394230769230768
3 0.28846153846153844 0.9314903846153846 0.23557692307692307 0.13701923076923078
3 0.2512019230769231 0.7403846153846154 0.25961538461538464 0.25240384615384615
2 0.14903846153846154 0.4795673076923077 0.21153846153846154 0.20432692307692307
2 0.0985576923076923 0.24519230769230768 0.1971153846153846 0.21153846153846154
3 0.9158653846153846 0.8329326923076923 0.16826923076923078 0.21875
3 0.8930288461538461 0.6081730769230769 0.21394230769230768 0.22596153846153846
2 0.7680288461538461 0.09615384615384616 0.19471153846153846 0.19230769230769232
2 0.7992788461538461 0.32211538461538464 0.18509615384615385 0.18509615384615385
3 0.7475961538461539 0.8665865384615384 0.2283653846153846 0.22355769230769232