2 0.4411057692307692 0.4254807692307692 0.15144230769230768 0.1466346153846154
2 0.4579326923076923 0.24519230769230768 0.14903846153846154 0.1466346153846154
2 0.43509615384615385 0.6057692307692307 0.16105769230769232 0.15144230769230768
2 0.43028846153846156 0.8100961538461539 0.15144230769230768 0.15144230769230768
1 0.6658653846153846 0.26322115384615385 0.1658653846153846 0.16105769230769232
1 0.6514423076923077 0.44471153846153844 0.16105769230769232 0.1658653846153846
1 0.6382211538461539 0.6370192307692307 0.16105769230769232 0.1658653846153846
1 0.6237980769230769 0.8533653846153846 0.17307692307692307 0.17307692307692307
1 0.8521634615384616 0.28725961538461536 0.16105769230769232 0.15144230769230768
1 0.8173076923076923 0.8822115384615384 0.17307692307692307 0.17307692307692307
1 0.8425480769230769 0.6526442307692307 0.16826923076923078 0.1778846153846154
1 0.8665865384615384 0.44471153846153844 0.16826923076923078 0.17067307692307693
2 0.22235576923076922 0.6081730769230769 0.15625 0.15144230769230768
2 0.25841346153846156 0.22355769230769232 0.15625 0.1466346153846154
2 0.21514423076923078 0.8221153846153846 0.16105769230769232 0.15625
2 0.26322115384615385 0.43149038461538464 0.16105769230769232 0.1466346153846154