3 0.4098557692307692 0.6682692307692307 0.19471153846153846 0.19230769230769232
2 0.6911057692307693 0.6201923076923077 0.15865384615384615 0.15865384615384615
2 0.875 0.5889423076923077 0.16826923076923078 0.16346153846153846
3 0.18509615384615385 0.5084134615384616 0.19471153846153846 0.19471153846153846
3 0.41346153846153844 0.484375 0.19471153846153846 0.1971153846153846
2 0.6598557692307693 0.4338942307692308 0.17067307692307693 0.1658653846153846
2 0.8497596153846154 0.38341346153846156 0.1778846153846154 0.1658653846153846
3 0.15625 0.2920673076923077 0.19951923076923078 0.19951923076923078
3 0.375 0.27283653846153844 0.20673076923076922 0.21634615384615385
2 0.6129807692307693 0.20432692307692307 0.16826923076923078 0.17307692307692307
2 0.8209134615384616 0.17067307692307693 0.17548076923076922 0.18028846153846154
3 0.23557692307692307 0.875 0.18990384615384615 0.18028846153846154
3 0.43990384615384615 0.8533653846153846 0.18509615384615385 0.18269230769230768
2 0.9050480769230769 0.7776442307692307 0.1658653846153846 0.15865384615384615
2 0.7019230769230769 0.7884615384615384 0.15384615384615385 0.15384615384615385
3 0.22115384615384615 0.7019230769230769 0.19471153846153846 0.1875