3 0.8016826923076923 0.3473557692307692 0.1875 0.19471153846153846
3 0.5961538461538461 0.33774038461538464 0.18990384615384615 0.18990384615384615
2 0.19110576923076922 0.3425480769230769 0.15384615384615385 0.15865384615384615
2 0.38221153846153844 0.36778846153846156 0.15865384615384615 0.15384615384615385
3 0.7824519230769231 0.5432692307692307 0.18990384615384615 0.1971153846153846
3 0.5745192307692307 0.5336538461538461 0.19471153846153846 0.1971153846153846
2 0.36177884615384615 0.5396634615384616 0.16105769230769232 0.15865384615384615
2 0.17427884615384615 0.5444711538461539 0.16826923076923078 0.16826923076923078
3 0.7752403846153846 0.7620192307692307 0.19230769230769232 0.20432692307692307
3 0.5721153846153846 0.7487980769230769 0.18990384615384615 0.20432692307692307
2 0.36658653846153844 0.7391826923076923 0.16346153846153846 0.15865384615384615
2 0.16105769230769232 0.734375 0.16826923076923078 0.16826923076923078
3 0.7980769230769231 0.15504807692307693 0.18509615384615385 0.18269230769230768
3 0.6081730769230769 0.14783653846153846 0.1875 0.18990384615384615
2 0.38221153846153844 0.16466346153846154 0.15384615384615385 0.15384615384615385
2 0.20793269230769232 0.16706730769230768 0.15865384615384615 0.15384615384615385