3 0.4855769230769231 0.328125 0.22355769230769232 0.22115384615384615
3 0.7235576923076923 0.3016826923076923 0.22355769230769232 0.21634615384615385
2 0.2764423076923077 0.40625 0.18028846153846154 0.17307692307692307
2 0.09254807692307693 0.43028846153846156 0.18509615384615385 0.18269230769230768
3 0.7692307692307693 0.4951923076923077 0.2403846153846154 0.21634615384615385
3 0.5120192307692307 0.5288461538461539 0.21634615384615385 0.22355769230769232
2 0.1045673076923077 0.6177884615384616 0.1875 0.1875
2 0.3137019230769231 0.5973557692307693 0.18269230769230768 0.1875
2 0.31971153846153844 0.7776442307692307 0.18269230769230768 0.1875
2 0.13822115384615385 0.8088942307692307 0.19951923076923078 0.19471153846153846
3 0.8221153846153846 0.7367788461538461 0.2403846153846154 0.23557692307692307
3 0.5324519230769231 0.7836538461538461 0.23076923076923078 0.2403846153846154
3 0.47596153846153844 0.12259615384615384 0.21394230769230768 0.2091346153846154
3 0.6911057692307693 0.10336538461538461 0.2091346153846154 0.20673076923076922
2 0.08052884615384616 0.24759615384615385 0.16105769230769232 0.1778846153846154
2 0.26322115384615385 0.23798076923076922 0.1778846153846154 0.16346153846153846