2 0.5060096153846154 0.8112980769230769 0.16346153846153846 0.125
2 0.7355769230769231 0.7295673076923077 0.16826923076923078 0.125
1 0.3713942307692308 0.71875 0.20673076923076922 0.17067307692307693
1 0.5757211538461539 0.6911057692307693 0.21634615384615385 0.16105769230769232
2 0.15625 0.6923076923076923 0.1778846153846154 0.12740384615384615
2 0.8942307692307693 0.5817307692307693 0.1778846153846154 0.13701923076923078
1 0.7139423076923077 0.5805288461538461 0.21153846153846154 0.1658653846153846
1 0.31009615384615385 0.5817307692307693 0.21394230769230768 0.1658653846153846
2 0.08533653846153846 0.5865384615384616 0.17067307692307693 0.125
2 0.49759615384615385 0.5685096153846154 0.17307692307692307 0.125
2 0.17908653846153846 0.47716346153846156 0.18990384615384615 0.14182692307692307
1 0.6069711538461539 0.4543269230769231 0.22596153846153846 0.17067307692307693
1 0.8233173076923077 0.4423076923076923 0.22115384615384615 0.16826923076923078
1 0.3870192307692308 0.4362980769230769 0.21634615384615385 0.16826923076923078
1 0.5144230769230769 0.30288461538461536 0.22596153846153846 0.17548076923076922
2 0.31009615384615385 0.2980769230769231 0.18509615384615385 0.1466346153846154