2 0.5120192307692307 0.32211538461538464 0.13942307692307693 0.14423076923076922
1 0.36658653846153844 0.36177884615384615 0.1658653846153846 0.1658653846153846
2 0.6430288461538461 0.37259615384615385 0.14423076923076922 0.14423076923076922
1 0.2439903846153846 0.45552884615384615 0.17307692307692307 0.1658653846153846
1 0.4831730769230769 0.4651442307692308 0.15384615384615385 0.1658653846153846
2 0.6225961538461539 0.5060096153846154 0.14423076923076922 0.14903846153846154
1 0.36899038461538464 0.5697115384615384 0.1658653846153846 0.1658653846153846
2 0.2247596153846154 0.609375 0.14423076923076922 0.14903846153846154
2 0.7259615384615384 0.5973557692307693 0.14423076923076922 0.13942307692307693
1 0.5132211538461539 0.6177884615384616 0.16105769230769232 0.16105769230769232
2 0.4014423076923077 0.7127403846153846 0.13942307692307693 0.13942307692307693
1 0.6370192307692307 0.7115384615384616 0.16346153846153846 0.16105769230769232
2 0.2644230769230769 0.7512019230769231 0.14423076923076922 0.14903846153846154
1 0.5132211538461539 0.8040865384615384 0.16105769230769232 0.1658653846153846
2 0.4170673076923077 0.21514423076923078 0.14423076923076922 0.14423076923076922
1 0.6225961538461539 0.22355769230769232 0.15865384615384615 0.1658653846153846