3 0.7271634615384616 0.5949519230769231 0.22596153846153846 0.2283653846153846
2 0.7391826923076923 0.27403846153846156 0.18509615384615385 0.18509615384615385
2 0.7451923076923077 0.0889423076923077 0.18509615384615385 0.14423076923076922
3 0.4963942307692308 0.8064903846153846 0.2283653846153846 0.2283653846153846
3 0.5228365384615384 0.5504807692307693 0.23076923076923078 0.2283653846153846
2 0.5264423076923077 0.2644230769230769 0.18990384615384615 0.1971153846153846
2 0.5108173076923077 0.07091346153846154 0.18509615384615385 0.14182692307692307
3 0.25 0.7884615384615384 0.23557692307692307 0.23557692307692307
3 0.28125 0.5396634615384616 0.25 0.24278846153846154
2 0.25961538461538464 0.2620192307692308 0.20192307692307693 0.19230769230769232
2 0.26802884615384615 0.06129807692307692 0.20432692307692307 0.12259615384615384
3 0.8918269230769231 0.8317307692307693 0.16346153846153846 0.21153846153846154
3 0.9158653846153846 0.6009615384615384 0.16826923076923078 0.21153846153846154
2 0.9350961538461539 0.10576923076923077 0.12980769230769232 0.125
2 0.9194711538461539 0.3004807692307692 0.16105769230769232 0.1778846153846154
3 0.7199519230769231 0.8100961538461539 0.22115384615384615 0.22596153846153846