3 0.3161057692307692 0.47475961538461536 0.18990384615384615 0.19230769230769232
2 0.32211538461538464 0.7896634615384616 0.1466346153846154 0.14903846153846154
2 0.3485576923076923 0.6358173076923077 0.15384615384615385 0.1466346153846154
2 0.3641826923076923 0.16826923076923078 0.14903846153846154 0.15625
2 0.36899038461538464 0.3293269230769231 0.14423076923076922 0.1466346153846154
3 0.4735576923076923 0.7403846153846154 0.18990384615384615 0.19471153846153846
3 0.47836538461538464 0.5480769230769231 0.18990384615384615 0.19471153846153846
3 0.5132211538461539 0.21394230769230768 0.18509615384615385 0.1971153846153846
2 0.5120192307692307 0.38100961538461536 0.15865384615384615 0.17067307692307693
2 0.6286057692307693 0.6610576923076923 0.16346153846153846 0.15384615384615385
3 0.6514423076923077 0.48197115384615385 0.18990384615384615 0.19471153846153846
3 0.6899038461538461 0.2920673076923077 0.19951923076923078 0.18990384615384615
2 0.1622596153846154 0.5372596153846154 0.1466346153846154 0.14423076923076922
2 0.17067307692307693 0.3954326923076923 0.14423076923076922 0.14903846153846154
3 0.20072115384615385 0.6923076923076923 0.17548076923076922 0.18990384615384615
3 0.21394230769230768 0.23918269230769232 0.18990384615384615 0.18509615384615385