2 0.5444711538461539 0.5420673076923077 0.1466346153846154 0.14182692307692307
2 0.5420673076923077 0.7259615384615384 0.14182692307692307 0.14182692307692307
2 0.5384615384615384 0.3581730769230769 0.15625 0.1466346153846154
2 0.53125 0.14783653846153846 0.1466346153846154 0.1466346153846154
1 0.33052884615384615 0.7223557692307693 0.15625 0.15625
1 0.33052884615384615 0.5372596153846154 0.15625 0.15625
1 0.3317307692307692 0.3389423076923077 0.15625 0.16105769230769232
1 0.3317307692307692 0.11899038461538461 0.16105769230769232 0.16105769230769232
1 0.13942307692307693 0.7091346153846154 0.15144230769230768 0.1466346153846154
1 0.13221153846153846 0.10096153846153846 0.1658653846153846 0.16105769230769232
1 0.1201923076923077 0.33774038461538464 0.16105769230769232 0.17067307692307693
1 0.11057692307692307 0.5516826923076923 0.16105769230769232 0.16105769230769232
2 0.7536057692307693 0.3389423076923077 0.1466346153846154 0.1466346153846154
2 0.7463942307692307 0.734375 0.15144230769230768 0.14182692307692307
2 0.7487980769230769 0.12259615384615384 0.15144230769230768 0.1466346153846154
2 0.7283653846153846 0.5216346153846154 0.15144230769230768 0.14182692307692307