3 0.6177884615384616 0.3233173076923077 0.2091346153846154 0.21153846153846154
3 0.8581730769230769 0.3389423076923077 0.21634615384615385 0.21634615384615385
2 0.36778846153846156 0.3269230769230769 0.17067307692307693 0.17548076923076922
2 0.18990384615384615 0.328125 0.1778846153846154 0.1778846153846154
3 0.625 0.5288461538461539 0.21634615384615385 0.21634615384615385
3 0.8605769230769231 0.5697115384615384 0.21634615384615385 0.22115384615384615
2 0.3762019230769231 0.5492788461538461 0.1778846153846154 0.18269230769230768
2 0.18870192307692307 0.5637019230769231 0.18269230769230768 0.18269230769230768
3 0.8930288461538461 0.8088942307692307 0.19471153846153846 0.2283653846153846
3 0.6310096153846154 0.796875 0.22355769230769232 0.23557692307692307
2 0.3737980769230769 0.8149038461538461 0.18028846153846154 0.1875
2 0.16826923076923078 0.8353365384615384 0.18269230769230768 0.19471153846153846
3 0.6454326923076923 0.11658653846153846 0.21153846153846154 0.20673076923076922
3 0.8485576923076923 0.1310096153846154 0.20432692307692307 0.19951923076923078
2 0.35336538461538464 0.11778846153846154 0.1658653846153846 0.1658653846153846
2 0.18509615384615385 0.12740384615384615 0.1658653846153846 0.1658653846153846