2 0.35216346153846156 0.5096153846153846 0.14182692307692307 0.13701923076923078
1 0.38461538461538464 0.36778846153846156 0.16346153846153846 0.16105769230769232
2 0.4098557692307692 0.640625 0.14182692307692307 0.14182692307692307
1 0.4723557692307692 0.23677884615384615 0.16346153846153846 0.17067307692307693
1 0.4951923076923077 0.47475961538461536 0.16105769230769232 0.15144230769230768
2 0.5432692307692307 0.6141826923076923 0.1466346153846154 0.14182692307692307
1 0.5925480769230769 0.359375 0.16105769230769232 0.16105769230769232
2 0.625 0.2127403846153846 0.14182692307692307 0.14182692307692307
2 0.6382211538461539 0.7091346153846154 0.13701923076923078 0.13942307692307693
1 0.6478365384615384 0.5 0.15625 0.15625
2 0.7355769230769231 0.38100961538461536 0.13701923076923078 0.13701923076923078
1 0.7475961538461539 0.6165865384615384 0.15625 0.16105769230769232
2 0.7668269230769231 0.24278846153846154 0.1466346153846154 0.14182692307692307
1 0.8329326923076923 0.48677884615384615 0.16105769230769232 0.15865384615384615
2 0.24278846153846154 0.421875 0.13942307692307693 0.14182692307692307
1 0.2620192307692308 0.625 0.16105769230769232 0.15625