3 0.16947115384615385 0.37740384615384615 0.2091346153846154 0.20673076923076922
2 0.7824519230769231 0.3485576923076923 0.17307692307692307 0.18269230769230768
3 0.4098557692307692 0.3894230769230769 0.20432692307692307 0.20673076923076922
2 0.5889423076923077 0.375 0.17548076923076922 0.16105769230769232
3 0.17067307692307693 0.5637019230769231 0.20673076923076922 0.20432692307692307
2 0.8004807692307693 0.5516826923076923 0.17067307692307693 0.16826923076923078
3 0.3894230769230769 0.5889423076923077 0.20432692307692307 0.20432692307692307
2 0.6201923076923077 0.5853365384615384 0.1658653846153846 0.1658653846153846
3 0.18990384615384615 0.8221153846153846 0.19951923076923078 0.21153846153846154
3 0.4014423076923077 0.8149038461538461 0.19951923076923078 0.21153846153846154
2 0.6346153846153846 0.7980769230769231 0.16105769230769232 0.17067307692307693
2 0.8161057692307693 0.7824519230769231 0.15865384615384615 0.17067307692307693
3 0.375 0.1502403846153846 0.2091346153846154 0.21875
3 0.1502403846153846 0.17908653846153846 0.2091346153846154 0.2091346153846154
2 0.5793269230769231 0.18389423076923078 0.17307692307692307 0.17307692307692307
2 0.7668269230769231 0.17908653846153846 0.17307692307692307 0.17307692307692307