2 0.47836538461538464 0.7487980769230769 0.15865384615384615 0.12259615384615384
2 0.265625 0.6634615384615384 0.16346153846153846 0.125
1 0.6045673076923077 0.6694711538461539 0.20192307692307693 0.17067307692307693
1 0.41947115384615385 0.6346153846153846 0.2091346153846154 0.16105769230769232
2 0.8040865384615384 0.6586538461538461 0.17307692307692307 0.12740384615384615
2 0.12740384615384615 0.5168269230769231 0.16826923076923078 0.13701923076923078
1 0.2932692307692308 0.5240384615384616 0.20432692307692307 0.1658653846153846
1 0.6670673076923077 0.5444711538461539 0.20673076923076922 0.1658653846153846
2 0.8786057692307693 0.5612980769230769 0.16826923076923078 0.12740384615384615
2 0.49759615384615385 0.5276442307692307 0.16826923076923078 0.12740384615384615
2 0.7956730769230769 0.4579326923076923 0.18269230769230768 0.14182692307692307
1 0.4014423076923077 0.41225961538461536 0.21875 0.17067307692307693
1 0.19831730769230768 0.390625 0.21394230769230768 0.16826923076923078
1 0.6045673076923077 0.40865384615384615 0.2091346153846154 0.1658653846153846
1 0.4951923076923077 0.2776442307692308 0.21875 0.17548076923076922
2 0.6838942307692307 0.2848557692307692 0.1778846153846154 0.14423076923076922