2 0.6622596153846154 0.34134615384615385 0.15625 0.15865384615384615
2 0.5108173076923077 0.35336538461538464 0.15384615384615385 0.15625
1 0.35096153846153844 0.37740384615384615 0.17307692307692307 0.18028846153846154
1 0.18028846153846154 0.4411057692307692 0.18028846153846154 0.19951923076923078
2 0.7788461538461539 0.4411057692307692 0.15865384615384615 0.14903846153846154
1 0.6225961538461539 0.5 0.16826923076923078 0.18028846153846154
2 0.45913461538461536 0.5 0.15384615384615385 0.15384615384615385
1 0.7584134615384616 0.6033653846153846 0.17307692307692307 0.16826923076923078
1 0.36177884615384615 0.6334134615384616 0.17307692307692307 0.17307692307692307
1 0.5360576923076923 0.6418269230769231 0.17307692307692307 0.18028846153846154
2 0.1778846153846154 0.65625 0.16826923076923078 0.16826923076923078
2 0.6622596153846154 0.7475961538461539 0.16105769230769232 0.15625
1 0.28125 0.8028846153846154 0.17307692307692307 0.18028846153846154
2 0.47716346153846156 0.8076923076923077 0.15625 0.16826923076923078
2 0.43028846153846156 0.22115384615384615 0.16105769230769232 0.16826923076923078
1 0.234375 0.234375 0.19230769230769232 0.18028846153846154