3 0.2980769230769231 0.6009615384615384 0.22115384615384615 0.21153846153846154
2 0.3545673076923077 0.7860576923076923 0.18509615384615385 0.18509615384615385
2 0.4375 0.33774038461538464 0.16346153846153846 0.15865384615384615
3 0.48677884615384615 0.18028846153846154 0.2091346153846154 0.20192307692307693
3 0.4519230769230769 0.4987980769230769 0.20673076923076922 0.21394230769230768
3 0.4543269230769231 0.5036057692307693 0.22115384615384615 0.2091346153846154
2 0.46153846153846156 0.6766826923076923 0.18028846153846154 0.18990384615384615
3 0.6033653846153846 0.36177884615384615 0.22355769230769232 0.22355769230769232
2 0.6538461538461539 0.20192307692307693 0.17307692307692307 0.16346153846153846
2 0.6237980769230769 0.5360576923076923 0.18509615384615385 0.18509615384615385
3 0.6274038461538461 0.7163461538461539 0.23317307692307693 0.22355769230769232
3 0.8004807692307693 0.578125 0.23798076923076922 0.23317307692307693
2 0.14543269230769232 0.36899038461538464 0.15384615384615385 0.15625
3 0.12620192307692307 0.5348557692307693 0.1971153846153846 0.21394230769230768
2 0.20793269230769232 0.7439903846153846 0.16346153846153846 0.17067307692307693
3 0.2920673076923077 0.40865384615384615 0.1971153846153846 0.19951923076923078
2 0.3293269230769231 0.24519230769230768 0.16346153846153846 0.16105769230769232