2 0.36658653846153844 0.23677884615384615 0.1466346153846154 0.16346153846153846
3 0.4014423076923077 0.5853365384615384 0.19471153846153846 0.19471153846153846
3 0.43149038461538464 0.4074519230769231 0.19471153846153846 0.1875
2 0.5024038461538461 0.7283653846153846 0.15144230769230768 0.16346153846153846
2 0.49399038461538464 0.19230769230769232 0.1466346153846154 0.15144230769230768
2 0.5564903846153846 0.5925480769230769 0.15625 0.15625
3 0.5853365384615384 0.3137019230769231 0.19951923076923078 0.18990384615384615
2 0.6706730769230769 0.6911057692307693 0.1875 0.15865384615384615
3 0.6742788461538461 0.4699519230769231 0.20432692307692307 0.18990384615384615
2 0.7524038461538461 0.2860576923076923 0.17307692307692307 0.15865384615384615
2 0.7944711538461539 0.7872596153846154 0.1778846153846154 0.17067307692307693
3 0.8112980769230769 0.5961538461538461 0.21394230769230768 0.20432692307692307
3 0.875 0.40024038461538464 0.21394230769230768 0.20192307692307693
2 0.25600961538461536 0.5300480769230769 0.14423076923076922 0.15144230769230768
3 0.25961538461538464 0.375 0.18028846153846154 0.18990384615384615
3 0.3425480769230769 0.7608173076923077 0.18990384615384615 0.19951923076923078