3 0.3641826923076923 0.7247596153846154 0.21153846153846154 0.21394230769230768
2 0.47115384615384615 0.13221153846153846 0.18990384615384615 0.18028846153846154
3 0.42908653846153844 0.4987980769230769 0.21394230769230768 0.20673076923076922
2 0.4543269230769231 0.32211538461538464 0.1658653846153846 0.18028846153846154
3 0.5420673076923077 0.7668269230769231 0.20673076923076922 0.21394230769230768
2 0.6706730769230769 0.15985576923076922 0.17548076923076922 0.1778846153846154
3 0.6153846153846154 0.5612980769230769 0.21153846153846154 0.20673076923076922
2 0.6622596153846154 0.3389423076923077 0.16826923076923078 0.17307692307692307
3 0.7944711538461539 0.8052884615384616 0.21875 0.20673076923076922
3 0.8341346153846154 0.6009615384615384 0.21875 0.20432692307692307
2 0.8701923076923077 0.37259615384615385 0.17307692307692307 0.16346153846153846
2 0.8954326923076923 0.1935096153846154 0.17307692307692307 0.16105769230769232
3 0.19110576923076922 0.47836538461538464 0.22115384615384615 0.21634615384615385
3 0.16826923076923078 0.7007211538461539 0.21394230769230768 0.21394230769230768
2 0.2692307692307692 0.28966346153846156 0.18028846153846154 0.18028846153846154
2 0.30528846153846156 0.109375 0.1778846153846154 0.17548076923076922