3 0.5817307692307693 0.49759615384615385 0.2283653846153846 0.2403846153846154
2 0.328125 0.5480769230769231 0.1875 0.18990384615384615
3 0.8161057692307693 0.5060096153846154 0.23076923076923078 0.23798076923076922
2 0.14302884615384615 0.5805288461538461 0.19471153846153846 0.19471153846153846
3 0.6129807692307693 0.7644230769230769 0.25240384615384615 0.25240384615384615
3 0.8870192307692307 0.7415865384615384 0.22596153846153846 0.24759615384615385
2 0.3557692307692308 0.8185096153846154 0.20432692307692307 0.2091346153846154
2 0.14903846153846154 0.8581730769230769 0.20673076923076922 0.20673076923076922
3 0.5492788461538461 0.09014423076923077 0.21394230769230768 0.18028846153846154
3 0.7584134615384616 0.08533653846153846 0.22355769230769232 0.17067307692307693
2 0.25841346153846156 0.11778846153846154 0.17548076923076922 0.17548076923076922
2 0.09014423076923077 0.14783653846153846 0.18028846153846154 0.17548076923076922
3 0.5444711538461539 0.2860576923076923 0.22355769230769232 0.21153846153846154
2 0.11057692307692307 0.3449519230769231 0.1875 0.18269230769230768
2 0.2932692307692308 0.3269230769230769 0.18509615384615385 0.19471153846153846
3 0.7932692307692307 0.2776442307692308 0.22596153846153846 0.22355769230769232