3 0.27524038461538464 0.7487980769230769 0.20432692307692307 0.19951923076923078
3 0.30649038461538464 0.5420673076923077 0.20192307692307693 0.20192307692307693
2 0.38822115384615385 0.140625 0.1658653846153846 0.16105769230769232
2 0.3762019230769231 0.33533653846153844 0.16105769230769232 0.1658653846153846
3 0.47475961538461536 0.7692307692307693 0.20673076923076922 0.20192307692307693
3 0.5036057692307693 0.5588942307692307 0.2091346153846154 0.20673076923076922
2 0.5504807692307693 0.35096153846153844 0.1658653846153846 0.17067307692307693
2 0.5913461538461539 0.1658653846153846 0.1778846153846154 0.1778846153846154
3 0.6887019230769231 0.8040865384615384 0.21153846153846154 0.20432692307692307
3 0.7175480769230769 0.5973557692307693 0.21634615384615385 0.20192307692307693
2 0.7463942307692307 0.3918269230769231 0.1658653846153846 0.17067307692307693
2 0.7824519230769231 0.1875 0.1778846153846154 0.1778846153846154
3 0.09134615384615384 0.7055288461538461 0.18269230769230768 0.19471153846153846
3 0.11538461538461539 0.5168269230769231 0.19951923076923078 0.19951923076923078
2 0.17548076923076922 0.296875 0.16105769230769232 0.16105769230769232
2 0.21033653846153846 0.12620192307692307 0.16105769230769232 0.1658653846153846