3 0.5733173076923077 0.71875 0.20192307692307693 0.1971153846153846
3 0.8112980769230769 0.7163461538461539 0.20192307692307693 0.19230769230769232
2 0.3581730769230769 0.6670673076923077 0.16346153846153846 0.15384615384615385
2 0.16826923076923078 0.6634615384615384 0.17307692307692307 0.16346153846153846
3 0.8365384615384616 0.5192307692307693 0.21875 0.19230769230769232
3 0.5769230769230769 0.5168269230769231 0.19230769230769232 0.20192307692307693
2 0.1622596153846154 0.47836538461538464 0.16826923076923078 0.16826923076923078
2 0.36899038461538464 0.4723557692307692 0.16346153846153846 0.16826923076923078
2 0.3557692307692308 0.2920673076923077 0.16346153846153846 0.16826923076923078
2 0.16947115384615385 0.28365384615384615 0.18028846153846154 0.17307692307692307
3 0.8569711538461539 0.27163461538461536 0.21634615384615385 0.21153846153846154
3 0.5625 0.2608173076923077 0.20673076923076922 0.21634615384615385
3 0.5889423076923077 0.9146634615384616 0.19230769230769232 0.17067307692307693
3 0.8040865384615384 0.9122596153846154 0.1875 0.17548076923076922
2 0.17307692307692307 0.8485576923076923 0.15625 0.16105769230769232
2 0.3641826923076923 0.8341346153846154 0.16105769230769232 0.14423076923076922