3 0.6334134615384616 0.41225961538461536 0.18509615384615385 0.19951923076923078
3 0.8293269230769231 0.4074519230769231 0.18990384615384615 0.19471153846153846
3 0.23076923076923078 0.4519230769230769 0.20432692307692307 0.20192307692307693
3 0.4483173076923077 0.44591346153846156 0.18990384615384615 0.18990384615384615
2 0.20552884615384615 0.6959134615384616 0.1658653846153846 0.1658653846153846
2 0.4375 0.6971153846153846 0.16105769230769232 0.16105769230769232
2 0.8064903846153846 0.6814903846153846 0.15144230769230768 0.15625
2 0.6310096153846154 0.703125 0.15625 0.16105769230769232
2 0.21394230769230768 0.90625 0.1658653846153846 0.1658653846153846
2 0.43028846153846156 0.8954326923076923 0.15865384615384615 0.16105769230769232
2 0.6310096153846154 0.8858173076923077 0.15625 0.16105769230769232
2 0.8305288461538461 0.8882211538461539 0.1658653846153846 0.15865384615384615
3 0.4338942307692308 0.2127403846153846 0.1971153846153846 0.2091346153846154
3 0.21514423076923078 0.23076923076923078 0.2091346153846154 0.20673076923076922
3 0.8137019230769231 0.1935096153846154 0.18509615384615385 0.18990384615384615
3 0.6346153846153846 0.22115384615384615 0.18990384615384615 0.20192307692307693