3 0.7536057692307693 0.296875 0.21394230769230768 0.20432692307692307
3 0.5480769230769231 0.33052884615384615 0.2091346153846154 0.2091346153846154
2 0.16346153846153846 0.42427884615384615 0.16826923076923078 0.17307692307692307
2 0.3473557692307692 0.40625 0.1658653846153846 0.1658653846153846
3 0.7764423076923077 0.49399038461538464 0.21875 0.21634615384615385
3 0.5697115384615384 0.53125 0.21394230769230768 0.2091346153846154
2 0.3701923076923077 0.5757211538461539 0.16826923076923078 0.16826923076923078
2 0.18990384615384615 0.6165865384615384 0.17067307692307693 0.16826923076923078
3 0.6105769230769231 0.7307692307692307 0.21875 0.21634615384615385
2 0.41346153846153844 0.7668269230769231 0.16826923076923078 0.16826923076923078
3 0.8209134615384616 0.7055288461538461 0.20432692307692307 0.2091346153846154
2 0.21153846153846154 0.8088942307692307 0.17307692307692307 0.16826923076923078
3 0.6995192307692307 0.11538461538461539 0.20192307692307693 0.19951923076923078
3 0.5180288461538461 0.15144230769230768 0.20432692307692307 0.20432692307692307
2 0.30528846153846156 0.21033653846153846 0.16105769230769232 0.15865384615384615
2 0.13822115384615385 0.24879807692307693 0.17307692307692307 0.1658653846153846