2 0.6634615384615384 0.3173076923076923 0.15625 0.15625
2 0.5252403846153846 0.3401442307692308 0.15144230769230768 0.15625
1 0.38100961538461536 0.3737980769230769 0.17307692307692307 0.1778846153846154
1 0.23076923076923078 0.44591346153846156 0.18028846153846154 0.19951923076923078
2 0.7788461538461539 0.39903846153846156 0.15625 0.15144230769230768
1 0.6382211538461539 0.4651442307692308 0.17067307692307693 0.1778846153846154
2 0.49038461538461536 0.47836538461538464 0.15144230769230768 0.15144230769230768
1 0.7704326923076923 0.5504807692307693 0.17067307692307693 0.17067307692307693
1 0.41346153846153844 0.609375 0.17307692307692307 0.17307692307692307
1 0.5697115384615384 0.6021634615384616 0.17548076923076922 0.18028846153846154
2 0.24278846153846154 0.6430288461538461 0.16826923076923078 0.16826923076923078
2 0.6947115384615384 0.6875 0.15625 0.15625
1 0.35216346153846156 0.7704326923076923 0.17548076923076922 0.18028846153846154
2 0.5288461538461539 0.7584134615384616 0.15625 0.1658653846153846
2 0.4411057692307692 0.2247596153846154 0.15865384615384615 0.16826923076923078
1 0.26322115384615385 0.25240384615384615 0.18990384615384615 0.18028846153846154