2 0.2920673076923077 0.8028846153846154 0.16105769230769232 0.17307692307692307
3 0.3293269230769231 0.42427884615384615 0.21153846153846154 0.21153846153846154
3 0.3629807692307692 0.6177884615384616 0.2091346153846154 0.20432692307692307
2 0.4387019230769231 0.2704326923076923 0.1658653846153846 0.17307692307692307
2 0.42908653846153844 0.8509615384615384 0.15865384615384615 0.16346153846153846
2 0.49759615384615385 0.4170673076923077 0.16826923076923078 0.16826923076923078
3 0.5288461538461539 0.7199519230769231 0.21394230769230768 0.20673076923076922
2 0.6201923076923077 0.31009615384615385 0.20192307692307693 0.17067307692307693
3 0.6225961538461539 0.5492788461538461 0.22115384615384615 0.20673076923076922
2 0.7079326923076923 0.7487980769230769 0.18509615384615385 0.17067307692307693
2 0.7548076923076923 0.20673076923076922 0.19471153846153846 0.18269230769230768
3 0.7740384615384616 0.41346153846153844 0.23557692307692307 0.22115384615384615
3 0.8401442307692307 0.6262019230769231 0.23557692307692307 0.21634615384615385
2 0.171875 0.4855769230769231 0.15384615384615385 0.16346153846153846
3 0.17427884615384615 0.6526442307692307 0.19471153846153846 0.20432692307692307
3 0.265625 0.23557692307692307 0.20673076923076922 0.21394230769230768