2 0.2824519230769231 0.24639423076923078 0.12980769230769232 0.13701923076923078
2 0.32091346153846156 0.4639423076923077 0.12259615384615384 0.1201923076923077
3 0.3798076923076923 0.6850961538461539 0.14182692307692307 0.14182692307692307
2 0.36538461538461536 0.36658653846153844 0.125 0.125
2 0.4266826923076923 0.5805288461538461 0.11778846153846154 0.11057692307692307
2 0.39663461538461536 0.2512019230769231 0.12980769230769232 0.12980769230769232
3 0.44591346153846156 0.46153846153846156 0.14903846153846154 0.14903846153846154
2 0.49759615384615385 0.7139423076923077 0.11057692307692307 0.10576923076923077
3 0.4963942307692308 0.33533653846153844 0.15384615384615385 0.15384615384615385
3 0.5564903846153846 0.5444711538461539 0.1466346153846154 0.14423076923076922
3 0.5997596153846154 0.6622596153846154 0.1466346153846154 0.13221153846153846
2 0.5865384615384616 0.24158653846153846 0.12980769230769232 0.13221153846153846
2 0.6141826923076923 0.4387019230769231 0.12259615384615384 0.1201923076923077
3 0.6947115384615384 0.5540865384615384 0.15144230769230768 0.14423076923076922
3 0.7103365384615384 0.35336538461538464 0.1658653846153846 0.15625
3 0.30408653846153844 0.5805288461538461 0.15625 0.13942307692307693