3 0.3701923076923077 0.34615384615384615 0.19471153846153846 0.20192307692307693
2 0.19951923076923078 0.4375 0.16826923076923078 0.16826923076923078
2 0.6514423076923077 0.4338942307692308 0.1466346153846154 0.15144230769230768
3 0.8137019230769231 0.4519230769230769 0.18509615384615385 0.19471153846153846
3 0.49759615384615385 0.47716346153846156 0.1971153846153846 0.19230769230769232
3 0.49399038461538464 0.4807692307692308 0.19230769230769232 0.20192307692307693
2 0.328125 0.5216346153846154 0.17307692307692307 0.1658653846153846
3 0.6598557692307693 0.5985576923076923 0.20192307692307693 0.20192307692307693
2 0.8233173076923077 0.6177884615384616 0.15144230769230768 0.16105769230769232
2 0.4963942307692308 0.6502403846153846 0.16826923076923078 0.16826923076923078
3 0.32091346153846156 0.6887019230769231 0.20673076923076922 0.21153846153846154
3 0.48677884615384615 0.8317307692307693 0.21634615384615385 0.21875
2 0.5661057692307693 0.15625 0.1466346153846154 0.14182692307692307
3 0.4014423076923077 0.16826923076923078 0.20192307692307693 0.18028846153846154
2 0.2127403846153846 0.28725961538461536 0.15625 0.15144230769230768
3 0.5552884615384616 0.30528846153846156 0.18509615384615385 0.18028846153846154
2 0.7211538461538461 0.3112980769230769 0.1466346153846154 0.15144230769230768