3 0.20552884615384615 0.5865384615384616 0.19951923076923078 0.19951923076923078
2 0.8377403846153846 0.5492788461538461 0.16826923076923078 0.18028846153846154
3 0.4519230769230769 0.5480769230769231 0.19471153846153846 0.19951923076923078
2 0.6382211538461539 0.5432692307692307 0.17067307692307693 0.15384615384615385
3 0.18509615384615385 0.3954326923076923 0.19951923076923078 0.19471153846153846
2 0.8329326923076923 0.3389423076923077 0.17067307692307693 0.16105769230769232
3 0.40865384615384615 0.3449519230769231 0.19471153846153846 0.19951923076923078
2 0.6466346153846154 0.3245192307692308 0.1658653846153846 0.16105769230769232
3 0.17908653846153846 0.12620192307692307 0.18990384615384615 0.2091346153846154
3 0.3942307692307692 0.11177884615384616 0.19471153846153846 0.20673076923076922
2 0.6382211538461539 0.10336538461538461 0.15384615384615385 0.1658653846153846
2 0.8269230769230769 0.09975961538461539 0.15144230769230768 0.1658653846153846
3 0.4411057692307692 0.7980769230769231 0.19951923076923078 0.2091346153846154
3 0.20673076923076922 0.7920673076923077 0.19951923076923078 0.19951923076923078
2 0.6502403846153846 0.7403846153846154 0.17067307692307693 0.16826923076923078
2 0.8389423076923077 0.7259615384615384 0.1658653846153846 0.16826923076923078