2 0.38100961538461536 0.29086538461538464 0.15865384615384615 0.15865384615384615
2 0.3737980769230769 0.4254807692307692 0.15625 0.15625
1 0.375 0.5697115384615384 0.18028846153846154 0.17548076923076922
1 0.4098557692307692 0.7283653846153846 0.19951923076923078 0.18509615384615385
2 0.484375 0.19951923076923078 0.15384615384615385 0.15865384615384615
1 0.5168269230769231 0.3473557692307692 0.18028846153846154 0.17307692307692307
2 0.4963942307692308 0.49038461538461536 0.15384615384615385 0.15384615384615385
1 0.625 0.2403846153846154 0.17067307692307693 0.17307692307692307
1 0.6021634615384616 0.5925480769230769 0.17548076923076922 0.17307692307692307
1 0.6310096153846154 0.4423076923076923 0.18028846153846154 0.1778846153846154
2 0.5997596153846154 0.7608173076923077 0.17067307692307693 0.17067307692307693
2 0.7403846153846154 0.3425480769230769 0.15865384615384615 0.15865384615384615
1 0.7427884615384616 0.6850961538461539 0.18028846153846154 0.1778846153846154
2 0.7692307692307693 0.5144230769230769 0.1658653846153846 0.15865384615384615
2 0.24639423076923078 0.4807692307692308 0.17067307692307693 0.16105769230769232
1 0.234375 0.6538461538461539 0.18269230769230768 0.19230769230769232