3 0.796875 0.37259615384615385 0.21153846153846154 0.2091346153846154
2 0.2091346153846154 0.30528846153846156 0.1778846153846154 0.18509615384615385
3 0.5649038461538461 0.36899038461538464 0.20673076923076922 0.21153846153846154
2 0.39302884615384615 0.34375 0.1778846153846154 0.1658653846153846
3 0.7836538461538461 0.5516826923076923 0.21153846153846154 0.20673076923076922
2 0.17908653846153846 0.4987980769230769 0.17548076923076922 0.17067307692307693
3 0.5709134615384616 0.5625 0.20673076923076922 0.2091346153846154
2 0.34975961538461536 0.5432692307692307 0.17067307692307693 0.16826923076923078
3 0.7475961538461539 0.7992788461538461 0.20432692307692307 0.21634615384615385
3 0.5444711538461539 0.7788461538461539 0.20432692307692307 0.21634615384615385
2 0.32091346153846156 0.7463942307692307 0.16346153846153846 0.17307692307692307
2 0.1466346153846154 0.71875 0.16105769230769232 0.17307692307692307
3 0.6141826923076923 0.140625 0.21394230769230768 0.21875
3 0.828125 0.18509615384615385 0.21153846153846154 0.21153846153846154
2 0.41466346153846156 0.15985576923076922 0.17548076923076922 0.17548076923076922
2 0.23677884615384615 0.14302884615384615 0.17548076923076922 0.17548076923076922