3 0.5697115384615384 0.29447115384615385 0.20432692307692307 0.20673076923076922
3 0.7944711538461539 0.3161057692307692 0.19471153846153846 0.20192307692307693
2 0.3473557692307692 0.3293269230769231 0.16346153846153846 0.16826923076923078
2 0.16346153846153846 0.31971153846153844 0.17067307692307693 0.17307692307692307
3 0.7992788461538461 0.5072115384615384 0.20432692307692307 0.19951923076923078
3 0.5552884615384616 0.49399038461538464 0.20432692307692307 0.20673076923076922
2 0.14423076923076922 0.5024038461538461 0.16826923076923078 0.16826923076923078
2 0.34134615384615385 0.5216346153846154 0.16346153846153846 0.16826923076923078
2 0.31971153846153844 0.6995192307692307 0.1658653846153846 0.16826923076923078
2 0.13221153846153846 0.6923076923076923 0.17307692307692307 0.17067307692307693
3 0.8125 0.7572115384615384 0.21153846153846154 0.22115384615384615
3 0.515625 0.7475961538461539 0.20673076923076922 0.21875
3 0.8137019230769231 0.11298076923076923 0.19951923076923078 0.19471153846153846
3 0.59375 0.09975961538461539 0.19951923076923078 0.19471153846153846
2 0.18028846153846154 0.13942307692307693 0.16346153846153846 0.16346153846153846
2 0.36538461538461536 0.16466346153846154 0.16105769230769232 0.1658653846153846