2 0.3016826923076923 0.8161057692307693 0.13942307692307693 0.14903846153846154
1 0.30288461538461536 0.48197115384615385 0.16346153846153846 0.16346153846153846
2 0.33052884615384615 0.2403846153846154 0.14423076923076922 0.14903846153846154
2 0.3317307692307692 0.09375 0.14182692307692307 0.14903846153846154
2 0.37259615384615385 0.6947115384615384 0.14903846153846154 0.15144230769230768
1 0.4326923076923077 0.5576923076923077 0.16346153846153846 0.16826923076923078
2 0.45072115384615385 0.8317307692307693 0.15384615384615385 0.15865384615384615
2 0.4375 0.4110576923076923 0.14423076923076922 0.15865384615384615
1 0.4735576923076923 0.2644230769230769 0.16346153846153846 0.16346153846153846
1 0.47836538461538464 0.10096153846153846 0.16826923076923078 0.17548076923076922
1 0.5228365384615384 0.6947115384615384 0.16346153846153846 0.17548076923076922
1 0.5853365384615384 0.4951923076923077 0.16826923076923078 0.17548076923076922
2 0.5997596153846154 0.3389423076923077 0.15384615384615385 0.15865384615384615
1 0.6658653846153846 0.7896634615384616 0.1778846153846154 0.18269230769230768
2 0.6670673076923077 0.6286057692307693 0.15865384615384615 0.15384615384615385
1 0.6598557692307693 0.171875 0.18028846153846154 0.1778846153846154
1 0.7584134615384616 0.36899038461538464 0.19230769230769232 0.18269230769230768
2 0.8064903846153846 0.703125 0.16826923076923078 0.15384615384615385
1 0.8076923076923077 0.5372596153846154 0.18990384615384615 0.17548076923076922
1 0.08052884615384616 0.6418269230769231 0.15144230769230768 0.15865384615384615
2 0.11057692307692307 0.36899038461538464 0.12980769230769232 0.14423076923076922
1 0.14783653846153846 0.5048076923076923 0.15144230769230768 0.15865384615384615
2 0.17548076923076922 0.7512019230769231 0.12980769230769232 0.14423076923076922
2 0.203125 0.22115384615384615 0.1346153846153846 0.14423076923076922
1 0.24639423076923078 0.6225961538461539 0.15865384615384615 0.16346153846153846
2 0.24519230769230768 0.35096153846153844 0.13942307692307693 0.14423076923076922