3 0.6814903846153846 0.7439903846153846 0.22115384615384615 0.21634615384615385
3 0.6490384615384616 0.5228365384615384 0.21394230769230768 0.21394230769230768
2 0.5612980769230769 0.09134615384615384 0.1778846153846154 0.17548076923076922
2 0.5733173076923077 0.3004807692307692 0.17548076923076922 0.1778846153846154
3 0.46875 0.7644230769230769 0.22355769230769232 0.21634615384615385
3 0.4362980769230769 0.5408653846153846 0.22355769230769232 0.22355769230769232
2 0.3858173076923077 0.31490384615384615 0.18028846153846154 0.18269230769230768
2 0.34134615384615385 0.11658653846153846 0.19230769230769232 0.19230769230769232
3 0.23557692307692307 0.8028846153846154 0.2283653846153846 0.22115384615384615
3 0.20673076923076922 0.5817307692307693 0.23076923076923078 0.21634615384615385
2 0.17427884615384615 0.3605769230769231 0.18028846153846154 0.1875
2 0.13581730769230768 0.14182692307692307 0.19230769230769232 0.19230769230769232
3 0.8870192307692307 0.6995192307692307 0.20673076923076922 0.2091346153846154
3 0.8545673076923077 0.4951923076923077 0.21394230769230768 0.21394230769230768
2 0.7896634615384616 0.25841346153846156 0.17307692307692307 0.17307692307692307
2 0.7487980769230769 0.08052884615384616 0.17548076923076922 0.16105769230769232