2 0.24879807692307693 0.5252403846153846 0.12980769230769232 0.1658653846153846
2 0.34134615384615385 0.7415865384615384 0.13221153846153846 0.17067307692307693
1 0.328125 0.390625 0.1778846153846154 0.21153846153846154
1 0.36899038461538464 0.5853365384615384 0.1658653846153846 0.21634615384615385
2 0.3389423076923077 0.18509615384615385 0.13221153846153846 0.18028846153846154
2 0.49399038461538464 0.8822115384615384 0.14423076923076922 0.17548076923076922
1 0.4831730769230769 0.7103365384615384 0.17307692307692307 0.21153846153846154
1 0.4567307692307692 0.3245192307692308 0.17307692307692307 0.21634615384615385
2 0.4362980769230769 0.109375 0.13221153846153846 0.17548076923076922
2 0.4795673076923077 0.5024038461538461 0.13221153846153846 0.17548076923076922
2 0.5444711538461539 0.19230769230769232 0.1466346153846154 0.18990384615384615
1 0.5973557692307693 0.5997596153846154 0.18028846153846154 0.22596153846153846
1 0.6225961538461539 0.8064903846153846 0.17548076923076922 0.22115384615384615
1 0.5997596153846154 0.38822115384615385 0.17307692307692307 0.21634615384615385
1 0.734375 0.5012019230769231 0.18509615384615385 0.2283653846153846
2 0.7259615384615384 0.30288461538461536 0.15144230769230768 0.1875