2 0.859375 0.5889423076923077 0.17307692307692307 0.17307692307692307
2 0.4423076923076923 0.625 0.1658653846153846 0.17307692307692307
2 0.6310096153846154 0.6009615384615384 0.16346153846153846 0.16346153846153846
2 0.23918269230769232 0.6298076923076923 0.15625 0.16346153846153846
1 0.8641826923076923 0.3485576923076923 0.18990384615384615 0.1778846153846154
1 0.19951923076923078 0.3954326923076923 0.18509615384615385 0.18509615384615385
1 0.6442307692307693 0.3425480769230769 0.1778846153846154 0.18990384615384615
1 0.43149038461538464 0.3425480769230769 0.17548076923076922 0.18028846153846154
1 0.8605769230769231 0.12379807692307693 0.1778846153846154 0.1971153846153846
1 0.18389423076923078 0.1814903846153846 0.18028846153846154 0.18990384615384615
1 0.6322115384615384 0.12620192307692307 0.18509615384615385 0.18028846153846154
1 0.4110576923076923 0.1466346153846154 0.17548076923076922 0.18028846153846154
2 0.8798076923076923 0.7776442307692307 0.15865384615384615 0.16346153846153846
2 0.6514423076923077 0.7728365384615384 0.1658653846153846 0.17307692307692307
2 0.26322115384615385 0.8076923076923077 0.15865384615384615 0.17307692307692307
2 0.46634615384615385 0.78125 0.16826923076923078 0.16826923076923078