2 0.3954326923076923 0.6478365384615384 0.17307692307692307 0.18028846153846154
2 0.16466346153846154 0.6598557692307693 0.18028846153846154 0.1778846153846154
2 0.5865384615384616 0.6346153846153846 0.16105769230769232 0.1658653846153846
2 0.7956730769230769 0.6213942307692307 0.15625 0.17067307692307693
1 0.13701923076923078 0.4675480769230769 0.18990384615384615 0.18509615384615385
1 0.359375 0.4338942307692308 0.18028846153846154 0.1971153846153846
1 0.5769230769230769 0.41466346153846156 0.1778846153846154 0.18990384615384615
1 0.7728365384615384 0.38461538461538464 0.1778846153846154 0.18990384615384615
1 0.13701923076923078 0.24879807692307693 0.1971153846153846 0.1971153846153846
1 0.5552884615384616 0.203125 0.18028846153846154 0.20192307692307693
1 0.3581730769230769 0.2091346153846154 0.18028846153846154 0.20192307692307693
1 0.7572115384615384 0.16826923076923078 0.1778846153846154 0.18990384615384615
2 0.1658653846153846 0.8822115384615384 0.17067307692307693 0.17548076923076922
2 0.40024038461538464 0.8557692307692307 0.16346153846153846 0.17548076923076922
2 0.5901442307692307 0.8233173076923077 0.16105769230769232 0.17067307692307693
2 0.8125 0.8064903846153846 0.16105769230769232 0.17067307692307693