2 0.4735576923076923 0.25 0.15865384615384615 0.125
2 0.2620192307692308 0.33774038461538464 0.16105769230769232 0.125
3 0.6021634615384616 0.32572115384615385 0.20673076923076922 0.16105769230769232
3 0.41586538461538464 0.36778846153846156 0.19471153846153846 0.1466346153846154
2 0.8052884615384616 0.33774038461538464 0.16346153846153846 0.12259615384615384
2 0.12139423076923077 0.4831730769230769 0.16105769230769232 0.12980769230769232
3 0.28846153846153844 0.47475961538461536 0.20432692307692307 0.15384615384615385
3 0.6646634615384616 0.453125 0.20673076923076922 0.16105769230769232
2 0.8810096153846154 0.4375 0.16826923076923078 0.12980769230769232
2 0.49038461538461536 0.47716346153846156 0.17307692307692307 0.12740384615384615
2 0.7956730769230769 0.5432692307692307 0.1778846153846154 0.13221153846153846
3 0.40384615384615385 0.5877403846153846 0.2091346153846154 0.1658653846153846
3 0.19471153846153846 0.6081730769230769 0.21153846153846154 0.1658653846153846
3 0.6033653846153846 0.5901442307692307 0.21153846153846154 0.16105769230769232
3 0.484375 0.7259615384615384 0.21875 0.17548076923076922
2 0.6790865384615384 0.7235576923076923 0.18028846153846154 0.14903846153846154