3 0.6610576923076923 0.15985576923076922 0.20673076923076922 0.2091346153846154
2 0.6790865384615384 0.7860576923076923 0.18509615384615385 0.17548076923076922
3 0.6442307692307693 0.4050480769230769 0.2091346153846154 0.20673076923076922
2 0.6550480769230769 0.5889423076923077 0.16105769230769232 0.1778846153846154
3 0.4699519230769231 0.15745192307692307 0.20673076923076922 0.2091346153846154
2 0.47115384615384615 0.8004807692307693 0.17067307692307693 0.17307692307692307
3 0.4411057692307692 0.38100961538461536 0.20432692307692307 0.20432692307692307
2 0.4411057692307692 0.6165865384615384 0.1658653846153846 0.16826923076923078
3 0.20552884615384615 0.171875 0.21394230769230768 0.20192307692307693
3 0.21033653846153846 0.3894230769230769 0.21394230769230768 0.20192307692307693
2 0.22235576923076922 0.6274038461538461 0.17067307692307693 0.16105769230769232
2 0.23557692307692307 0.8149038461538461 0.17067307692307693 0.16105769230769232
3 0.8894230769230769 0.3737980769230769 0.21875 0.21153846153846154
3 0.8641826923076923 0.14302884615384615 0.21153846153846154 0.21153846153846154
2 0.8509615384615384 0.5829326923076923 0.17548076923076922 0.17548076923076922
2 0.8533653846153846 0.7728365384615384 0.17548076923076922 0.17307692307692307