2 0.6634615384615384 0.23677884615384615 0.15865384615384615 0.15865384615384615
2 0.6141826923076923 0.5588942307692307 0.15144230769230768 0.15865384615384615
2 0.5733173076923077 0.8725961538461539 0.15384615384615385 0.16346153846153846
1 0.6165865384615384 0.390625 0.16346153846153846 0.16826923076923078
2 0.5324519230769231 0.7391826923076923 0.14903846153846154 0.15865384615384615
1 0.5516826923076923 0.11778846153846154 0.18028846153846154 0.17548076923076922
2 0.5276442307692307 0.2704326923076923 0.15625 0.15384615384615385
1 0.47716346153846156 0.5997596153846154 0.17548076923076922 0.17548076923076922
1 0.42427884615384615 0.9098557692307693 0.18028846153846154 0.18028846153846154
1 0.4723557692307692 0.4326923076923077 0.18028846153846154 0.18028846153846154
2 0.38822115384615385 0.7608173076923077 0.16346153846153846 0.16826923076923078
1 0.3786057692307692 0.2980769230769231 0.18990384615384615 0.17548076923076922
2 0.34615384615384615 0.5072115384615384 0.16105769230769232 0.16346153846153846
1 0.33774038461538464 0.11778846153846154 0.18990384615384615 0.18509615384615385
1 0.27524038461538464 0.6610576923076923 0.20432692307692307 0.1875
2 0.24639423076923078 0.8461538461538461 0.16826923076923078 0.1658653846153846
1 0.22355769230769232 0.36778846153846156 0.19471153846153846 0.18509615384615385
2 0.18870192307692307 0.5300480769230769 0.17307692307692307 0.16105769230769232
2 0.20072115384615385 0.2091346153846154 0.18028846153846154 0.17548076923076922
1 0.8677884615384616 0.4963942307692308 0.15384615384615385 0.16826923076923078
2 0.8353365384615384 0.7331730769230769 0.14423076923076922 0.15144230769230768
1 0.7716346153846154 0.6081730769230769 0.15865384615384615 0.16826923076923078
1 0.7139423076923077 0.8665865384615384 0.15865384615384615 0.17067307692307693
2 0.7584134615384616 0.3293269230769231 0.14903846153846154 0.15865384615384615
2 0.7307692307692307 0.4651442307692308 0.14903846153846154 0.15144230769230768
1 0.6670673076923077 0.7199519230769231 0.1658653846153846 0.17307692307692307