3 0.6706730769230769 0.4963942307692308 0.19471153846153846 0.19471153846153846
3 0.6382211538461539 0.28846153846153844 0.1875 0.19951923076923078
2 0.6490384615384616 0.7019230769230769 0.16105769230769232 0.16105769230769232
2 0.6658653846153846 0.8677884615384616 0.15865384615384615 0.16105769230769232
3 0.46634615384615385 0.29447115384615385 0.1971153846153846 0.20432692307692307
3 0.49399038461538464 0.5240384615384616 0.20192307692307693 0.20192307692307693
2 0.5108173076923077 0.9086538461538461 0.16105769230769232 0.16105769230769232
2 0.47596153846153844 0.7283653846153846 0.1658653846153846 0.16826923076923078
2 0.3137019230769231 0.7644230769230769 0.1778846153846154 0.17548076923076922
2 0.3329326923076923 0.9242788461538461 0.17067307692307693 0.15144230769230768
3 0.21995192307692307 0.29086538461538464 0.22596153846153846 0.21875
3 0.25961538461538464 0.578125 0.22115384615384615 0.21153846153846154
3 0.8197115384615384 0.265625 0.1778846153846154 0.1971153846153846
3 0.8377403846153846 0.46274038461538464 0.18028846153846154 0.18990384615384615
2 0.8221153846153846 0.8353365384615384 0.15144230769230768 0.15625
2 0.7956730769230769 0.6742788461538461 0.14903846153846154 0.15625