3 0.3245192307692308 0.7295673076923077 0.1971153846153846 0.19951923076923078
2 0.4266826923076923 0.17427884615384615 0.1778846153846154 0.17067307692307693
3 0.3858173076923077 0.5168269230769231 0.19951923076923078 0.1971153846153846
2 0.4098557692307692 0.35096153846153844 0.15384615384615385 0.1658653846153846
3 0.49278846153846156 0.7668269230769231 0.1971153846153846 0.19951923076923078
2 0.6105769230769231 0.20072115384615385 0.16346153846153846 0.16826923076923078
3 0.5600961538461539 0.5757211538461539 0.19471153846153846 0.19471153846153846
2 0.6045673076923077 0.36658653846153844 0.15865384615384615 0.16105769230769232
3 0.7295673076923077 0.8028846153846154 0.20673076923076922 0.19230769230769232
3 0.765625 0.6141826923076923 0.20432692307692307 0.19230769230769232
2 0.7992788461538461 0.39903846153846156 0.16105769230769232 0.15384615384615385
2 0.8233173076923077 0.23197115384615385 0.16105769230769232 0.15384615384615385
3 0.16346153846153846 0.49759615384615385 0.2091346153846154 0.20192307692307693
3 0.14182692307692307 0.7055288461538461 0.20192307692307693 0.20192307692307693
2 0.23677884615384615 0.31971153846153844 0.16826923076923078 0.16826923076923078
2 0.2692307692307692 0.15384615384615385 0.16826923076923078 0.16346153846153846