2 0.21995192307692307 0.3641826923076923 0.14903846153846154 0.14903846153846154
2 0.5372596153846154 0.39302884615384615 0.14903846153846154 0.14182692307692307
2 0.8461538461538461 0.4182692307692308 0.15384615384615385 0.14423076923076922
1 0.3701923076923077 0.40024038461538464 0.15865384615384615 0.15384615384615385
2 0.7175480769230769 0.4639423076923077 0.14903846153846154 0.13942307692307693
1 0.10697115384615384 0.4795673076923077 0.16346153846153846 0.16826923076923078
2 0.25841346153846156 0.4951923076923077 0.14423076923076922 0.1466346153846154
1 0.5841346153846154 0.5288461538461539 0.16346153846153846 0.16346153846153846
1 0.8978365384615384 0.5588942307692307 0.1778846153846154 0.17067307692307693
1 0.4206730769230769 0.5408653846153846 0.1658653846153846 0.16826923076923078
2 0.7463942307692307 0.6081730769230769 0.15865384615384615 0.15384615384615385
1 0.2932692307692308 0.640625 0.1658653846153846 0.1778846153846154
2 0.4987980769230769 0.6622596153846154 0.15384615384615385 0.15144230769230768
1 0.11899038461538461 0.6862980769230769 0.17548076923076922 0.1778846153846154
1 0.6550480769230769 0.7211538461538461 0.17548076923076922 0.19471153846153846
2 0.8377403846153846 0.7403846153846154 0.15625 0.15865384615384615
1 0.3701923076923077 0.7872596153846154 0.17548076923076922 0.18509615384615385
2 0.5300480769230769 0.8149038461538461 0.14903846153846154 0.16346153846153846
2 0.21514423076923078 0.8173076923076923 0.16346153846153846 0.16826923076923078
1 0.46153846153846156 0.14903846153846154 0.15865384615384615 0.14423076923076922
2 0.6959134615384616 0.17067307692307693 0.14423076923076922 0.1346153846153846
1 0.5769230769230769 0.2403846153846154 0.15865384615384615 0.14903846153846154
1 0.8341346153846154 0.2824519230769231 0.15865384615384615 0.14903846153846154
2 0.30528846153846156 0.2644230769230769 0.14903846153846154 0.13942307692307693
2 0.4387019230769231 0.2860576923076923 0.14182692307692307 0.13942307692307693
1 0.6911057692307693 0.33413461538461536 0.16346153846153846 0.15384615384615385