3 0.6478365384615384 0.4483173076923077 0.18509615384615385 0.18990384615384615
3 0.6370192307692307 0.23317307692307693 0.18028846153846154 0.1875
2 0.6057692307692307 0.6454326923076923 0.14423076923076922 0.15384615384615385
2 0.609375 0.8173076923076923 0.15384615384615385 0.16105769230769232
3 0.4579326923076923 0.21634615384615385 0.18028846153846154 0.20192307692307693
3 0.4639423076923077 0.4519230769230769 0.1875 0.18028846153846154
2 0.4411057692307692 0.828125 0.15865384615384615 0.15625
2 0.43028846153846156 0.640625 0.15865384615384615 0.15384615384615385
2 0.26802884615384615 0.6598557692307693 0.15865384615384615 0.15384615384615385
2 0.265625 0.828125 0.16346153846153846 0.16826923076923078
3 0.23317307692307693 0.20673076923076922 0.19951923076923078 0.20432692307692307
3 0.23317307692307693 0.4723557692307692 0.20432692307692307 0.19471153846153846
3 0.8317307692307693 0.42908653846153844 0.17307692307692307 0.1778846153846154
3 0.8221153846153846 0.23197115384615385 0.1778846153846154 0.17548076923076922
2 0.7764423076923077 0.8064903846153846 0.15144230769230768 0.14423076923076922
2 0.7584134615384616 0.6334134615384616 0.1346153846153846 0.15144230769230768