3 0.34615384615384615 0.6021634615384616 0.17307692307692307 0.17307692307692307
3 0.3737980769230769 0.4387019230769231 0.16105769230769232 0.17307692307692307
2 0.4375 0.7367788461538461 0.13942307692307693 0.14423076923076922
2 0.43990384615384615 0.23317307692307693 0.13701923076923078 0.13942307692307693
2 0.49038461538461536 0.6105769230769231 0.13942307692307693 0.14903846153846154
3 0.5180288461538461 0.35216346153846156 0.17307692307692307 0.16826923076923078
2 0.5889423076923077 0.7067307692307693 0.13942307692307693 0.15384615384615385
3 0.5901442307692307 0.5012019230769231 0.17307692307692307 0.1778846153846154
2 0.6682692307692307 0.328125 0.14903846153846154 0.13942307692307693
2 0.7043269230769231 0.7956730769230769 0.14423076923076922 0.14903846153846154
3 0.7235576923076923 0.6262019230769231 0.18990384615384615 0.19471153846153846
3 0.7824519230769231 0.4387019230769231 0.19230769230769232 0.18990384615384615
2 0.2127403846153846 0.5444711538461539 0.12740384615384615 0.13942307692307693
3 0.22235576923076922 0.4014423076923077 0.16346153846153846 0.16346153846153846
3 0.28846153846153844 0.7584134615384616 0.16826923076923078 0.18269230769230768
2 0.3173076923076923 0.27403846153846156 0.12740384615384615 0.1346153846153846