3 0.6802884615384616 0.22956730769230768 0.19230769230769232 0.19951923076923078
3 0.6646634615384616 0.4338942307692308 0.19471153846153846 0.19471153846153846
2 0.6045673076923077 0.8293269230769231 0.16105769230769232 0.15625
2 0.6069711538461539 0.640625 0.15384615384615385 0.15384615384615385
3 0.48197115384615385 0.22115384615384615 0.19951923076923078 0.20432692307692307
3 0.46274038461538464 0.4338942307692308 0.19471153846153846 0.19951923076923078
2 0.4362980769230769 0.6358173076923077 0.15625 0.15625
2 0.4110576923076923 0.8173076923076923 0.15625 0.15865384615384615
3 0.2608173076923077 0.4074519230769231 0.19951923076923078 0.20432692307692307
2 0.24158653846153846 0.609375 0.15625 0.15625
3 0.2668269230769231 0.19831730769230768 0.1971153846153846 0.18990384615384615
2 0.21754807692307693 0.8137019230769231 0.15625 0.16105769230769232
3 0.8653846153846154 0.265625 0.18509615384615385 0.18990384615384615
3 0.8449519230769231 0.4519230769230769 0.18990384615384615 0.19230769230769232
2 0.8052884615384616 0.6682692307692307 0.1466346153846154 0.15144230769230768
2 0.7824519230769231 0.8389423076923077 0.15384615384615385 0.16105769230769232