2 0.6274038461538461 0.7896634615384616 0.1466346153846154 0.1466346153846154
2 0.6129807692307693 0.4567307692307692 0.13942307692307693 0.1466346153846154
2 0.6045673076923077 0.1346153846153846 0.14182692307692307 0.15384615384615385
1 0.5961538461538461 0.6298076923076923 0.15384615384615385 0.15865384615384615
2 0.5480769230769231 0.2668269230769231 0.13701923076923078 0.1466346153846154
1 0.5024038461538461 0.8990384615384616 0.16826923076923078 0.16346153846153846
2 0.49399038461538464 0.7415865384615384 0.14423076923076922 0.14182692307692307
1 0.47716346153846156 0.4014423076923077 0.16346153846153846 0.16346153846153846
1 0.45913461538461536 0.08173076923076923 0.16826923076923078 0.16346153846153846
1 0.4543269230769231 0.5697115384615384 0.16826923076923078 0.16346153846153846
2 0.40384615384615385 0.2283653846153846 0.15384615384615385 0.15865384615384615
1 0.3449519230769231 0.6983173076923077 0.1778846153846154 0.16346153846153846
2 0.33413461538461536 0.48197115384615385 0.14903846153846154 0.15384615384615385
1 0.2860576923076923 0.8762019230769231 0.17548076923076922 0.17307692307692307
1 0.27884615384615385 0.3173076923076923 0.19230769230769232 0.17307692307692307
2 0.2692307692307692 0.12620192307692307 0.15865384615384615 0.15384615384615385
1 0.19591346153846154 0.609375 0.18269230769230768 0.17307692307692307
2 0.1778846153846154 0.4411057692307692 0.16346153846153846 0.1466346153846154
2 0.15504807692307693 0.7692307692307693 0.16826923076923078 0.16346153846153846
1 0.8629807692307693 0.5480769230769231 0.14182692307692307 0.15865384615384615
2 0.8557692307692307 0.30408653846153844 0.13221153846153846 0.14182692307692307
1 0.7764423076923077 0.42427884615384615 0.1466346153846154 0.15865384615384615
1 0.7463942307692307 0.15625 0.1466346153846154 0.15865384615384615
2 0.7331730769230769 0.7055288461538461 0.13701923076923078 0.1466346153846154
2 0.7211538461538461 0.5649038461538461 0.13701923076923078 0.13942307692307693
1 0.6826923076923077 0.29927884615384615 0.15384615384615385 0.16346153846153846