3 0.22956730769230768 0.6730769230769231 0.19471153846153846 0.18990384615384615
3 0.43149038461538464 0.6574519230769231 0.19471153846153846 0.18990384615384615
2 0.8233173076923077 0.5985576923076923 0.15384615384615385 0.16105769230769232
2 0.6370192307692307 0.6009615384615384 0.15384615384615385 0.15384615384615385
3 0.22115384615384615 0.47836538461538464 0.20192307692307693 0.19471153846153846
3 0.43028846153846156 0.45913461538461536 0.19471153846153846 0.18990384615384615
2 0.6310096153846154 0.4326923076923077 0.15384615384615385 0.15384615384615385
2 0.8112980769230769 0.4074519230769231 0.15865384615384615 0.15384615384615385
3 0.4050480769230769 0.25841346153846156 0.20192307692307693 0.19471153846153846
2 0.6057692307692307 0.23918269230769232 0.15384615384615385 0.15384615384615385
3 0.19951923076923078 0.2644230769230769 0.18509615384615385 0.19471153846153846
2 0.8088942307692307 0.21514423076923078 0.15865384615384615 0.15384615384615385
3 0.2644230769230769 0.8569711538461539 0.18509615384615385 0.18269230769230768
3 0.4495192307692308 0.8389423076923077 0.18990384615384615 0.18990384615384615
2 0.6646634615384616 0.796875 0.14903846153846154 0.1466346153846154
2 0.8341346153846154 0.7740384615384616 0.15865384615384615 0.15384615384615385