2 0.4375 0.625 0.14903846153846154 0.15865384615384615
2 0.22235576923076922 0.625 0.15384615384615385 0.15384615384615385
2 0.6129807692307693 0.6225961538461539 0.13942307692307693 0.14423076923076922
2 0.8016826923076923 0.6201923076923077 0.13701923076923078 0.15144230769230768
1 0.20793269230769232 0.44711538461538464 0.16346153846153846 0.15865384615384615
1 0.41466346153846156 0.42788461538461536 0.15384615384615385 0.16826923076923078
1 0.6129807692307693 0.4170673076923077 0.15384615384615385 0.16346153846153846
1 0.7932692307692307 0.4026442307692308 0.15865384615384615 0.16346153846153846
1 0.21995192307692307 0.24519230769230768 0.16826923076923078 0.16826923076923078
1 0.6045673076923077 0.22355769230769232 0.15384615384615385 0.1778846153846154
1 0.4230769230769231 0.22235576923076922 0.15384615384615385 0.17548076923076922
1 0.7884615384615384 0.20192307692307693 0.15384615384615385 0.16346153846153846
2 0.21394230769230768 0.8293269230769231 0.14903846153846154 0.15384615384615385
2 0.43028846153846156 0.8125 0.13942307692307693 0.15384615384615385
2 0.6069711538461539 0.7920673076923077 0.13942307692307693 0.15144230769230768
2 0.8076923076923077 0.7896634615384616 0.13942307692307693 0.15144230769230768