2 0.7283653846153846 0.7908653846153846 0.16346153846153846 0.17548076923076922
1 0.6730769230769231 0.4375 0.18990384615384615 0.18990384615384615
2 0.6009615384615384 0.18389423076923078 0.1658653846153846 0.17067307692307693
2 0.5757211538461539 0.056490384615384616 0.16105769230769232 0.11298076923076923
2 0.6346153846153846 0.6730769230769231 0.17307692307692307 0.17548076923076922
1 0.5456730769230769 0.5408653846153846 0.18990384615384615 0.19230769230769232
2 0.5769230769230769 0.8329326923076923 0.1778846153846154 0.18509615384615385
2 0.5192307692307693 0.38461538461538464 0.16826923076923078 0.18028846153846154
1 0.4543269230769231 0.23317307692307693 0.18990384615384615 0.18990384615384615
1 0.421875 0.0829326923076923 0.19471153846153846 0.1658653846153846
1 0.47475961538461536 0.6983173076923077 0.19230769230769232 0.20192307692307693
1 0.37740384615384615 0.4951923076923077 0.19951923076923078 0.20192307692307693
2 0.33413461538461536 0.33413461538461536 0.18028846153846154 0.18509615384615385
1 0.3401442307692308 0.8209134615384616 0.20432692307692307 0.21394230769230768
2 0.31009615384615385 0.6538461538461539 0.18509615384615385 0.1778846153846154
1 0.24278846153846154 0.16706730769230768 0.2091346153846154 0.20432692307692307
1 0.16947115384615385 0.3954326923076923 0.22115384615384615 0.21153846153846154
2 0.17548076923076922 0.7548076923076923 0.19471153846153846 0.18028846153846154
1 0.14783653846153846 0.5805288461538461 0.21634615384615385 0.19951923076923078
1 0.9230769230769231 0.5661057692307693 0.15384615384615385 0.18028846153846154
2 0.8569711538461539 0.28365384615384615 0.14903846153846154 0.16346153846153846
1 0.8401442307692307 0.4326923076923077 0.1778846153846154 0.18509615384615385
2 0.8497596153846154 0.6995192307692307 0.14903846153846154 0.16346153846153846
2 0.7355769230769231 0.14543269230769232 0.15625 0.1658653846153846
1 0.7572115384615384 0.5745192307692307 0.18509615384615385 0.1875
2 0.7139423076923077 0.28725961538461536 0.16105769230769232 0.1658653846153846