3 0.40865384615384615 0.3401442307692308 0.20192307692307693 0.20192307692307693
2 0.703125 0.3894230769230769 0.1658653846153846 0.1658653846153846
2 0.8942307692307693 0.421875 0.17548076923076922 0.17307692307692307
3 0.17548076923076922 0.5084134615384616 0.20432692307692307 0.20432692307692307
3 0.41225961538461536 0.5324519230769231 0.20432692307692307 0.20432692307692307
2 0.6694711538461539 0.5841346153846154 0.17548076923076922 0.17307692307692307
2 0.8677884615384616 0.6370192307692307 0.18509615384615385 0.17307692307692307
3 0.14543269230769232 0.7319711538461539 0.2091346153846154 0.2091346153846154
3 0.37259615384615385 0.7524038461538461 0.21394230769230768 0.22355769230769232
2 0.6213942307692307 0.8245192307692307 0.17307692307692307 0.18028846153846154
2 0.8377403846153846 0.8581730769230769 0.18269230769230768 0.1875
3 0.22956730769230768 0.125 0.1971153846153846 0.1875
3 0.4411057692307692 0.14783653846153846 0.19230769230769232 0.18990384615384615
2 0.9194711538461539 0.22596153846153846 0.16105769230769232 0.16826923076923078
2 0.7127403846153846 0.21634615384615385 0.15865384615384615 0.15865384615384615
3 0.21394230769230768 0.30649038461538464 0.20192307692307693 0.1971153846153846