3 0.4831730769230769 0.3245192307692308 0.18509615384615385 0.18509615384615385
3 0.2704326923076923 0.3425480769230769 0.18990384615384615 0.18028846153846154
2 0.6875 0.3581730769230769 0.15384615384615385 0.15384615384615385
2 0.8557692307692307 0.3557692307692308 0.15625 0.14903846153846154
3 0.2620192307692308 0.5144230769230769 0.1971153846153846 0.18509615384615385
3 0.49759615384615385 0.5048076923076923 0.18990384615384615 0.18990384615384615
2 0.8834134615384616 0.5120192307692307 0.15384615384615385 0.15384615384615385
2 0.7007211538461539 0.5372596153846154 0.15865384615384615 0.15865384615384615
2 0.7271634615384616 0.6995192307692307 0.16346153846153846 0.16826923076923078
2 0.9026442307692307 0.6947115384615384 0.17067307692307693 0.16346153846153846
3 0.24158653846153846 0.7620192307692307 0.2091346153846154 0.21634615384615385
3 0.5348557692307693 0.7439903846153846 0.19951923076923078 0.21153846153846154
3 0.25721153846153844 0.15384615384615385 0.1875 0.1658653846153846
3 0.46033653846153844 0.15384615384615385 0.1778846153846154 0.17067307692307693
2 0.8317307692307693 0.1935096153846154 0.14903846153846154 0.14423076923076922
2 0.6706730769230769 0.21033653846153846 0.14903846153846154 0.13942307692307693