3 0.5132211538461539 0.6490384615384616 0.20192307692307693 0.20192307692307693
3 0.29447115384615385 0.6622596153846154 0.19230769230769232 0.1971153846153846
2 0.7199519230769231 0.5817307692307693 0.16105769230769232 0.1658653846153846
2 0.8966346153846154 0.5625 0.16826923076923078 0.17067307692307693
3 0.2620192307692308 0.4807692307692308 0.19951923076923078 0.19471153846153846
3 0.4963942307692308 0.4567307692307692 0.20192307692307693 0.20192307692307693
2 0.8858173076923077 0.3870192307692308 0.1658653846153846 0.1658653846153846
2 0.6947115384615384 0.39903846153846156 0.16105769230769232 0.1658653846153846
2 0.6899038461538461 0.2247596153846154 0.16105769230769232 0.1658653846153846
2 0.8689903846153846 0.20432692307692307 0.16826923076923078 0.1658653846153846
3 0.2127403846153846 0.24519230769230768 0.20673076923076922 0.21394230769230768
3 0.4963942307692308 0.2091346153846154 0.20192307692307693 0.21153846153846154
3 0.3076923076923077 0.859375 0.19471153846153846 0.19471153846153846
3 0.5192307692307693 0.8389423076923077 0.19471153846153846 0.1875
2 0.90625 0.7379807692307693 0.16105769230769232 0.16105769230769232
2 0.7271634615384616 0.7415865384615384 0.15625 0.16105769230769232