2 0.7728365384615384 0.41346153846153844 0.16105769230769232 0.17067307692307693
2 0.5829326923076923 0.4098557692307692 0.16826923076923078 0.16826923076923078
2 0.4182692307692308 0.40024038461538464 0.17548076923076922 0.17548076923076922
2 0.23798076923076922 0.3954326923076923 0.18028846153846154 0.18028846153846154
3 0.8317307692307693 0.6382211538461539 0.20432692307692307 0.20192307692307693
3 0.6394230769230769 0.6298076923076923 0.2091346153846154 0.21875
3 0.3954326923076923 0.6105769230769231 0.21875 0.21634615384615385
3 0.19591346153846154 0.5985576923076923 0.23076923076923078 0.2283653846153846
3 0.8257211538461539 0.8557692307692307 0.1971153846153846 0.20192307692307693
3 0.6466346153846154 0.8329326923076923 0.19951923076923078 0.20673076923076922
3 0.40384615384615385 0.8125 0.21634615384615385 0.21875
3 0.1658653846153846 0.8040865384615384 0.2283653846153846 0.22596153846153846
2 0.2548076923076923 0.16947115384615385 0.18990384615384615 0.18509615384615385
2 0.7956730769230769 0.2548076923076923 0.17067307692307693 0.16826923076923078
2 0.6225961538461539 0.234375 0.16346153846153846 0.17067307692307693
2 0.44471153846153844 0.2127403846153846 0.17548076923076922 0.17307692307692307