2 0.6802884615384616 0.27524038461538464 0.17307692307692307 0.16826923076923078
2 0.6189903846153846 0.6766826923076923 0.17307692307692307 0.16346153846153846
2 0.6394230769230769 0.49278846153846156 0.16346153846153846 0.16346153846153846
2 0.5757211538461539 0.8689903846153846 0.16105769230769232 0.15625
1 0.45913461538461536 0.21394230769230768 0.1778846153846154 0.18269230769230768
1 0.34615384615384615 0.8497596153846154 0.18028846153846154 0.18509615384615385
1 0.39903846153846156 0.4206730769230769 0.18990384615384615 0.1778846153846154
1 0.34975961538461536 0.6213942307692307 0.1778846153846154 0.17548076923076922
1 0.24519230769230768 0.16706730769230768 0.19230769230769232 0.1778846153846154
1 0.13942307692307693 0.8173076923076923 0.19230769230769232 0.18269230769230768
1 0.1935096153846154 0.3798076923076923 0.18028846153846154 0.18028846153846154
1 0.16346153846153846 0.5949519230769231 0.1778846153846154 0.17548076923076922
2 0.8641826923076923 0.3016826923076923 0.16346153846153846 0.16105769230769232
2 0.8076923076923077 0.5144230769230769 0.17307692307692307 0.16346153846153846
2 0.7475961538461539 0.8882211538461539 0.17067307692307693 0.15625
2 0.7692307692307693 0.6899038461538461 0.16826923076923078 0.16826923076923078