2 0.4831730769230769 0.7776442307692307 0.17307692307692307 0.1346153846153846
2 0.24278846153846154 0.7247596153846154 0.17307692307692307 0.13701923076923078
1 0.6045673076923077 0.6694711538461539 0.21875 0.18028846153846154
1 0.39783653846153844 0.6670673076923077 0.22355769230769232 0.17067307692307693
2 0.8137019230769231 0.6165865384615384 0.18509615384615385 0.13701923076923078
2 0.08052884615384616 0.5961538461538461 0.15865384615384615 0.1466346153846154
1 0.2439903846153846 0.5733173076923077 0.21875 0.17548076923076922
1 0.6478365384615384 0.5240384615384616 0.22355769230769232 0.17548076923076922
2 0.8737980769230769 0.5024038461538461 0.18028846153846154 0.13701923076923078
2 0.46033653846153844 0.5360576923076923 0.18028846153846154 0.13701923076923078
2 0.7668269230769231 0.4050480769230769 0.19951923076923078 0.15144230769230768
1 0.33653846153846156 0.43509615384615385 0.23798076923076922 0.18269230769230768
1 0.11899038461538461 0.4483173076923077 0.23076923076923078 0.18269230769230768
1 0.5540865384615384 0.390625 0.22596153846153846 0.18028846153846154
1 0.4098557692307692 0.27283653846153844 0.23798076923076922 0.18990384615384615
2 0.6153846153846154 0.24278846153846154 0.19471153846153846 0.15384615384615385