2 0.7908653846153846 0.47596153846153844 0.12259615384615384 0.16105769230769232
2 0.7223557692307693 0.24278846153846154 0.12259615384615384 0.16105769230769232
3 0.6983173076923077 0.6045673076923077 0.15384615384615385 0.2091346153846154
3 0.6730769230769231 0.4026442307692308 0.14182692307692307 0.19951923076923078
2 0.6598557692307693 0.8173076923076923 0.1201923076923077 0.1658653846153846
2 0.5841346153846154 0.08052884615384616 0.12740384615384615 0.16105769230769232
3 0.5745192307692307 0.2548076923076923 0.1466346153846154 0.20673076923076922
3 0.5552884615384616 0.6574519230769231 0.15384615384615385 0.2091346153846154
2 0.546875 0.8858173076923077 0.125 0.17067307692307693
2 0.5492788461538461 0.4699519230769231 0.12259615384615384 0.17548076923076922
2 0.44591346153846156 0.7836538461538461 0.12740384615384615 0.18028846153846154
3 0.4423076923076923 0.36538461538461536 0.16346153846153846 0.21153846153846154
3 0.44350961538461536 0.14182692307692307 0.16346153846153846 0.21394230769230768
3 0.4170673076923077 0.5757211538461539 0.15625 0.21394230769230768
3 0.2860576923076923 0.4362980769230769 0.17307692307692307 0.22355769230769232
2 0.26802884615384615 0.6418269230769231 0.1466346153846154 0.18269230769230768