2 0.31490384615384615 0.7415865384615384 0.11778846153846154 0.125
2 0.3401442307692308 0.5324519230769231 0.11057692307692307 0.10576923076923077
3 0.3870192307692308 0.32211538461538464 0.13221153846153846 0.12740384615384615
2 0.3858173076923077 0.625 0.11057692307692307 0.11057692307692307
2 0.4326923076923077 0.4206730769230769 0.10576923076923077 0.10096153846153846
2 0.421875 0.734375 0.11538461538461539 0.11538461538461539
3 0.46274038461538464 0.5288461538461539 0.13221153846153846 0.13221153846153846
2 0.49399038461538464 0.29086538461538464 0.10096153846153846 0.09615384615384616
3 0.5120192307692307 0.6466346153846154 0.13701923076923078 0.13701923076923078
3 0.5600961538461539 0.4495192307692308 0.13221153846153846 0.13221153846153846
3 0.59375 0.33533653846153844 0.12980769230769232 0.11778846153846154
2 0.6045673076923077 0.7307692307692307 0.11538461538461539 0.1201923076923077
2 0.6213942307692307 0.5444711538461539 0.11057692307692307 0.10576923076923077
3 0.6875 0.42908653846153844 0.13701923076923078 0.12740384615384615
3 0.7163461538461539 0.6225961538461539 0.15144230769230768 0.14182692307692307
3 0.32211538461538464 0.4254807692307692 0.14182692307692307 0.12740384615384615