2 0.171875 0.3545673076923077 0.17067307692307693 0.16826923076923078
2 0.056490384615384616 0.375 0.11298076923076923 0.16826923076923078
2 0.6598557692307693 0.33052884615384615 0.1778846153846154 0.1658653846153846
1 0.5324519230769231 0.4170673076923077 0.19471153846153846 0.18990384615384615
2 0.375 0.4423076923076923 0.17548076923076922 0.17307692307692307
2 0.8209134615384616 0.390625 0.18028846153846154 0.17548076923076922
1 0.22235576923076922 0.49759615384615385 0.18990384615384615 0.18990384615384615
1 0.07451923076923077 0.5300480769230769 0.14903846153846154 0.18990384615384615
1 0.6850961538461539 0.4891826923076923 0.20192307692307693 0.20192307692307693
1 0.4807692307692308 0.5793269230769231 0.19951923076923078 0.19230769230769232
2 0.3233173076923077 0.6225961538461539 0.17307692307692307 0.17548076923076922
1 0.15144230769230768 0.7139423076923077 0.2091346153846154 0.20673076923076922
2 0.6370192307692307 0.6478365384615384 0.18269230769230768 0.18028846153846154
1 0.8076923076923077 0.625 0.20673076923076922 0.20673076923076922
1 0.3798076923076923 0.7884615384615384 0.2091346153846154 0.22355769230769232
1 0.5637019230769231 0.8112980769230769 0.20673076923076922 0.21634615384615385
2 0.7379807692307693 0.7896634615384616 0.19230769230769232 0.19951923076923078
1 0.5661057692307693 0.06129807692307692 0.18509615384615385 0.12259615384615384
2 0.2776442307692308 0.11057692307692307 0.1658653846153846 0.15865384615384615
1 0.42788461538461536 0.12860576923076922 0.18028846153846154 0.17548076923076922
2 0.6862980769230769 0.1201923076923077 0.1658653846153846 0.15384615384615385
2 0.13581730769230768 0.22235576923076922 0.16826923076923078 0.15384615384615385
2 0.2800480769230769 0.24759615384615385 0.1658653846153846 0.16346153846153846
1 0.5697115384615384 0.20793269230769232 0.18269230769230768 0.1778846153846154
1 0.4266826923076923 0.29086538461538464 0.19471153846153846 0.18269230769230768
2 0.7752403846153846 0.24158653846153846 0.17548076923076922 0.1658653846153846