3 0.3269230769230769 0.4735576923076923 0.19471153846153846 0.19471153846153846
3 0.34975961538461536 0.25600961538461536 0.1875 0.19951923076923078
2 0.36177884615384615 0.6875 0.16105769230769232 0.16105769230769232
2 0.35216346153846156 0.859375 0.15625 0.16105769230769232
3 0.5300480769230769 0.25240384615384615 0.1971153846153846 0.20432692307692307
3 0.5144230769230769 0.49278846153846156 0.19951923076923078 0.19951923076923078
2 0.515625 0.8942307692307693 0.16105769230769232 0.16105769230769232
2 0.5432692307692307 0.7043269230769231 0.1658653846153846 0.16826923076923078
2 0.7139423076923077 0.7331730769230769 0.17548076923076922 0.17307692307692307
2 0.7007211538461539 0.9134615384615384 0.17067307692307693 0.17307692307692307
3 0.7848557692307693 0.23557692307692307 0.22596153846153846 0.21875
3 0.7596153846153846 0.5372596153846154 0.22355769230769232 0.2091346153846154
3 0.15865384615384615 0.24158653846153846 0.17307692307692307 0.1971153846153846
3 0.15144230769230768 0.4483173076923077 0.1778846153846154 0.1875
2 0.18990384615384615 0.8353365384615384 0.14903846153846154 0.15865384615384615
2 0.20793269230769232 0.6670673076923077 0.1466346153846154 0.15625