3 0.6514423076923077 0.8197115384615384 0.21153846153846154 0.2091346153846154
3 0.6634615384615384 0.6213942307692307 0.20673076923076922 0.20673076923076922
2 0.6754807692307693 0.3269230769230769 0.17307692307692307 0.17307692307692307
2 0.6959134615384616 0.12980769230769232 0.17548076923076922 0.18028846153846154
3 0.4495192307692308 0.8173076923076923 0.20673076923076922 0.21634615384615385
3 0.47115384615384615 0.578125 0.21634615384615385 0.21634615384615385
2 0.47716346153846156 0.31490384615384615 0.16826923076923078 0.17307692307692307
2 0.47475961538461536 0.109375 0.18028846153846154 0.1875
3 0.24639423076923078 0.5673076923076923 0.23317307692307693 0.23076923076923078
3 0.21394230769230768 0.7908653846153846 0.23076923076923078 0.22355769230769232
2 0.2283653846153846 0.3088942307692308 0.18990384615384615 0.18269230769230768
2 0.24639423076923078 0.0889423076923077 0.19471153846153846 0.1778846153846154
3 0.8305288461538461 0.8557692307692307 0.1971153846153846 0.19951923076923078
3 0.859375 0.6358173076923077 0.20192307692307693 0.20192307692307693
2 0.8942307692307693 0.14182692307692307 0.16826923076923078 0.16826923076923078
2 0.8545673076923077 0.35216346153846156 0.16346153846153846 0.17307692307692307