3 0.38461538461538464 0.5456730769230769 0.19951923076923078 0.1971153846153846
3 0.40865384615384615 0.765625 0.19471153846153846 0.18990384615384615
2 0.41947115384615385 0.3329326923076923 0.16346153846153846 0.15865384615384615
2 0.41225961538461536 0.15504807692307693 0.16826923076923078 0.16346153846153846
3 0.59375 0.7668269230769231 0.19230769230769232 0.1971153846153846
3 0.5805288461538461 0.53125 0.19951923076923078 0.1971153846153846
2 0.5889423076923077 0.13822115384615385 0.16346153846153846 0.16346153846153846
2 0.6069711538461539 0.328125 0.16346153846153846 0.15865384615384615
2 0.7776442307692307 0.30528846153846156 0.16346153846153846 0.15865384615384615
2 0.7716346153846154 0.12379807692307693 0.16346153846153846 0.1658653846153846
3 0.8341346153846154 0.7788461538461539 0.2091346153846154 0.20432692307692307
3 0.8245192307692307 0.4951923076923077 0.2091346153846154 0.19951923076923078
3 0.2091346153846154 0.7800480769230769 0.19230769230769232 0.19230769230769232
3 0.20072115384615385 0.5721153846153846 0.18509615384615385 0.19230769230769232
2 0.23557692307692307 0.171875 0.15865384615384615 0.15865384615384615
2 0.26322115384615385 0.3473557692307692 0.15865384615384615 0.15384615384615385