2 0.46634615384615385 0.7548076923076923 0.16346153846153846 0.1346153846153846
2 0.6923076923076923 0.7211538461538461 0.1658653846153846 0.1346153846153846
3 0.3605769230769231 0.6514423076923077 0.21153846153846154 0.17067307692307693
3 0.5480769230769231 0.6550480769230769 0.20192307692307693 0.15625
2 0.1658653846153846 0.5901442307692307 0.1658653846153846 0.12980769230769232
2 0.8629807692307693 0.6141826923076923 0.1658653846153846 0.13942307692307693
3 0.6995192307692307 0.5841346153846154 0.21153846153846154 0.16105769230769232
3 0.328125 0.5132211538461539 0.21153846153846154 0.17067307692307693
2 0.11899038461538461 0.47596153846153844 0.17548076923076922 0.13942307692307693
2 0.5024038461538461 0.5336538461538461 0.18028846153846154 0.13701923076923078
2 0.22355769230769232 0.3942307692307692 0.18509615384615385 0.14182692307692307
3 0.6153846153846154 0.44591346153846156 0.21875 0.17548076923076922
3 0.8221153846153846 0.47716346153846156 0.21875 0.17548076923076922
3 0.4206730769230769 0.39663461538461536 0.21634615384615385 0.17067307692307693
3 0.5685096153846154 0.2932692307692308 0.2283653846153846 0.18990384615384615
2 0.3798076923076923 0.24879807692307693 0.1875 0.15865384615384615