2 0.7920673076923077 0.578125 0.16826923076923078 0.1778846153846154
2 0.5961538461538461 0.5841346153846154 0.17548076923076922 0.17548076923076922
2 0.4266826923076923 0.5985576923076923 0.18509615384615385 0.18509615384615385
2 0.2403846153846154 0.6069711538461539 0.1875 0.1875
3 0.8473557692307693 0.3449519230769231 0.21153846153846154 0.2091346153846154
3 0.6502403846153846 0.35697115384615385 0.21634615384615385 0.2283653846153846
3 0.40024038461538464 0.38221153846153844 0.23076923076923078 0.22596153846153846
3 0.19471153846153846 0.39783653846153844 0.24278846153846154 0.2403846153846154
3 0.8377403846153846 0.12139423076923077 0.20432692307692307 0.21153846153846154
3 0.6538461538461539 0.14783653846153846 0.2091346153846154 0.21875
3 0.40384615384615385 0.17307692307692307 0.22596153846153846 0.23076923076923078
3 0.15985576923076922 0.18629807692307693 0.23798076923076922 0.23798076923076922
2 0.26322115384615385 0.8377403846153846 0.1971153846153846 0.19230769230769232
2 0.8185096153846154 0.7403846153846154 0.1778846153846154 0.17548076923076922
2 0.6394230769230769 0.765625 0.17067307692307693 0.1778846153846154
2 0.4567307692307692 0.7908653846153846 0.18269230769230768 0.18269230769230768