3 0.28725961538461536 0.6538461538461539 0.21875 0.22596153846153846
2 0.1141826923076923 0.5456730769230769 0.18990384615384615 0.18990384615384615
2 0.5901442307692307 0.5841346153846154 0.16346153846153846 0.17067307692307693
3 0.7644230769230769 0.5769230769230769 0.2091346153846154 0.21634615384615385
3 0.43149038461538464 0.5264423076923077 0.22115384615384615 0.21634615384615385
3 0.4266826923076923 0.5216346153846154 0.21634615384615385 0.22596153846153846
2 0.2548076923076923 0.4675480769230769 0.19471153846153846 0.18509615384615385
3 0.6117788461538461 0.4110576923076923 0.2283653846153846 0.2283653846153846
2 0.7872596153846154 0.4014423076923077 0.17067307692307693 0.18028846153846154
2 0.4423076923076923 0.3425480769230769 0.18990384615384615 0.18990384615384615
3 0.2608173076923077 0.28966346153846156 0.23317307692307693 0.2403846153846154
3 0.44591346153846156 0.15144230769230768 0.24519230769230768 0.24519230769230768
2 0.4795673076923077 0.8713942307692307 0.16346153846153846 0.15625
3 0.3076923076923077 0.8461538461538461 0.22355769230769232 0.20432692307692307
2 0.11778846153846154 0.7055288461538461 0.17548076923076922 0.17067307692307693
3 0.47836538461538464 0.7115384615384616 0.2091346153846154 0.20192307692307693
2 0.6550480769230769 0.71875 0.1658653846153846 0.16826923076923078