2 0.2980769230769231 0.8004807692307693 0.17307692307692307 0.17067307692307693
2 0.35697115384615385 0.453125 0.16346153846153846 0.17067307692307693
2 0.40625 0.11658653846153846 0.16826923076923078 0.17548076923076922
1 0.35096153846153844 0.6358173076923077 0.1778846153846154 0.18509615384615385
2 0.4483173076923077 0.2620192307692308 0.16105769230769232 0.17067307692307693
1 0.4170673076923077 0.9146634615384616 0.19471153846153846 0.17067307692307693
2 0.44350961538461536 0.7680288461538461 0.17067307692307693 0.1658653846153846
1 0.5060096153846154 0.41225961538461536 0.18990384615384615 0.18990384615384615
1 0.5637019230769231 0.08774038461538461 0.19471153846153846 0.17548076923076922
1 0.5072115384615384 0.59375 0.1971153846153846 0.19230769230769232
2 0.6045673076923077 0.2439903846153846 0.18028846153846154 0.18509615384615385
1 0.6045673076923077 0.7415865384615384 0.20673076923076922 0.19230769230769232
2 0.6442307692307693 0.515625 0.1778846153846154 0.1778846153846154
1 0.6454326923076923 0.9158653846153846 0.20432692307692307 0.16826923076923078
1 0.7235576923076923 0.34975961538461536 0.22355769230769232 0.20673076923076922
2 0.7584134615384616 0.15264423076923078 0.18509615384615385 0.18269230769230768
1 0.7728365384615384 0.6670673076923077 0.21394230769230768 0.20673076923076922
2 0.8125 0.4951923076923077 0.1875 0.17548076923076922
2 0.7944711538461539 0.8389423076923077 0.1971153846153846 0.19230769230769232
1 0.0829326923076923 0.5192307692307693 0.1658653846153846 0.18269230769230768
2 0.12259615384615384 0.2644230769230769 0.15625 0.1658653846153846
1 0.18870192307692307 0.39783653846153844 0.17307692307692307 0.18269230769230768
1 0.25600961538461536 0.12259615384615384 0.17307692307692307 0.18269230769230768
2 0.19831730769230768 0.6983173076923077 0.16105769230769232 0.17067307692307693
2 0.22956730769230768 0.5540865384615384 0.16105769230769232 0.16346153846153846
1 0.30288461538461536 0.2824519230769231 0.18028846153846154 0.18990384615384615