2 0.6658653846153846 0.7980769230769231 0.16826923076923078 0.16826923076923078
2 0.6057692307692307 0.46634615384615385 0.15865384615384615 0.1658653846153846
2 0.5504807692307693 0.14543269230769232 0.16346153846153846 0.17307692307692307
1 0.6129807692307693 0.6418269230769231 0.17548076923076922 0.1778846153846154
2 0.5132211538461539 0.2860576923076923 0.15865384615384615 0.1658653846153846
1 0.5552884615384616 0.9158653846153846 0.1875 0.16826923076923078
2 0.5252403846153846 0.7680288461538461 0.1658653846153846 0.16346153846153846
1 0.46274038461538464 0.43028846153846156 0.18509615384615385 0.18509615384615385
1 0.39783653846153844 0.10576923076923077 0.19230769230769232 0.19951923076923078
1 0.46274038461538464 0.6021634615384616 0.18990384615384615 0.18990384615384615
2 0.3641826923076923 0.26802884615384615 0.17548076923076922 0.1778846153846154
1 0.3713942307692308 0.7463942307692307 0.19951923076923078 0.1875
2 0.3293269230769231 0.53125 0.17067307692307693 0.17307692307692307
1 0.33533653846153844 0.9158653846153846 0.19951923076923078 0.16826923076923078
1 0.2512019230769231 0.375 0.21634615384615385 0.19951923076923078
2 0.21514423076923078 0.18389423076923078 0.1778846153846154 0.1778846153846154
1 0.2091346153846154 0.6778846153846154 0.20673076923076922 0.1971153846153846
2 0.16826923076923078 0.5132211538461539 0.18269230769230768 0.17067307692307693
2 0.19110576923076922 0.84375 0.18990384615384615 0.18509615384615385
1 0.8689903846153846 0.5240384615384616 0.1658653846153846 0.1778846153846154
2 0.8257211538461539 0.2800480769230769 0.15384615384615385 0.16105769230769232
1 0.7644230769230769 0.4110576923076923 0.17067307692307693 0.1778846153846154
1 0.6971153846153846 0.1466346153846154 0.17067307692307693 0.18028846153846154
2 0.7608173076923077 0.6983173076923077 0.15865384615384615 0.1658653846153846
2 0.7283653846153846 0.5600961538461539 0.15865384615384615 0.15865384615384615
1 0.6526442307692307 0.3004807692307692 0.17548076923076922 0.18269230769230768