2 0.4326923076923077 0.5528846153846154 0.1466346153846154 0.15144230769230768
2 0.2536057692307692 0.5685096153846154 0.1466346153846154 0.1466346153846154
2 0.609375 0.5276442307692307 0.15144230769230768 0.16105769230769232
2 0.8125 0.5 0.15144230769230768 0.15144230769230768
1 0.23557692307692307 0.3641826923076923 0.16105769230769232 0.16105769230769232
1 0.41466346153846156 0.3449519230769231 0.16346153846153846 0.16105769230769232
1 0.6069711538461539 0.32572115384615385 0.1658653846153846 0.16105769230769232
1 0.8197115384615384 0.3016826923076923 0.1658653846153846 0.1658653846153846
1 0.22716346153846154 0.17668269230769232 0.15144230769230768 0.15625
1 0.8185096153846154 0.10817307692307693 0.16826923076923078 0.17067307692307693
1 0.5865384615384616 0.12139423076923077 0.17548076923076922 0.16826923076923078
1 0.37740384615384615 0.13341346153846154 0.1658653846153846 0.1658653846153846
2 0.6514423076923077 0.7355769230769231 0.15144230769230768 0.15384615384615385
2 0.2668269230769231 0.7680288461538461 0.1466346153846154 0.15625
2 0.8605769230769231 0.7067307692307693 0.15144230769230768 0.15865384615384615
2 0.4699519230769231 0.7283653846153846 0.1466346153846154 0.15865384615384615