2 0.35096153846153844 0.24639423076923078 0.14903846153846154 0.15144230769230768
2 0.36658653846153844 0.10697115384615384 0.15144230769230768 0.15865384615384615
2 0.35216346153846156 0.6983173076923077 0.1466346153846154 0.15865384615384615
1 0.4254807692307692 0.5757211538461539 0.16826923076923078 0.17067307692307693
2 0.4423076923076923 0.43028846153846156 0.15384615384615385 0.15625
2 0.4170673076923077 0.8449519230769231 0.15384615384615385 0.16105769230769232
1 0.4855769230769231 0.2860576923076923 0.1658653846153846 0.1658653846153846
1 0.5096153846153846 0.12620192307692307 0.17307692307692307 0.18028846153846154
1 0.5012019230769231 0.7151442307692307 0.1778846153846154 0.1778846153846154
1 0.5733173076923077 0.5204326923076923 0.16826923076923078 0.17548076923076922
2 0.6069711538461539 0.37259615384615385 0.15625 0.15384615384615385
1 0.6826923076923077 0.2091346153846154 0.18269230769230768 0.1875
2 0.6442307692307693 0.6622596153846154 0.15865384615384615 0.16105769230769232
1 0.6310096153846154 0.8221153846153846 0.18269230769230768 0.18269230769230768
1 0.7620192307692307 0.4182692307692308 0.1971153846153846 0.18269230769230768
1 0.7920673076923077 0.5853365384615384 0.19230769230769232 0.18269230769230768
2 0.7800480769230769 0.7487980769230769 0.17548076923076922 0.16826923076923078
1 0.07572115384615384 0.6262019230769231 0.15144230769230768 0.1658653846153846
2 0.12980769230769232 0.35697115384615385 0.14182692307692307 0.1466346153846154
1 0.15384615384615385 0.4951923076923077 0.15384615384615385 0.16105769230769232
2 0.15985576923076922 0.7319711538461539 0.13701923076923078 0.14903846153846154
2 0.2283653846153846 0.21875 0.13701923076923078 0.14903846153846154
2 0.25841346153846156 0.35096153846153844 0.1466346153846154 0.1466346153846154
1 0.234375 0.6201923076923077 0.15625 0.16346153846153846
1 0.30288461538461536 0.4855769230769231 0.16346153846153846 0.17067307692307693
2 0.27524038461538464 0.8100961538461539 0.1466346153846154 0.15625