2 0.7764423076923077 0.6610576923076923 0.15865384615384615 0.16346153846153846
2 0.3545673076923077 0.6454326923076923 0.15144230769230768 0.16105769230769232
2 0.546875 0.6466346153846154 0.15144230769230768 0.15144230769230768
2 0.15144230769230768 0.6274038461538461 0.1466346153846154 0.15384615384615385
1 0.8100961538461539 0.4206730769230769 0.17548076923076922 0.1658653846153846
1 0.14302884615384615 0.38822115384615385 0.17307692307692307 0.17067307692307693
1 0.5913461538461539 0.38822115384615385 0.1658653846153846 0.1778846153846154
1 0.3786057692307692 0.3629807692307692 0.16346153846153846 0.1658653846153846
1 0.8329326923076923 0.19831730769230768 0.1658653846153846 0.18509615384615385
1 0.15144230769230768 0.17307692307692307 0.1658653846153846 0.1778846153846154
1 0.6057692307692307 0.171875 0.17067307692307693 0.1658653846153846
1 0.38221153846153844 0.16466346153846154 0.16346153846153846 0.1658653846153846
2 0.7728365384615384 0.8521634615384616 0.1466346153846154 0.15384615384615385
2 0.5456730769230769 0.8197115384615384 0.15144230769230768 0.16105769230769232
2 0.15384615384615385 0.8076923076923077 0.1466346153846154 0.16105769230769232
2 0.3605769230769231 0.8052884615384616 0.15625 0.15625