3 0.4206730769230769 0.34975961538461536 0.20192307692307693 0.20432692307692307
3 0.17307692307692307 0.35336538461538464 0.20673076923076922 0.20673076923076922
2 0.671875 0.36658653846153844 0.16346153846153846 0.17067307692307693
2 0.8509615384615384 0.375 0.17067307692307693 0.17067307692307693
3 0.39903846153846156 0.5576923076923077 0.20673076923076922 0.21153846153846154
3 0.16105769230769232 0.5829326923076923 0.21153846153846154 0.21153846153846154
2 0.6490384615384616 0.5877403846153846 0.17067307692307693 0.17548076923076922
2 0.8377403846153846 0.6117788461538461 0.17548076923076922 0.17548076923076922
3 0.1045673076923077 0.8269230769230769 0.2091346153846154 0.22115384615384615
3 0.38221153846153844 0.8269230769230769 0.21634615384615385 0.2283653846153846
2 0.6370192307692307 0.8569711538461539 0.17307692307692307 0.18028846153846154
2 0.8425480769230769 0.8882211538461539 0.17548076923076922 0.1875
3 0.4026442307692308 0.13701923076923078 0.20432692307692307 0.19951923076923078
3 0.19471153846153846 0.14302884615384615 0.1971153846153846 0.19230769230769232
2 0.6947115384615384 0.15384615384615385 0.15865384615384615 0.15865384615384615
2 0.8665865384615384 0.17307692307692307 0.15865384615384615 0.15865384615384615