2 0.22956730769230768 0.31850961538461536 0.17307692307692307 0.17307692307692307
2 0.6454326923076923 0.3701923076923077 0.1658653846153846 0.17307692307692307
2 0.45552884615384615 0.35216346153846156 0.16346153846153846 0.16346153846153846
2 0.8449519230769231 0.40625 0.15625 0.1658653846153846
1 0.17427884615384615 0.5528846153846154 0.18990384615384615 0.1778846153846154
1 0.8341346153846154 0.6442307692307693 0.18509615384615385 0.18509615384615385
1 0.3894230769230769 0.6033653846153846 0.1778846153846154 0.18990384615384615
1 0.5973557692307693 0.6478365384615384 0.17548076923076922 0.18028846153846154
1 0.13221153846153846 0.7716346153846154 0.1778846153846154 0.1971153846153846
1 0.8052884615384616 0.8557692307692307 0.18028846153846154 0.18990384615384615
1 0.3557692307692308 0.8173076923076923 0.18509615384615385 0.18028846153846154
1 0.5769230769230769 0.8425480769230769 0.17548076923076922 0.18028846153846154
2 0.24879807692307693 0.12860576923076922 0.15865384615384615 0.1658653846153846
2 0.47115384615384615 0.1814903846153846 0.1658653846153846 0.17307692307692307
2 0.8581730769230769 0.22716346153846154 0.15865384615384615 0.17307692307692307
2 0.6538461538461539 0.21153846153846154 0.16826923076923078 0.16826923076923078