3 0.3425480769230769 0.38341346153846156 0.17548076923076922 0.17548076923076922
3 0.37259615384615385 0.5504807692307693 0.16105769230769232 0.17548076923076922
2 0.4338942307692308 0.24278846153846154 0.13942307692307693 0.14423076923076922
2 0.44591346153846156 0.7620192307692307 0.13701923076923078 0.14182692307692307
2 0.49038461538461536 0.3701923076923077 0.14182692307692307 0.14903846153846154
3 0.5240384615384616 0.6358173076923077 0.1778846153846154 0.17067307692307693
2 0.5901442307692307 0.2704326923076923 0.13942307692307693 0.15625
3 0.5949519230769231 0.4807692307692308 0.1778846153846154 0.18028846153846154
2 0.6802884615384616 0.6598557692307693 0.14903846153846154 0.14182692307692307
2 0.7079326923076923 0.17668269230769232 0.1466346153846154 0.14903846153846154
3 0.7307692307692307 0.35096153846153844 0.18990384615384615 0.19471153846153846
3 0.7944711538461539 0.5432692307692307 0.19230769230769232 0.18990384615384615
2 0.20673076923076922 0.44471153846153844 0.12980769230769232 0.13942307692307693
3 0.21875 0.5913461538461539 0.16826923076923078 0.1658653846153846
3 0.2800480769230769 0.22235576923076922 0.16826923076923078 0.18509615384615385
2 0.31850961538461536 0.7199519230769231 0.12980769230769232 0.1346153846153846