2 0.8112980769230769 0.3125 0.15384615384615385 0.14182692307692307
1 0.47836538461538464 0.34134615384615385 0.1658653846153846 0.1658653846153846
2 0.23918269230769232 0.3918269230769231 0.15144230769230768 0.1466346153846154
2 0.09134615384615384 0.4074519230769231 0.15144230769230768 0.14423076923076922
2 0.6971153846153846 0.3918269230769231 0.15384615384615385 0.15144230769230768
1 0.5673076923076923 0.4651442307692308 0.17067307692307693 0.1658653846153846
2 0.8413461538461539 0.4567307692307692 0.16105769230769232 0.15625
2 0.4206730769230769 0.4807692307692308 0.16105769230769232 0.1466346153846154
1 0.27403846153846156 0.5324519230769231 0.1658653846153846 0.1658653846153846
1 0.11538461538461539 0.5516826923076923 0.1778846153846154 0.17307692307692307
1 0.7091346153846154 0.5432692307692307 0.1778846153846154 0.16826923076923078
1 0.5132211538461539 0.6213942307692307 0.1778846153846154 0.17307692307692307
2 0.3605769230769231 0.6490384615384616 0.16105769230769232 0.15625
1 0.8149038461538461 0.6766826923076923 0.1875 0.18028846153846154
2 0.6574519230769231 0.6923076923076923 0.15625 0.16105769230769232
1 0.19951923076923078 0.7247596153846154 0.18028846153846154 0.18509615384615385
1 0.4074519230769231 0.8064903846153846 0.18509615384615385 0.19471153846153846
2 0.7415865384615384 0.8257211538461539 0.15625 0.17067307692307693
1 0.578125 0.8389423076923077 0.1778846153846154 0.19471153846153846
1 0.6177884615384616 0.1045673076923077 0.16105769230769232 0.15384615384615385
2 0.3473557692307692 0.15985576923076922 0.1466346153846154 0.13221153846153846
1 0.4855769230769231 0.18389423076923078 0.16105769230769232 0.15384615384615385
2 0.734375 0.1935096153846154 0.1466346153846154 0.13221153846153846
2 0.21153846153846154 0.26322115384615385 0.1466346153846154 0.13701923076923078
1 0.6129807692307693 0.27283653846153844 0.1658653846153846 0.16105769230769232
2 0.3425480769230769 0.29447115384615385 0.1466346153846154 0.14182692307692307