3 0.34375 0.4963942307692308 0.18269230769230768 0.18509615384615385
2 0.34975961538461536 0.8004807692307693 0.14182692307692307 0.14423076923076922
2 0.3762019230769231 0.6502403846153846 0.14903846153846154 0.14182692307692307
2 0.390625 0.19831730769230768 0.14423076923076922 0.15144230769230768
2 0.3954326923076923 0.3545673076923077 0.13942307692307693 0.14182692307692307
3 0.4951923076923077 0.7512019230769231 0.18269230769230768 0.1875
3 0.5012019230769231 0.5661057692307693 0.18269230769230768 0.1875
3 0.5348557692307693 0.24278846153846154 0.18028846153846154 0.18990384615384615
2 0.5324519230769231 0.4050480769230769 0.15384615384615385 0.16346153846153846
2 0.6454326923076923 0.6754807692307693 0.15865384615384615 0.14903846153846154
3 0.6682692307692307 0.5024038461538461 0.18269230769230768 0.1875
3 0.7055288461538461 0.31850961538461536 0.19230769230769232 0.18269230769230768
2 0.19471153846153846 0.5564903846153846 0.14182692307692307 0.13942307692307693
2 0.203125 0.41947115384615385 0.13942307692307693 0.14423076923076922
3 0.23317307692307693 0.7055288461538461 0.16826923076923078 0.18269230769230768
3 0.24519230769230768 0.2668269230769231 0.18269230769230768 0.18028846153846154