3 0.5252403846153846 0.6646634615384616 0.19471153846153846 0.19471153846153846
2 0.8389423076923077 0.6430288461538461 0.14903846153846154 0.14903846153846154
2 0.6838942307692307 0.625 0.14903846153846154 0.15384615384615385
2 0.21995192307692307 0.6322115384615384 0.15865384615384615 0.15144230769230768
2 0.3762019230769231 0.6201923076923077 0.14903846153846154 0.14423076923076922
3 0.78125 0.4951923076923077 0.19951923076923078 0.19471153846153846
3 0.5877403846153846 0.4987980769230769 0.19951923076923078 0.19471153846153846
3 0.25600961538461536 0.48197115384615385 0.19951923076923078 0.18990384615384615
2 0.4230769230769231 0.47475961538461536 0.17067307692307693 0.16105769230769232
2 0.6959134615384616 0.3449519230769231 0.15384615384615385 0.1658653846153846
3 0.5168269230769231 0.33052884615384615 0.19951923076923078 0.19471153846153846
3 0.32211538461538464 0.30288461538461536 0.19471153846153846 0.20432692307692307
2 0.5961538461538461 0.8137019230769231 0.14423076923076922 0.14903846153846154
2 0.453125 0.8137019230769231 0.14903846153846154 0.14423076923076922
3 0.7463942307692307 0.7680288461538461 0.19230769230769232 0.1778846153846154
3 0.296875 0.7788461538461539 0.18990384615384615 0.19471153846153846