1 0.3401442307692308 0.3629807692307692 0.17067307692307693 0.1658653846153846
2 0.3449519230769231 0.7475961538461539 0.15144230769230768 0.1658653846153846
2 0.4266826923076923 0.47475961538461536 0.13942307692307693 0.14423076923076922
2 0.44591346153846156 0.2512019230769231 0.13942307692307693 0.13942307692307693
1 0.47836538461538464 0.671875 0.17067307692307693 0.17548076923076922
1 0.546875 0.3858173076923077 0.17548076923076922 0.1658653846153846
1 0.5552884615384616 0.8161057692307693 0.17067307692307693 0.17067307692307693
1 0.5612980769230769 0.5384615384615384 0.17548076923076922 0.17067307692307693
2 0.5877403846153846 0.2439903846153846 0.14903846153846154 0.13942307692307693
2 0.6298076923076923 0.6742788461538461 0.15144230769230768 0.14903846153846154
1 0.7019230769230769 0.41225961538461536 0.16105769230769232 0.16105769230769232
1 0.7271634615384616 0.5661057692307693 0.1658653846153846 0.16105769230769232
2 0.8569711538461539 0.49038461538461536 0.15144230769230768 0.1466346153846154
1 0.21033653846153846 0.6778846153846154 0.17067307692307693 0.17548076923076922
2 0.22716346153846154 0.45913461538461536 0.14903846153846154 0.15144230769230768
2 0.31850961538461536 0.5625 0.15144230769230768 0.14903846153846154