2 0.35336538461538464 0.20192307692307693 0.14903846153846154 0.1466346153846154
2 0.36658653846153844 0.5913461538461539 0.14903846153846154 0.13942307692307693
2 0.36658653846153844 0.41346153846153844 0.13942307692307693 0.13942307692307693
2 0.38461538461538464 0.7788461538461539 0.14182692307692307 0.1346153846153846
1 0.5745192307692307 0.17067307692307693 0.15144230769230768 0.16105769230769232
1 0.6045673076923077 0.7884615384615384 0.15625 0.16105769230769232
1 0.6045673076923077 0.3713942307692308 0.1658653846153846 0.15144230769230768
1 0.6286057692307693 0.5685096153846154 0.15625 0.14903846153846154
1 0.78125 0.14903846153846154 0.17067307692307693 0.15144230769230768
1 0.8040865384615384 0.7800480769230769 0.1658653846153846 0.15625
1 0.8052884615384616 0.359375 0.15625 0.15625
1 0.8112980769230769 0.5649038461538461 0.15625 0.14903846153846154
2 0.17668269230769232 0.20552884615384615 0.14182692307692307 0.13701923076923078
2 0.20673076923076922 0.41346153846153844 0.14903846153846154 0.13942307692307693
2 0.21754807692307693 0.7764423076923077 0.14903846153846154 0.1346153846153846
2 0.21995192307692307 0.5865384615384616 0.14423076923076922 0.14423076923076922