3 0.28125 0.4362980769230769 0.18990384615384615 0.18990384615384615
3 0.3269230769230769 0.6129807692307693 0.1778846153846154 0.18990384615384615
2 0.3629807692307692 0.28365384615384615 0.15144230769230768 0.15625
2 0.4170673076923077 0.828125 0.1466346153846154 0.15384615384615385
2 0.43509615384615385 0.41586538461538464 0.15384615384615385 0.16105769230769232
3 0.48677884615384615 0.6911057692307693 0.19230769230769232 0.1875
2 0.5288461538461539 0.3004807692307692 0.15144230769230768 0.1658653846153846
3 0.5528846153846154 0.5216346153846154 0.19230769230769232 0.1971153846153846
2 0.6538461538461539 0.7043269230769231 0.16105769230769232 0.15384615384615385
2 0.6478365384615384 0.19471153846153846 0.15865384615384615 0.1658653846153846
3 0.6826923076923077 0.3786057692307692 0.20673076923076922 0.21153846153846154
3 0.765625 0.5709134615384616 0.2091346153846154 0.20673076923076922
2 0.140625 0.5108173076923077 0.14182692307692307 0.15144230769230768
3 0.16706730769230768 0.6670673076923077 0.18269230769230768 0.18028846153846154
3 0.20192307692307693 0.2764423076923077 0.18269230769230768 0.20192307692307693
2 0.2776442307692308 0.7908653846153846 0.14182692307692307 0.1466346153846154