3 0.6346153846153846 0.6045673076923077 0.1778846153846154 0.19471153846153846
3 0.828125 0.6057692307692307 0.18509615384615385 0.19230769230769232
3 0.23677884615384615 0.5733173076923077 0.19951923076923078 0.1971153846153846
3 0.4519230769230769 0.5745192307692307 0.18509615384615385 0.18509615384615385
2 0.203125 0.3317307692307692 0.16105769230769232 0.16105769230769232
2 0.4362980769230769 0.3269230769230769 0.15625 0.15625
2 0.7992788461538461 0.33413461538461536 0.1466346153846154 0.15625
2 0.6274038461538461 0.3161057692307692 0.15144230769230768 0.15625
2 0.21153846153846154 0.12139423076923077 0.16105769230769232 0.16105769230769232
2 0.4254807692307692 0.12980769230769232 0.15625 0.15625
2 0.6237980769230769 0.13581730769230768 0.15144230769230768 0.15625
2 0.8209134615384616 0.1310096153846154 0.1658653846153846 0.15625
3 0.4423076923076923 0.8052884615384616 0.18990384615384615 0.20432692307692307
3 0.22235576923076922 0.7908653846153846 0.20432692307692307 0.19951923076923078
3 0.8149038461538461 0.8185096153846154 0.18269230769230768 0.1875
3 0.6394230769230769 0.7932692307692307 0.18509615384615385 0.1971153846153846