3 0.5612980769230769 0.30408653846153844 0.19471153846153846 0.1971153846153846
3 0.8004807692307693 0.3076923076923077 0.19951923076923078 0.19951923076923078
2 0.31971153846153844 0.32091346153846156 0.15625 0.16346153846153846
2 0.1466346153846154 0.328125 0.16346153846153846 0.16346153846153846
3 0.5817307692307693 0.5036057692307693 0.19951923076923078 0.20192307692307693
3 0.8112980769230769 0.5276442307692307 0.20192307692307693 0.20673076923076922
2 0.34134615384615385 0.5336538461538461 0.16346153846153846 0.16826923076923078
2 0.15865384615384615 0.5564903846153846 0.16826923076923078 0.16826923076923078
3 0.8725961538461539 0.7632211538461539 0.21153846153846154 0.21153846153846154
3 0.5985576923076923 0.7644230769230769 0.20673076923076922 0.22115384615384615
2 0.35216346153846156 0.7920673076923077 0.16826923076923078 0.17307692307692307
2 0.15384615384615385 0.8233173076923077 0.16826923076923078 0.18028846153846154
3 0.578125 0.0985576923076923 0.1971153846153846 0.19230769230769232
3 0.7800480769230769 0.1045673076923077 0.18990384615384615 0.18509615384615385
2 0.296875 0.11538461538461539 0.15384615384615385 0.15384615384615385
2 0.1310096153846154 0.13341346153846154 0.15384615384615385 0.15384615384615385