3 0.2776442307692308 0.23677884615384615 0.2091346153846154 0.21153846153846154
2 0.3762019230769231 0.8353365384615384 0.1875 0.1778846153846154
3 0.3389423076923077 0.46634615384615385 0.21153846153846154 0.20673076923076922
2 0.36177884615384615 0.6442307692307693 0.16346153846153846 0.1778846153846154
3 0.4579326923076923 0.19831730769230768 0.20673076923076922 0.21153846153846154
2 0.5757211538461539 0.8100961538461539 0.17307692307692307 0.17548076923076922
3 0.5276442307692307 0.40625 0.2091346153846154 0.20673076923076922
2 0.5709134615384616 0.6298076923076923 0.1658653846153846 0.17067307692307693
3 0.7115384615384616 0.16466346153846154 0.21875 0.20192307692307693
3 0.7487980769230769 0.3713942307692308 0.21875 0.20192307692307693
2 0.7800480769230769 0.5997596153846154 0.17307692307692307 0.16105769230769232
2 0.8016826923076923 0.7800480769230769 0.17307692307692307 0.16105769230769232
3 0.1045673076923077 0.4831730769230769 0.2091346153846154 0.21153846153846154
3 0.09375 0.25721153846153844 0.1875 0.21153846153846154
2 0.17548076923076922 0.6730769230769231 0.1778846153846154 0.1778846153846154
2 0.20793269230769232 0.8545673076923077 0.17548076923076922 0.17548076923076922