2 0.6081730769230769 0.21394230769230768 0.16105769230769232 0.15865384615384615
2 0.6201923076923077 0.6213942307692307 0.16105769230769232 0.15144230769230768
2 0.6081730769230769 0.43509615384615385 0.15144230769230768 0.15144230769230768
2 0.6165865384615384 0.8185096153846154 0.15384615384615385 0.1466346153846154
1 0.3737980769230769 0.19591346153846154 0.16826923076923078 0.17548076923076922
1 0.3858173076923077 0.84375 0.17067307692307693 0.17067307692307693
1 0.35697115384615385 0.4098557692307692 0.1778846153846154 0.16826923076923078
1 0.34615384615384615 0.6177884615384616 0.1658653846153846 0.16105769230769232
1 0.15625 0.18990384615384615 0.18269230769230768 0.16826923076923078
1 0.1778846153846154 0.8497596153846154 0.1778846153846154 0.17067307692307693
1 0.1466346153846154 0.4098557692307692 0.1658653846153846 0.17067307692307693
1 0.15504807692307693 0.6274038461538461 0.1658653846153846 0.16105769230769232
2 0.7920673076923077 0.20432692307692307 0.15384615384615385 0.1466346153846154
2 0.7752403846153846 0.42427884615384615 0.16105769230769232 0.15144230769230768
2 0.7908653846153846 0.8052884615384616 0.16105769230769232 0.1466346153846154
2 0.7740384615384616 0.6057692307692307 0.15625 0.15625