3 0.31850961538461536 0.5564903846153846 0.20192307692307693 0.19951923076923078
3 0.3076923076923077 0.7848557692307693 0.20432692307692307 0.20432692307692307
2 0.35216346153846156 0.32572115384615385 0.16826923076923078 0.15865384615384615
2 0.3701923076923077 0.15985576923076922 0.16826923076923078 0.16826923076923078
3 0.5096153846153846 0.5901442307692307 0.20673076923076922 0.20432692307692307
3 0.5180288461538461 0.8112980769230769 0.2091346153846154 0.2091346153846154
2 0.5540865384615384 0.3605769230769231 0.17307692307692307 0.17067307692307693
2 0.5877403846153846 0.1875 0.17548076923076922 0.17548076923076922
3 0.7379807692307693 0.8858173076923077 0.21875 0.21875
3 0.7572115384615384 0.6225961538461539 0.22596153846153846 0.21394230769230768
2 0.8016826923076923 0.38822115384615385 0.18028846153846154 0.17307692307692307
2 0.84375 0.20072115384615385 0.18509615384615385 0.17548076923076922
3 0.12259615384615384 0.5588942307692307 0.1971153846153846 0.20192307692307693
3 0.11538461538461539 0.7524038461538461 0.18990384615384615 0.19471153846153846
2 0.15625 0.29086538461538464 0.15865384615384615 0.15865384615384615
2 0.18509615384615385 0.13221153846153846 0.15865384615384615 0.15865384615384615