2 0.7043269230769231 0.08413461538461539 0.15384615384615385 0.16346153846153846
1 0.71875 0.44591346153846156 0.18509615384615385 0.18509615384615385
2 0.6947115384615384 0.7067307692307693 0.15865384615384615 0.16346153846153846
2 0.6995192307692307 0.8641826923076923 0.15625 0.16346153846153846
2 0.6358173076923077 0.21995192307692307 0.16346153846153846 0.16826923076923078
1 0.5745192307692307 0.36778846153846156 0.18509615384615385 0.1875
2 0.5480769230769231 0.08052884615384616 0.17307692307692307 0.16105769230769232
2 0.5769230769230769 0.5276442307692307 0.16105769230769232 0.17307692307692307
1 0.5408653846153846 0.6862980769230769 0.18509615384615385 0.18509615384615385
1 0.5420673076923077 0.8617788461538461 0.18990384615384615 0.19471153846153846
1 0.4723557692307692 0.22355769230769232 0.18509615384615385 0.19471153846153846
1 0.41466346153846156 0.4423076923076923 0.18990384615384615 0.19471153846153846
2 0.40384615384615385 0.6105769230769231 0.17307692307692307 0.18028846153846154
1 0.31490384615384615 0.12740384615384615 0.19471153846153846 0.20432692307692307
2 0.31850961538461536 0.3004807692307692 0.18028846153846154 0.17307692307692307
1 0.3449519230769231 0.7920673076923077 0.19951923076923078 0.19471153846153846
1 0.22956730769230768 0.5829326923076923 0.21153846153846154 0.20192307692307693
2 0.1658653846153846 0.22596153846153846 0.1875 0.17307692307692307
1 0.17307692307692307 0.4050480769230769 0.21153846153846154 0.19471153846153846
1 0.9290865384615384 0.265625 0.12259615384615384 0.17067307692307693
2 0.9290865384615384 0.5576923076923077 0.14182692307692307 0.15865384615384615
1 0.8858173076923077 0.41346153846153844 0.17067307692307693 0.1778846153846154
2 0.8425480769230769 0.1502403846153846 0.14423076923076922 0.15865384615384615
2 0.8377403846153846 0.7211538461538461 0.15144230769230768 0.15865384615384615
1 0.7740384615384616 0.29086538461538464 0.18028846153846154 0.18028846153846154
2 0.7860576923076923 0.5841346153846154 0.15384615384615385 0.15865384615384615