3 0.5084134615384616 0.6646634615384616 0.22355769230769232 0.22115384615384615
2 0.828125 0.6021634615384616 0.17307692307692307 0.17067307692307693
2 0.6646634615384616 0.6033653846153846 0.17067307692307693 0.1778846153846154
2 0.18870192307692307 0.6706730769230769 0.18028846153846154 0.17548076923076922
2 0.35096153846153844 0.6370192307692307 0.17067307692307693 0.1658653846153846
3 0.7487980769230769 0.4579326923076923 0.22596153846153846 0.22115384615384615
3 0.5540865384615384 0.48677884615384615 0.22596153846153846 0.22115384615384615
3 0.20673076923076922 0.5108173076923077 0.2283653846153846 0.21875
2 0.3786057692307692 0.4831730769230769 0.1971153846153846 0.18509615384615385
2 0.6418269230769231 0.31490384615384615 0.18028846153846154 0.18990384615384615
3 0.45552884615384615 0.32211538461538464 0.22596153846153846 0.22115384615384615
3 0.2548076923076923 0.3173076923076923 0.22115384615384615 0.2283653846153846
2 0.5985576923076923 0.8100961538461539 0.1658653846153846 0.17067307692307693
2 0.4543269230769231 0.8257211538461539 0.17307692307692307 0.16826923076923078
3 0.7487980769230769 0.7427884615384616 0.21875 0.20673076923076922
3 0.2860576923076923 0.8112980769230769 0.21875 0.21875