3 0.6814903846153846 0.49158653846153844 0.2091346153846154 0.20432692307692307
3 0.703125 0.7067307692307693 0.19951923076923078 0.1971153846153846
2 0.6081730769230769 0.28966346153846156 0.16826923076923078 0.16346153846153846
2 0.5841346153846154 0.11538461538461539 0.17548076923076922 0.17067307692307693
3 0.5252403846153846 0.7451923076923077 0.19951923076923078 0.20192307692307693
3 0.49158653846153844 0.5144230769230769 0.2091346153846154 0.20432692307692307
2 0.4098557692307692 0.1310096153846154 0.16826923076923078 0.16826923076923078
2 0.42788461538461536 0.31850961538461536 0.16826923076923078 0.16346153846153846
2 0.25721153846153844 0.3317307692307692 0.16826923076923078 0.1658653846153846
2 0.23076923076923078 0.15384615384615385 0.16826923076923078 0.17067307692307693
3 0.2932692307692308 0.8028846153846154 0.21875 0.2091346153846154
3 0.24879807692307693 0.5252403846153846 0.21875 0.2091346153846154
3 0.8966346153846154 0.6862980769230769 0.1971153846153846 0.1971153846153846
3 0.8689903846153846 0.4795673076923077 0.19471153846153846 0.19951923076923078
2 0.7572115384615384 0.0985576923076923 0.16346153846153846 0.16346153846153846
2 0.7668269230769231 0.2764423076923077 0.1658653846153846 0.16105769230769232