3 0.4254807692307692 0.6526442307692307 0.20432692307692307 0.20192307692307693
3 0.20072115384615385 0.6310096153846154 0.20432692307692307 0.19471153846153846
2 0.6310096153846154 0.6225961538461539 0.1658653846153846 0.15625
2 0.8088942307692307 0.6358173076923077 0.17307692307692307 0.16826923076923078
3 0.19591346153846154 0.44591346153846156 0.22115384615384615 0.19471153846153846
3 0.4387019230769231 0.46274038461538464 0.19471153846153846 0.20432692307692307
2 0.8293269230769231 0.46274038461538464 0.17067307692307693 0.17067307692307693
2 0.6346153846153846 0.43990384615384615 0.16826923076923078 0.17067307692307693
2 0.6634615384615384 0.27163461538461536 0.16826923076923078 0.17067307692307693
2 0.8353365384615384 0.2800480769230769 0.18269230769230768 0.1778846153846154
3 0.19471153846153846 0.21153846153846154 0.21875 0.21394230769230768
3 0.4699519230769231 0.22596153846153846 0.21153846153846154 0.21875
3 0.39302884615384615 0.8425480769230769 0.19230769230769232 0.1875
3 0.18990384615384615 0.8233173076923077 0.19230769230769232 0.19471153846153846
2 0.7860576923076923 0.8076923076923077 0.15865384615384615 0.16346153846153846
2 0.6105769230769231 0.7788461538461539 0.16346153846153846 0.1466346153846154