3 0.35096153846153844 0.5252403846153846 0.1875 0.18269230769230768
3 0.33774038461538464 0.7259615384615384 0.18269230769230768 0.1778846153846154
2 0.41225961538461536 0.33653846153846156 0.15144230769230768 0.1466346153846154
2 0.42908653846153844 0.17427884615384615 0.16105769230769232 0.15144230769230768
3 0.5036057692307693 0.7560096153846154 0.1778846153846154 0.18269230769230768
3 0.5264423076923077 0.5408653846153846 0.1875 0.18269230769230768
2 0.5913461538461539 0.18389423076923078 0.15144230769230768 0.15144230769230768
2 0.5817307692307693 0.3581730769230769 0.15144230769230768 0.1466346153846154
2 0.7391826923076923 0.3641826923076923 0.15144230769230768 0.15144230769230768
2 0.7584134615384616 0.19951923076923078 0.15144230769230768 0.15625
3 0.7211538461538461 0.8016826923076923 0.1971153846153846 0.1875
3 0.7536057692307693 0.5420673076923077 0.1971153846153846 0.1875
3 0.15625 0.7139423076923077 0.1778846153846154 0.1778846153846154
3 0.17548076923076922 0.5216346153846154 0.17307692307692307 0.18028846153846154
2 0.2692307692307692 0.16466346153846154 0.1466346153846154 0.1466346153846154
2 0.265625 0.3293269230769231 0.15144230769230768 0.1466346153846154