2 0.625 0.7824519230769231 0.13221153846153846 0.13701923076923078
2 0.6478365384615384 0.5709134615384616 0.125 0.1201923076923077
3 0.6514423076923077 0.35216346153846156 0.14423076923076922 0.14182692307692307
2 0.5805288461538461 0.6514423076923077 0.125 0.125
2 0.5805288461538461 0.43990384615384615 0.11778846153846154 0.11538461538461539
2 0.5204326923076923 0.75 0.12980769230769232 0.12980769230769232
3 0.5300480769230769 0.5408653846153846 0.1466346153846154 0.1466346153846154
2 0.5504807692307693 0.2980769230769231 0.11298076923076923 0.10817307692307693
3 0.453125 0.6430288461538461 0.15384615384615385 0.15384615384615385
3 0.45072115384615385 0.4375 0.1466346153846154 0.14423076923076922
3 0.44350961538461536 0.3173076923076923 0.14423076923076922 0.13221153846153846
2 0.34375 0.7055288461538461 0.13221153846153846 0.13221153846153846
2 0.3701923076923077 0.5192307692307693 0.125 0.1201923076923077
3 0.328125 0.390625 0.15144230769230768 0.14423076923076922
3 0.25841346153846156 0.5733173076923077 0.1658653846153846 0.15865384615384615
3 0.6923076923076923 0.4699519230769231 0.15625 0.14182692307692307