2 0.375 0.5673076923076923 0.17067307692307693 0.1658653846153846
2 0.34615384615384615 0.7596153846153846 0.17067307692307693 0.1658653846153846
2 0.41586538461538464 0.3786057692307692 0.18269230769230768 0.17307692307692307
2 0.4639423076923077 0.1622596153846154 0.17067307692307693 0.17067307692307693
1 0.5661057692307693 0.7944711538461539 0.1875 0.18509615384615385
1 0.5985576923076923 0.6009615384615384 0.18509615384615385 0.1875
1 0.6358173076923077 0.39663461538461536 0.18509615384615385 0.19230769230769232
1 0.6766826923076923 0.16826923076923078 0.19230769230769232 0.19230769230769232
1 0.7668269230769231 0.8173076923076923 0.18028846153846154 0.17548076923076922
1 0.8870192307692307 0.18629807692307693 0.1971153846153846 0.19230769230769232
1 0.8533653846153846 0.4326923076923077 0.19471153846153846 0.20192307692307693
1 0.8233173076923077 0.65625 0.19230769230769232 0.19230769230769232
2 0.19591346153846154 0.3173076923076923 0.17548076923076922 0.17067307692307693
2 0.1310096153846154 0.7295673076923077 0.1778846153846154 0.16826923076923078
2 0.24158653846153846 0.09254807692307693 0.18028846153846154 0.1778846153846154
2 0.19110576923076922 0.5132211538461539 0.18028846153846154 0.16826923076923078