2 0.3161057692307692 0.7463942307692307 0.1466346153846154 0.15144230769230768
2 0.3269230769230769 0.890625 0.15144230769230768 0.15865384615384615
2 0.3329326923076923 0.2848557692307692 0.1466346153846154 0.15625
1 0.40384615384615385 0.41346153846153844 0.1658653846153846 0.17067307692307693
2 0.41586538461538464 0.5637019230769231 0.15144230769230768 0.15625
2 0.4026442307692308 0.13701923076923078 0.15144230769230768 0.16105769230769232
1 0.4543269230769231 0.7115384615384616 0.1658653846153846 0.1658653846153846
1 0.4735576923076923 0.8786057692307693 0.17307692307692307 0.1778846153846154
1 0.4855769230769231 0.27283653846153844 0.1778846153846154 0.1778846153846154
1 0.5528846153846154 0.47475961538461536 0.16826923076923078 0.17548076923076922
2 0.5817307692307693 0.6274038461538461 0.15625 0.15144230769230768
1 0.6538461538461539 0.7980769230769231 0.18269230769230768 0.18509615384615385
2 0.6310096153846154 0.3317307692307692 0.15625 0.16105769230769232
1 0.6237980769230769 0.16826923076923078 0.18269230769230768 0.18269230769230768
1 0.7415865384615384 0.5877403846153846 0.1971153846153846 0.18269230769230768
1 0.7800480769230769 0.4170673076923077 0.19230769230769232 0.18269230769230768
2 0.7728365384615384 0.24879807692307693 0.17548076923076922 0.16826923076923078
1 0.06129807692307692 0.34975961538461536 0.12259615384615384 0.1658653846153846
2 0.09254807692307693 0.6274038461538461 0.13942307692307693 0.1466346153846154
1 0.12259615384615384 0.4855769230769231 0.15144230769230768 0.16105769230769232
2 0.13581730769230768 0.2439903846153846 0.1346153846153846 0.15144230769230768
2 0.18629807692307693 0.7716346153846154 0.1346153846153846 0.15144230769230768
2 0.22355769230769232 0.6370192307692307 0.1466346153846154 0.1466346153846154
1 0.2091346153846154 0.36177884615384615 0.15625 0.16105769230769232
1 0.27524038461538464 0.5024038461538461 0.16105769230769232 0.17067307692307693
2 0.25721153846153844 0.16706730769230768 0.1466346153846154 0.15625