3 0.7908653846153846 0.6274038461538461 0.1971153846153846 0.18990384615384615
3 0.5913461538461539 0.6442307692307693 0.19471153846153846 0.19230769230769232
2 0.19951923076923078 0.6466346153846154 0.15625 0.16105769230769232
2 0.38100961538461536 0.6201923076923077 0.15384615384615385 0.15384615384615385
3 0.7692307692307693 0.43509615384615385 0.20192307692307693 0.19951923076923078
3 0.5600961538461539 0.4483173076923077 0.1971153846153846 0.19230769230769232
2 0.3605769230769231 0.4543269230769231 0.15625 0.15625
2 0.1814903846153846 0.4579326923076923 0.15865384615384615 0.15625
3 0.5552884615384616 0.24879807692307693 0.20192307692307693 0.19951923076923078
2 0.3557692307692308 0.2620192307692308 0.15625 0.15625
3 0.7584134615384616 0.22235576923076922 0.1875 0.19471153846153846
2 0.15384615384615385 0.2692307692307692 0.16105769230769232 0.15625
3 0.7860576923076923 0.8125 0.1875 0.18269230769230768
3 0.6021634615384616 0.8233173076923077 0.18990384615384615 0.18990384615384615
2 0.3858173076923077 0.8161057692307693 0.15144230769230768 0.1466346153846154
2 0.21634615384615385 0.8209134615384616 0.16105769230769232 0.15384615384615385