2 0.6514423076923077 0.6971153846153846 0.15865384615384615 0.15865384615384615
2 0.6262019230769231 0.5588942307692307 0.15865384615384615 0.15384615384615385
1 0.5889423076923077 0.4170673076923077 0.18028846153846154 0.17548076923076922
1 0.5144230769230769 0.26802884615384615 0.19951923076923078 0.18269230769230768
2 0.5709134615384616 0.8112980769230769 0.15144230769230768 0.15865384615384615
1 0.5036057692307693 0.6730769230769231 0.1778846153846154 0.17067307692307693
2 0.4879807692307692 0.5264423076923077 0.15384615384615385 0.15384615384615385
1 0.4206730769230769 0.8052884615384616 0.17067307692307693 0.17307692307692307
1 0.35697115384615385 0.45072115384615385 0.17548076923076922 0.17548076923076922
1 0.36538461538461536 0.6069711538461539 0.18028846153846154 0.17548076923076922
2 0.31850961538461536 0.2824519230769231 0.16826923076923078 0.16826923076923078
2 0.28125 0.734375 0.15865384615384615 0.15865384615384615
1 0.19471153846153846 0.3942307692307692 0.18028846153846154 0.17548076923076922
2 0.21033653846153846 0.5697115384615384 0.16826923076923078 0.15865384615384615
2 0.7391826923076923 0.4723557692307692 0.16826923076923078 0.15865384615384615
1 0.7067307692307693 0.296875 0.18028846153846154 0.19230769230769232