3 0.31490384615384615 0.43509615384615385 0.20192307692307693 0.1971153846153846
3 0.30649038461538464 0.20793269230769232 0.20432692307692307 0.20192307692307693
2 0.3425480769230769 0.6682692307692307 0.1658653846153846 0.15865384615384615
2 0.3605769230769231 0.8341346153846154 0.1658653846153846 0.1658653846153846
3 0.5060096153846154 0.40865384615384615 0.20673076923076922 0.20192307692307693
3 0.5204326923076923 0.18269230769230768 0.2091346153846154 0.20673076923076922
2 0.5492788461538461 0.6382211538461539 0.17067307692307693 0.1658653846153846
2 0.5817307692307693 0.8137019230769231 0.17067307692307693 0.17067307692307693
3 0.7403846153846154 0.11298076923076923 0.21634615384615385 0.21394230769230768
3 0.7560096153846154 0.3762019230769231 0.22115384615384615 0.21153846153846154
2 0.7980769230769231 0.6141826923076923 0.17548076923076922 0.17067307692307693
2 0.8389423076923077 0.8052884615384616 0.18028846153846154 0.17307692307692307
3 0.11899038461538461 0.43028846153846156 0.19471153846153846 0.20192307692307693
3 0.11177884615384616 0.23798076923076922 0.1875 0.19230769230769232
2 0.14783653846153846 0.7019230769230769 0.15625 0.15625
2 0.17427884615384615 0.859375 0.15625 0.15625