2 0.22355769230769232 0.3629807692307692 0.15865384615384615 0.14423076923076922
3 0.5600961538461539 0.4014423076923077 0.19230769230769232 0.19230769230769232
3 0.3870192307692308 0.42908653846153844 0.18269230769230768 0.19230769230769232
2 0.6959134615384616 0.5024038461538461 0.15865384615384615 0.14903846153846154
2 0.17908653846153846 0.484375 0.14903846153846154 0.14423076923076922
2 0.5637019230769231 0.5528846153846154 0.15384615384615385 0.15384615384615385
3 0.29447115384615385 0.5745192307692307 0.1875 0.1971153846153846
2 0.6586538461538461 0.6634615384615384 0.15625 0.18509615384615385
3 0.44350961538461536 0.6622596153846154 0.18990384615384615 0.20192307692307693
2 0.265625 0.7355769230769231 0.15625 0.17067307692307693
2 0.7475961538461539 0.7848557692307693 0.1658653846153846 0.17548076923076922
3 0.5637019230769231 0.7992788461538461 0.19951923076923078 0.21153846153846154
3 0.37259615384615385 0.8557692307692307 0.19951923076923078 0.21153846153846154
2 0.5084134615384616 0.2608173076923077 0.1466346153846154 0.14182692307692307
3 0.3581730769230769 0.2608173076923077 0.1875 0.1778846153846154
3 0.7295673076923077 0.3473557692307692 0.1971153846153846 0.1875