2 0.5 0.22235576923076922 0.15384615384615385 0.11778846153846154
2 0.7199519230769231 0.2956730769230769 0.15625 0.11778846153846154
3 0.375 0.3076923076923077 0.19951923076923078 0.1466346153846154
3 0.5661057692307693 0.33774038461538464 0.18990384615384615 0.1346153846153846
2 0.16826923076923078 0.33533653846153844 0.16105769230769232 0.11538461538461539
2 0.8725961538461539 0.4338942307692308 0.15625 0.12259615384615384
3 0.703125 0.4375 0.1971153846153846 0.13942307692307693
3 0.31971153846153844 0.4411057692307692 0.19951923076923078 0.14903846153846154
2 0.10096153846153846 0.4411057692307692 0.16105769230769232 0.1201923076923077
2 0.4987980769230769 0.4519230769230769 0.1658653846153846 0.11778846153846154
2 0.1935096153846154 0.5432692307692307 0.17067307692307693 0.12259615384615384
3 0.59375 0.5588942307692307 0.20192307692307693 0.15144230769230768
3 0.8076923076923077 0.5649038461538461 0.20432692307692307 0.15384615384615385
3 0.39302884615384615 0.5745192307692307 0.20432692307692307 0.1466346153846154
3 0.5216346153846154 0.7055288461538461 0.21394230769230768 0.16346153846153846
2 0.32572115384615385 0.7151442307692307 0.17548076923076922 0.13942307692307693