2 0.6935096153846154 0.36538461538461536 0.1466346153846154 0.14903846153846154
2 0.5588942307692307 0.36899038461538464 0.14423076923076922 0.1466346153846154
1 0.41466346153846156 0.38341346153846156 0.16105769230769232 0.16826923076923078
1 0.25961538461538464 0.43149038461538464 0.17067307692307693 0.18509615384615385
2 0.7920673076923077 0.46033653846153844 0.14903846153846154 0.14182692307692307
1 0.6490384615384616 0.5048076923076923 0.15865384615384615 0.16826923076923078
2 0.5048076923076923 0.49759615384615385 0.14423076923076922 0.14423076923076922
1 0.7644230769230769 0.6045673076923077 0.16105769230769232 0.15865384615384615
1 0.41225961538461536 0.6117788461538461 0.16105769230769232 0.16346153846153846
1 0.5649038461538461 0.6274038461538461 0.16346153846153846 0.16826923076923078
2 0.2439903846153846 0.6237980769230769 0.15865384615384615 0.15865384615384615
2 0.6730769230769231 0.7283653846153846 0.14903846153846154 0.1466346153846154
1 0.3329326923076923 0.7596153846153846 0.16346153846153846 0.16826923076923078
2 0.5036057692307693 0.7716346153846154 0.1466346153846154 0.15625
2 0.49158653846153844 0.24759615384615385 0.14903846153846154 0.15865384615384615
1 0.31850961538461536 0.2512019230769231 0.1778846153846154 0.17067307692307693