2 0.4375 0.43028846153846156 0.13942307692307693 0.1346153846153846
2 0.4423076923076923 0.2548076923076923 0.13701923076923078 0.1346153846153846
2 0.44350961538461536 0.6057692307692307 0.14903846153846154 0.13942307692307693
2 0.4543269230769231 0.8064903846153846 0.13942307692307693 0.13942307692307693
1 0.6454326923076923 0.25841346153846156 0.15144230769230768 0.14903846153846154
1 0.6430288461538461 0.43509615384615385 0.14903846153846154 0.15144230769230768
1 0.6442307692307693 0.6237980769230769 0.14903846153846154 0.15384615384615385
1 0.6442307692307693 0.8353365384615384 0.15625 0.15625
1 0.8269230769230769 0.2692307692307692 0.1466346153846154 0.13942307692307693
1 0.8353365384615384 0.8509615384615384 0.15865384615384615 0.15625
1 0.84375 0.625 0.15384615384615385 0.16346153846153846
1 0.8521634615384616 0.421875 0.15384615384615385 0.15625
2 0.23798076923076922 0.625 0.14182692307692307 0.13942307692307693
2 0.24639423076923078 0.24639423076923078 0.14423076923076922 0.1346153846153846
2 0.2439903846153846 0.8329326923076923 0.1466346153846154 0.14182692307692307
2 0.265625 0.4495192307692308 0.1466346153846154 0.1346153846153846