2 0.7944711538461539 0.4098557692307692 0.1658653846153846 0.15865384615384615
1 0.45072115384615385 0.375 0.18509615384615385 0.18509615384615385
2 0.20072115384615385 0.37740384615384615 0.16826923076923078 0.16346153846153846
2 0.06971153846153846 0.3641826923076923 0.12980769230769232 0.15384615384615385
2 0.6610576923076923 0.46875 0.17067307692307693 0.16826923076923078
1 0.5144230769230769 0.515625 0.18990384615384615 0.18509615384615385
2 0.7944711538461539 0.5637019230769231 0.1778846153846154 0.17548076923076922
2 0.3629807692307692 0.5048076923076923 0.1778846153846154 0.1658653846153846
1 0.2091346153846154 0.5252403846153846 0.18509615384615385 0.18509615384615385
1 0.07091346153846154 0.5144230769230769 0.14182692307692307 0.1875
1 0.6466346153846154 0.6225961538461539 0.1971153846153846 0.18509615384615385
1 0.4338942307692308 0.6658653846153846 0.1971153846153846 0.19230769230769232
2 0.27283653846153844 0.6646634615384616 0.1778846153846154 0.17548076923076922
1 0.7271634615384616 0.7800480769230769 0.20432692307692307 0.19951923076923078
2 0.5625 0.7632211538461539 0.17548076923076922 0.1778846153846154
1 0.09735576923076923 0.7067307692307693 0.19471153846153846 0.20192307692307693
1 0.28725961538461536 0.8305288461538461 0.20432692307692307 0.21634615384615385
2 0.6237980769230769 0.9098557692307693 0.17548076923076922 0.18028846153846154
1 0.4519230769230769 0.8954326923076923 0.1971153846153846 0.2091346153846154
1 0.6394230769230769 0.16346153846153846 0.1778846153846154 0.17307692307692307
2 0.35697115384615385 0.1658653846153846 0.16105769230769232 0.1466346153846154
1 0.49158653846153844 0.21875 0.1778846153846154 0.17307692307692307
2 0.7415865384615384 0.27283653846153844 0.16105769230769232 0.1466346153846154
2 0.19471153846153846 0.2439903846153846 0.16105769230769232 0.15384615384615385
1 0.6021634615384616 0.3329326923076923 0.18509615384615385 0.18028846153846154
2 0.3245192307692308 0.3004807692307692 0.16105769230769232 0.15865384615384615