2 0.2439903846153846 0.6646634615384616 0.17067307692307693 0.17067307692307693
2 0.6706730769230769 0.6862980769230769 0.15865384615384615 0.16826923076923078
2 0.47716346153846156 0.6694711538461539 0.15865384615384615 0.15865384615384615
2 0.875 0.6850961538461539 0.15384615384615385 0.16105769230769232
1 0.23076923076923078 0.421875 0.18269230769230768 0.17548076923076922
1 0.9026442307692307 0.44711538461538464 0.18269230769230768 0.1778846153846154
1 0.4543269230769231 0.4074519230769231 0.17548076923076922 0.18990384615384615
1 0.6670673076923077 0.4014423076923077 0.17067307692307693 0.17548076923076922
1 0.22956730769230768 0.19591346153846154 0.17548076923076922 0.19471153846153846
1 0.9122596153846154 0.22956730769230768 0.17548076923076922 0.18990384615384615
1 0.4579326923076923 0.18990384615384615 0.1778846153846154 0.1778846153846154
1 0.6850961538461539 0.203125 0.17067307692307693 0.17548076923076922
2 0.23317307692307693 0.8545673076923077 0.15625 0.15865384615384615
2 0.46274038461538464 0.84375 0.15865384615384615 0.16826923076923078
2 0.8557692307692307 0.8653846153846154 0.15384615384615385 0.16826923076923078
2 0.6466346153846154 0.8449519230769231 0.16346153846153846 0.16346153846153846