2 0.4639423076923077 0.7307692307692307 0.17067307692307693 0.1346153846153846
2 0.24158653846153846 0.6346153846153846 0.17307692307692307 0.13701923076923078
1 0.5997596153846154 0.6490384615384616 0.21875 0.18028846153846154
1 0.4026442307692308 0.6081730769230769 0.22115384615384615 0.17307692307692307
2 0.8125 0.6382211538461539 0.18509615384615385 0.13701923076923078
2 0.09735576923076923 0.47836538461538464 0.18028846153846154 0.1466346153846154
1 0.27403846153846156 0.4891826923076923 0.21634615384615385 0.17548076923076922
1 0.6694711538461539 0.5180288461538461 0.22115384615384615 0.1778846153846154
2 0.890625 0.5384615384615384 0.18028846153846154 0.13701923076923078
2 0.48677884615384615 0.49399038461538464 0.18028846153846154 0.13701923076923078
2 0.8064903846153846 0.4254807692307692 0.19471153846153846 0.15144230769230768
1 0.3870192307692308 0.3737980769230769 0.23557692307692307 0.18269230769230768
1 0.17548076923076922 0.34615384615384615 0.2283653846153846 0.18028846153846154
1 0.6057692307692307 0.3713942307692308 0.22115384615384615 0.18028846153846154
1 0.4891826923076923 0.23197115384615385 0.23557692307692307 0.18990384615384615
2 0.6899038461538461 0.2403846153846154 0.19471153846153846 0.15865384615384615