1 0.203125 0.9723557692307693 0.10817307692307693 0.055288461538461536
0 0.109375 0.29447115384615385 0.09134615384615384 0.1201923076923077
0 0.1778846153846154 0.7427884615384616 0.10096153846153846 0.11778846153846154
0 0.15264423076923078 0.5204326923076923 0.09134615384615384 0.11538461538461539
1 0.3293269230769231 0.9567307692307693 0.10576923076923077 0.08653846153846154
0 0.24158653846153846 0.2920673076923077 0.09134615384615384 0.11057692307692307
0 0.2860576923076923 0.5240384615384616 0.09134615384615384 0.11538461538461539
0 0.328125 0.7391826923076923 0.10096153846153846 0.11778846153846154
0 0.39663461538461536 0.2692307692307692 0.09134615384615384 0.1201923076923077
1 0.4963942307692308 0.9543269230769231 0.11298076923076923 0.09134615384615384
0 0.4338942307692308 0.47836538461538464 0.0985576923076923 0.11538461538461539
0 0.4735576923076923 0.7259615384615384 0.0985576923076923 0.1201923076923077
1 0.6790865384615384 0.9399038461538461 0.11538461538461539 0.09134615384615384
0 0.6165865384615384 0.4675480769230769 0.09134615384615384 0.125
0 0.5841346153846154 0.22235576923076922 0.11057692307692307 0.12259615384615384
0 0.6526442307692307 0.6995192307692307 0.10336538461538461 0.13221153846153846
1 0.8557692307692307 0.703125 0.11298076923076923 0.14423076923076922
0 0.7908653846153846 0.21033653846153846 0.10817307692307693 0.11778846153846154
0 0.8269230769230769 0.4519230769230769 0.10576923076923077 0.12259615384615384
1 0.9230769230769231 0.9170673076923077 0.1346153846153846 0.07211538461538461