1 0.04567307692307692 0.7884615384615384 0.09134615384615384 0.11538461538461539
0 0.7524038461538461 0.9002403846153846 0.12259615384615384 0.09375
0 0.2980769230769231 0.8233173076923077 0.1201923076923077 0.10576923076923077
0 0.5216346153846154 0.8521634615384616 0.11778846153846154 0.09375
1 0.06370192307692307 0.6622596153846154 0.12740384615384615 0.11298076923076923
0 0.7548076923076923 0.765625 0.11538461538461539 0.09375
0 0.5216346153846154 0.7175480769230769 0.11538461538461539 0.09134615384615384
0 0.30408653846153844 0.6694711538461539 0.1201923076923077 0.10336538461538461
0 0.7824519230769231 0.609375 0.12259615384615384 0.09615384615384616
1 0.0673076923076923 0.4891826923076923 0.1346153846153846 0.12259615384615384
0 0.5697115384615384 0.5673076923076923 0.1201923076923077 0.10336538461538461
0 0.31971153846153844 0.5228365384615384 0.12259615384615384 0.10336538461538461
1 0.08533653846153846 0.30649038461538464 0.1346153846153846 0.125
0 0.5841346153846154 0.38221153846153844 0.13221153846153846 0.09615384615384616
0 0.8329326923076923 0.41947115384615385 0.125 0.11298076923076923
0 0.34975961538461536 0.3401442307692308 0.13701923076923078 0.10576923076923077
1 0.3485576923076923 0.1346153846153846 0.14903846153846154 0.11538461538461539
0 0.8485576923076923 0.2091346153846154 0.12259615384615384 0.11298076923076923
0 0.6045673076923077 0.16947115384615385 0.125 0.10817307692307693
1 0.11298076923076923 0.06610576923076923 0.11538461538461539 0.13221153846153846