1 0.13221153846153846 0.9302884615384616 0.10336538461538461 0.0985576923076923
0 0.1875 0.21754807692307693 0.08413461538461539 0.11538461538461539
0 0.15985576923076922 0.6730769230769231 0.09375 0.11057692307692307
0 0.1814903846153846 0.4495192307692308 0.08413461538461539 0.11057692307692307
1 0.2608173076923077 0.9302884615384616 0.0985576923076923 0.11298076923076923
0 0.3161057692307692 0.2439903846153846 0.08653846153846154 0.10576923076923077
0 0.3125 0.4807692307692308 0.08413461538461539 0.11057692307692307
0 0.31009615384615385 0.7007211538461539 0.09375 0.11057692307692307
0 0.47475961538461536 0.2536057692307692 0.08653846153846154 0.11538461538461539
1 0.43028846153846156 0.953125 0.10576923076923077 0.09375
0 0.4675480769230769 0.4675480769230769 0.09134615384615384 0.11057692307692307
0 0.45552884615384615 0.71875 0.09134615384615384 0.11538461538461539
1 0.6129807692307693 0.9639423076923077 0.11057692307692307 0.07211538461538461
0 0.6502403846153846 0.4951923076923077 0.08653846153846154 0.12259615384615384
0 0.6682692307692307 0.24639423076923078 0.10336538461538461 0.11778846153846154
0 0.6370192307692307 0.7295673076923077 0.09375 0.12740384615384615
1 0.8365384615384616 0.7764423076923077 0.10576923076923077 0.13942307692307693
0 0.875 0.2776442307692308 0.10336538461538461 0.11298076923076923
0 0.8581730769230769 0.5228365384615384 0.0985576923076923 0.11778846153846154
1 0.8557692307692307 0.984375 0.12980769230769232 0.03125