1 0.02403846153846154 0.9338942307692307 0.036057692307692304 0.10576923076923077
0 0.7644230769230769 0.9146634615384616 0.12259615384615384 0.08413461538461539
0 0.2692307692307692 0.9182692307692307 0.11778846153846154 0.09615384615384616
0 0.5132211538461539 0.9086538461538461 0.11778846153846154 0.08413461538461539
1 0.030048076923076924 0.7956730769230769 0.05048076923076923 0.10096153846153846
0 0.7427884615384616 0.7740384615384616 0.11298076923076923 0.0889423076923077
0 0.48677884615384615 0.765625 0.11538461538461539 0.08413461538461539
0 0.24759615384615385 0.7560096153846154 0.11778846153846154 0.09615384615384616
0 0.7415865384615384 0.6021634615384616 0.12259615384615384 0.0889423076923077
0 0.5096153846153846 0.5985576923076923 0.11778846153846154 0.09375
0 0.23798076923076922 0.5973557692307693 0.12259615384615384 0.09375
0 0.49038461538461536 0.39903846153846156 0.12980769230769232 0.0889423076923077
0 0.7584134615384616 0.39302884615384615 0.12259615384615384 0.10817307692307693
0 0.23677884615384615 0.40024038461538464 0.1346153846153846 0.09615384615384616
1 0.19591346153846154 0.1814903846153846 0.1466346153846154 0.10817307692307693
0 0.7367788461538461 0.16947115384615385 0.11778846153846154 0.10336538461538461
0 0.4723557692307692 0.17067307692307693 0.12259615384615384 0.10336538461538461