1 0.11298076923076923 0.10216346153846154 0.1346153846153846 0.11057692307692307
0 0.8125 0.20552884615384615 0.11778846153846154 0.08653846153846154
0 0.3762019230769231 0.14903846153846154 0.11298076923076923 0.0985576923076923
0 0.5889423076923077 0.18389423076923078 0.11298076923076923 0.08653846153846154
1 0.10697115384615384 0.22596153846153846 0.14182692307692307 0.10576923076923077
0 0.7776442307692307 0.3293269230769231 0.10817307692307693 0.0889423076923077
0 0.5504807692307693 0.3076923076923077 0.11057692307692307 0.08653846153846154
0 0.33774038461538464 0.29086538461538464 0.11298076923076923 0.0985576923076923
0 0.7572115384615384 0.4807692307692308 0.11538461538461539 0.09134615384615384
1 0.07091346153846154 0.3870192307692308 0.12980769230769232 0.11298076923076923
0 0.5528846153846154 0.45913461538461536 0.11298076923076923 0.09615384615384616
0 0.3125 0.43028846153846156 0.11538461538461539 0.09615384615384616
1 0.05048076923076923 0.5612980769230769 0.10096153846153846 0.11778846153846154
0 0.5144230769230769 0.6334134615384616 0.12259615384615384 0.09134615384615384
0 0.7512019230769231 0.6670673076923077 0.11778846153846154 0.10817307692307693
0 0.28846153846153844 0.6045673076923077 0.12740384615384615 0.0985576923076923
1 0.22956730769230768 0.7932692307692307 0.14182692307692307 0.11057692307692307
0 0.7079326923076923 0.8641826923076923 0.11538461538461539 0.10576923076923077
0 0.4723557692307692 0.8329326923076923 0.1201923076923077 0.10336538461538461
1 0.02403846153846154 0.7932692307692307 0.04807692307692308 0.1346153846153846