1 0.1622596153846154 0.07692307692307693 0.09615384615384616 0.125
0 0.17908653846153846 0.7848557692307693 0.07451923076923077 0.11057692307692307
0 0.1778846153846154 0.34375 0.08653846153846154 0.10576923076923077
0 0.18629807692307693 0.5600961538461539 0.07451923076923077 0.10576923076923077
1 0.2860576923076923 0.08653846153846154 0.09134615384615384 0.13221153846153846
0 0.30649038461538464 0.7644230769230769 0.07932692307692307 0.10096153846153846
0 0.3137019230769231 0.5372596153846154 0.07451923076923077 0.10336538461538461
0 0.32211538461538464 0.3233173076923077 0.08653846153846154 0.10576923076923077
0 0.45913461538461536 0.7632211538461539 0.07932692307692307 0.10817307692307693
1 0.45072115384615385 0.06490384615384616 0.10096153846153846 0.12980769230769232
0 0.46274038461538464 0.5576923076923077 0.08413461538461539 0.10576923076923077
0 0.46274038461538464 0.31490384615384615 0.08413461538461539 0.10817307692307693
1 0.6274038461538461 0.057692307692307696 0.10576923076923077 0.11538461538461539
0 0.640625 0.5396634615384616 0.07932692307692307 0.11538461538461539
0 0.6454326923076923 0.7800480769230769 0.09615384615384616 0.10817307692307693
0 0.6394230769230769 0.3125 0.08653846153846154 0.1201923076923077
1 0.8341346153846154 0.2776442307692308 0.09615384615384616 0.13221153846153846
0 0.8461538461538461 0.7596153846153846 0.09375 0.10576923076923077
0 0.8425480769230769 0.5240384615384616 0.09134615384615384 0.11057692307692307
1 0.8629807692307693 0.04567307692307692 0.125 0.09134615384615384