1 0.06370192307692307 0.14302884615384615 0.125 0.15144230769230768
0 0.17908653846153846 0.9230769230769231 0.10096153846153846 0.12980769230769232
0 0.11538461538461539 0.43509615384615385 0.10817307692307693 0.12740384615384615
0 0.15504807692307693 0.6730769230769231 0.0985576923076923 0.125
1 0.20192307692307693 0.13581730769230768 0.11778846153846154 0.15865384615384615
0 0.3173076923076923 0.8834134615384616 0.10096153846153846 0.12259615384615384
0 0.2932692307692308 0.6298076923076923 0.09615384615384616 0.12259615384615384
0 0.27403846153846156 0.39302884615384615 0.10817307692307693 0.12740384615384615
0 0.4855769230769231 0.8617788461538461 0.10096153846153846 0.12980769230769232
1 0.38100961538461536 0.08774038461538461 0.12980769230769232 0.15865384615384615
0 0.46153846153846156 0.6334134615384616 0.10576923076923077 0.12740384615384615
0 0.43028846153846156 0.3641826923076923 0.10576923076923077 0.12980769230769232
1 0.5757211538461539 0.06490384615384616 0.13221153846153846 0.12980769230769232
0 0.65625 0.5889423076923077 0.10336538461538461 0.13701923076923078
0 0.6947115384615384 0.8533653846153846 0.11778846153846154 0.13221153846153846
0 0.6237980769230769 0.33774038461538464 0.11057692307692307 0.14423076923076922
1 0.8341346153846154 0.27163461538461536 0.125 0.15865384615384615
0 0.9134615384615384 0.8052884615384616 0.11538461538461539 0.12740384615384615
0 0.8774038461538461 0.5444711538461539 0.11538461538461539 0.1346153846153846
1 0.8353365384615384 0.03485576923076923 0.15144230769230768 0.06971153846153846