1 0.8305288461538461 0.9423076923076923 0.0985576923076923 0.11538461538461539
0 0.8401442307692307 0.2091346153846154 0.07932692307692307 0.11538461538461539
0 0.8269230769230769 0.6706730769230769 0.0889423076923077 0.11057692307692307
0 0.8257211538461539 0.44471153846153844 0.07932692307692307 0.11057692307692307
1 0.703125 0.9326923076923077 0.09375 0.1346153846153846
0 0.7067307692307693 0.2247596153846154 0.08173076923076923 0.10576923076923077
0 0.6923076923076923 0.4639423076923077 0.07932692307692307 0.10817307692307693
0 0.6742788461538461 0.6862980769230769 0.0889423076923077 0.11057692307692307
0 0.546875 0.22115384615384615 0.08173076923076923 0.11298076923076923
1 0.53125 0.9423076923076923 0.10576923076923077 0.11538461538461539
0 0.5360576923076923 0.4362980769230769 0.0889423076923077 0.11057692307692307
0 0.5264423076923077 0.6899038461538461 0.0889423076923077 0.11298076923076923
1 0.34615384615384615 0.9447115384615384 0.11057692307692307 0.10817307692307693
0 0.35096153846153844 0.4483173076923077 0.08173076923076923 0.12259615384615384
0 0.35216346153846156 0.1971153846153846 0.10096153846153846 0.11298076923076923
0 0.34134615384615385 0.6862980769230769 0.0889423076923077 0.12740384615384615
1 0.13822115384615385 0.7151442307692307 0.10096153846153846 0.13701923076923078
0 0.14302884615384615 0.21033653846153846 0.0985576923076923 0.11057692307692307
0 0.13822115384615385 0.4579326923076923 0.09615384615384616 0.11538461538461539
1 0.09615384615384616 0.9519230769230769 0.12980769230769232 0.08413461538461539