1 0.8918269230769231 0.12620192307692307 0.11778846153846154 0.14423076923076922
0 0.7692307692307693 0.8641826923076923 0.09375 0.125
0 0.8365384615384616 0.4026442307692308 0.10576923076923077 0.12259615384615384
0 0.7956730769230769 0.6286057692307693 0.09375 0.1201923076923077
1 0.7608173076923077 0.11778846153846154 0.11538461538461539 0.15144230769230768
0 0.6394230769230769 0.8245192307692307 0.09615384615384616 0.11778846153846154
0 0.6658653846153846 0.5853365384615384 0.09134615384615384 0.11538461538461539
0 0.6875 0.3605769230769231 0.10576923076923077 0.12259615384615384
0 0.4807692307692308 0.8016826923076923 0.0985576923076923 0.12259615384615384
1 0.5901442307692307 0.0733173076923077 0.125 0.14423076923076922
0 0.5060096153846154 0.5853365384615384 0.10336538461538461 0.12259615384615384
0 0.5408653846153846 0.3317307692307692 0.10336538461538461 0.12259615384615384
1 0.4074519230769231 0.054086538461538464 0.12740384615384615 0.10817307692307693
0 0.3233173076923077 0.5396634615384616 0.0985576923076923 0.13221153846153846
0 0.2824519230769231 0.7920673076923077 0.11538461538461539 0.125
0 0.35697115384615385 0.30288461538461536 0.10817307692307693 0.13701923076923078
1 0.15985576923076922 0.23798076923076922 0.11778846153846154 0.14903846153846154
0 0.07572115384615384 0.7415865384615384 0.11298076923076923 0.125
0 0.1141826923076923 0.49399038461538464 0.11057692307692307 0.12980769230769232
1 0.16105769230769232 0.02283653846153846 0.14423076923076922 0.04567307692307692