1 0.19110576923076922 0.9290865384615384 0.11298076923076923 0.14182692307692307
0 0.15745192307692307 0.13942307692307693 0.0889423076923077 0.125
0 0.18870192307692307 0.6334134615384616 0.0985576923076923 0.1201923076923077
0 0.1814903846153846 0.3894230769230769 0.08653846153846154 0.1201923076923077
1 0.33052884615384615 0.9110576923076923 0.10817307692307693 0.15144230769230768
0 0.3004807692307692 0.1502403846153846 0.09134615384615384 0.11538461538461539
0 0.3269230769230769 0.4050480769230769 0.08653846153846154 0.11778846153846154
0 0.35216346153846156 0.6442307692307693 0.0985576923076923 0.1201923076923077
0 0.47115384615384615 0.140625 0.09375 0.125
1 0.515625 0.9242788461538461 0.11778846153846154 0.15144230769230768
0 0.49158653846153844 0.3701923076923077 0.09615384615384616 0.1201923076923077
0 0.5108173076923077 0.6418269230769231 0.0985576923076923 0.125
1 0.7151442307692307 0.9182692307692307 0.12259615384615384 0.13942307692307693
0 0.6911057692307693 0.37740384615384615 0.09375 0.13221153846153846
0 0.6778846153846154 0.10817307692307693 0.11298076923076923 0.125
0 0.7091346153846154 0.6298076923076923 0.10096153846153846 0.13701923076923078
1 0.9278846153846154 0.6550480769230769 0.11298076923076923 0.14903846153846154
0 0.9050480769230769 0.1141826923076923 0.10576923076923077 0.1201923076923077
0 0.9194711538461539 0.3786057692307692 0.10817307692307693 0.125
1 0.9543269230769231 0.9194711538461539 0.09134615384615384 0.11778846153846154