0 0.7872596153846154 0.17427884615384615 0.08413461538461539 0.11057692307692307
1 0.7692307692307693 0.8689903846153846 0.09375 0.12980769230769232
0 0.7668269230769231 0.40024038461538464 0.07932692307692307 0.10817307692307693
0 0.7632211538461539 0.6237980769230769 0.08413461538461539 0.1201923076923077
0 0.6514423076923077 0.19471153846153846 0.08653846153846154 0.11057692307692307
1 0.6382211538461539 0.8461538461538461 0.09134615384615384 0.13701923076923078
0 0.6370192307692307 0.4206730769230769 0.07932692307692307 0.10336538461538461
0 0.6189903846153846 0.6237980769230769 0.07451923076923077 0.10336538461538461
0 0.4987980769230769 0.20192307692307693 0.08653846153846154 0.11298076923076923
0 0.49038461538461536 0.39783653846153844 0.07451923076923077 0.10336538461538461
1 0.48197115384615385 0.8509615384615384 0.09375 0.12980769230769232
0 0.47596153846153844 0.6237980769230769 0.07932692307692307 0.10817307692307693
1 0.32572115384615385 0.8533653846153846 0.09134615384615384 0.12259615384615384
0 0.3233173076923077 0.4050480769230769 0.08413461538461539 0.10817307692307693
0 0.31850961538461536 0.6105769230769231 0.07932692307692307 0.10336538461538461
0 0.3233173076923077 0.18389423076923078 0.07932692307692307 0.10336538461538461
0 0.14903846153846154 0.6262019230769231 0.07932692307692307 0.10576923076923077
0 0.14783653846153846 0.421875 0.07932692307692307 0.10336538461538461
0 0.14543269230769232 0.20793269230769232 0.08413461538461539 0.11057692307692307
1 0.12379807692307693 0.8497596153846154 0.09615384615384616 0.12259615384615384