0 0.7788461538461539 0.25600961538461536 0.10817307692307693 0.08653846153846154
1 0.13822115384615385 0.19471153846153846 0.125 0.09615384615384616
0 0.5697115384615384 0.25 0.10336538461538461 0.08173076923076923
0 0.3629807692307692 0.2283653846153846 0.11538461538461539 0.0889423076923077
0 0.7463942307692307 0.3786057692307692 0.10817307692307693 0.08653846153846154
1 0.14423076923076922 0.31850961538461536 0.13221153846153846 0.09375
0 0.5360576923076923 0.36778846153846156 0.10336538461538461 0.08173076923076923
0 0.34615384615384615 0.3605769230769231 0.0985576923076923 0.07692307692307693
0 0.7223557692307693 0.5180288461538461 0.10817307692307693 0.08653846153846154
0 0.5408653846153846 0.5048076923076923 0.0985576923076923 0.07692307692307693
1 0.12259615384615384 0.46153846153846156 0.125 0.09615384615384616
0 0.33052884615384615 0.49278846153846156 0.10336538461538461 0.08173076923076923
1 0.10216346153846154 0.6057692307692307 0.1201923076923077 0.09375
0 0.5144230769230769 0.6574519230769231 0.10336538461538461 0.08413461538461539
0 0.3245192307692308 0.6382211538461539 0.10336538461538461 0.08173076923076923
0 0.7175480769230769 0.6826923076923077 0.0985576923076923 0.08173076923076923
0 0.2920673076923077 0.7920673076923077 0.10336538461538461 0.08173076923076923
0 0.4795673076923077 0.8185096153846154 0.0985576923076923 0.08173076923076923
0 0.6766826923076923 0.84375 0.10817307692307693 0.08653846153846154
1 0.0829326923076923 0.7908653846153846 0.12259615384615384 0.10096153846153846