0 0.2608173076923077 0.24158653846153846 0.08173076923076923 0.10096153846153846
1 0.20432692307692307 0.84375 0.09134615384615384 0.11778846153846154
0 0.2548076923076923 0.4375 0.07692307692307693 0.0985576923076923
0 0.234375 0.6322115384615384 0.08173076923076923 0.10817307692307693
0 0.3762019230769231 0.27283653846153844 0.08173076923076923 0.10096153846153846
1 0.31971153846153844 0.8377403846153846 0.0889423076923077 0.125
0 0.36538461538461536 0.4699519230769231 0.07692307692307693 0.09615384615384616
0 0.359375 0.6466346153846154 0.07211538461538461 0.09375
0 0.5072115384615384 0.2956730769230769 0.08173076923076923 0.10336538461538461
0 0.49399038461538464 0.4651442307692308 0.07211538461538461 0.09375
1 0.4543269230769231 0.8581730769230769 0.09134615384615384 0.11778846153846154
0 0.4831730769230769 0.6622596153846154 0.07692307692307693 0.0985576923076923
1 0.5889423076923077 0.8762019230769231 0.08653846153846154 0.11298076923076923
0 0.6370192307692307 0.49038461538461536 0.07932692307692307 0.0985576923076923
0 0.6201923076923077 0.6682692307692307 0.07692307692307693 0.09615384615384616
0 0.6610576923076923 0.29927884615384615 0.07692307692307693 0.09375
0 0.7644230769230769 0.6995192307692307 0.07692307692307693 0.0985576923076923
0 0.7872596153846154 0.5228365384615384 0.07692307692307693 0.09375
0 0.8112980769230769 0.33774038461538464 0.08173076923076923 0.10096153846153846
1 0.7632211538461539 0.8954326923076923 0.09134615384615384 0.11298076923076923