0 0.22115384615384615 0.8016826923076923 0.10336538461538461 0.07932692307692307
1 0.8629807692307693 0.8052884615384616 0.1201923076923077 0.08653846153846154
0 0.42908653846153844 0.7896634615384616 0.0985576923076923 0.07451923076923077
0 0.6358173076923077 0.7932692307692307 0.10817307692307693 0.07932692307692307
0 0.24278846153846154 0.6766826923076923 0.10336538461538461 0.07932692307692307
1 0.8449519230769231 0.6850961538461539 0.12740384615384615 0.08413461538461539
0 0.453125 0.6694711538461539 0.0985576923076923 0.07451923076923077
0 0.640625 0.6610576923076923 0.09134615384615384 0.06971153846153846
0 0.2536057692307692 0.5360576923076923 0.10336538461538461 0.07932692307692307
0 0.43509615384615385 0.5348557692307693 0.09134615384615384 0.06971153846153846
1 0.8533653846153846 0.5408653846153846 0.1201923076923077 0.08653846153846154
0 0.6454326923076923 0.5276442307692307 0.0985576923076923 0.07451923076923077
1 0.8617788461538461 0.39663461538461536 0.11298076923076923 0.08413461538461539
0 0.4483173076923077 0.3798076923076923 0.0985576923076923 0.07692307692307693
0 0.6394230769230769 0.38221153846153844 0.0985576923076923 0.07451923076923077
0 0.24519230769230768 0.37259615384615385 0.09375 0.07451923076923077
0 0.6574519230769231 0.22716346153846154 0.0985576923076923 0.07451923076923077
0 0.46875 0.21995192307692307 0.09375 0.07451923076923077
0 0.27163461538461536 0.21033653846153846 0.10336538461538461 0.07932692307692307
1 0.8641826923076923 0.21033653846153846 0.11298076923076923 0.0889423076923077