0 0.7668269230769231 0.26802884615384615 0.10576923076923077 0.08413461538461539
1 0.16105769230769232 0.18870192307692307 0.1201923076923077 0.09615384615384616
0 0.5685096153846154 0.25240384615384615 0.10096153846153846 0.07932692307692307
0 0.375 0.2247596153846154 0.11057692307692307 0.08653846153846154
0 0.7319711538461539 0.38100961538461536 0.10576923076923077 0.08413461538461539
1 0.16466346153846154 0.30528846153846156 0.125 0.09615384615384616
0 0.5324519230769231 0.36538461538461536 0.10096153846153846 0.07932692307692307
0 0.3545673076923077 0.34975961538461536 0.09375 0.07451923076923077
0 0.7043269230769231 0.5144230769230769 0.10576923076923077 0.08413461538461539
0 0.5324519230769231 0.4951923076923077 0.09375 0.07451923076923077
1 0.13822115384615385 0.4387019230769231 0.1201923076923077 0.09615384615384616
0 0.33533653846153844 0.47475961538461536 0.10096153846153846 0.07932692307692307
1 0.1141826923076923 0.5733173076923077 0.11538461538461539 0.09134615384615384
0 0.5024038461538461 0.6382211538461539 0.10096153846153846 0.08413461538461539
0 0.3233173076923077 0.6153846153846154 0.10096153846153846 0.07932692307692307
0 0.6947115384615384 0.6670673076923077 0.09615384615384616 0.07932692307692307
0 0.28725961538461536 0.7596153846153846 0.10096153846153846 0.07932692307692307
0 0.46274038461538464 0.7884615384615384 0.10096153846153846 0.07932692307692307
0 0.6502403846153846 0.8173076923076923 0.10576923076923077 0.08413461538461539
1 0.09014423076923077 0.7512019230769231 0.11538461538461539 0.09615384615384616