0 0.1935096153846154 0.15384615384615385 0.09615384615384616 0.11538461538461539
1 0.1045673076923077 0.8389423076923077 0.10817307692307693 0.13701923076923078
0 0.17908653846153846 0.37740384615384615 0.09134615384615384 0.11538461538461539
0 0.14783653846153846 0.5973557692307693 0.09615384615384616 0.125
0 0.3233173076923077 0.1935096153846154 0.09615384615384616 0.11538461538461539
1 0.23677884615384615 0.8341346153846154 0.10336538461538461 0.14182692307692307
0 0.30408653846153844 0.4182692307692308 0.09134615384615384 0.11057692307692307
0 0.28846153846153844 0.6201923076923077 0.08413461538461539 0.10817307692307693
0 0.4723557692307692 0.2247596153846154 0.09615384615384616 0.1201923076923077
0 0.45072115384615385 0.4182692307692308 0.08413461538461539 0.10817307692307693
1 0.3894230769230769 0.8641826923076923 0.10817307692307693 0.13701923076923078
0 0.43028846153846156 0.6430288461538461 0.09134615384615384 0.11538461538461539
1 0.5420673076923077 0.8918269230769231 0.10336538461538461 0.13221153846153846
0 0.6141826923076923 0.4519230769230769 0.09375 0.11538461538461539
0 0.5865384615384616 0.6550480769230769 0.09134615384615384 0.11057692307692307
0 0.6478365384615384 0.23557692307692307 0.0889423076923077 0.10817307692307693
0 0.7512019230769231 0.6947115384615384 0.09134615384615384 0.11538461538461539
0 0.7836538461538461 0.4951923076923077 0.0889423076923077 0.10817307692307693
0 0.8185096153846154 0.2848557692307692 0.09615384615384616 0.11538461538461539
1 0.7403846153846154 0.9194711538461539 0.11057692307692307 0.13221153846153846