0 0.7475961538461539 0.21875 0.09134615384615384 0.11057692307692307
1 0.8401442307692307 0.8473557692307693 0.0985576923076923 0.12740384615384615
0 0.7644230769230769 0.4254807692307692 0.08653846153846154 0.10576923076923077
0 0.796875 0.6274038461538461 0.09134615384615384 0.11538461538461539
0 0.6286057692307693 0.25841346153846156 0.09134615384615384 0.11057692307692307
1 0.7175480769230769 0.8461538461538461 0.0985576923076923 0.13221153846153846
0 0.6502403846153846 0.4651442307692308 0.08653846153846154 0.10336538461538461
0 0.6670673076923077 0.6502403846153846 0.08173076923076923 0.10096153846153846
0 0.49278846153846156 0.28966346153846156 0.09134615384615384 0.11057692307692307
0 0.515625 0.4675480769230769 0.08173076923076923 0.10096153846153846
1 0.5793269230769231 0.8762019230769231 0.0985576923076923 0.12740384615384615
0 0.5372596153846154 0.6730769230769231 0.08653846153846154 0.10576923076923077
1 0.4387019230769231 0.9038461538461539 0.0985576923076923 0.12259615384615384
0 0.36658653846153844 0.5 0.08653846153846154 0.10576923076923077
0 0.3942307692307692 0.6875 0.08653846153846154 0.10336538461538461
0 0.33052884615384615 0.3016826923076923 0.08653846153846154 0.10096153846153846
0 0.2439903846153846 0.7259615384615384 0.08653846153846154 0.10817307692307693
0 0.21033653846153846 0.5432692307692307 0.08653846153846154 0.10096153846153846
0 0.17427884615384615 0.35096153846153844 0.09134615384615384 0.11057692307692307
1 0.25721153846153844 0.9326923076923077 0.10336538461538461 0.12259615384615384