0 0.30649038461538464 0.8173076923076923 0.10576923076923077 0.0889423076923077
1 0.9242788461538461 0.7139423076923077 0.12740384615384615 0.0985576923076923
0 0.5060096153846154 0.7740384615384616 0.10576923076923077 0.08413461538461539
0 0.7055288461538461 0.7427884615384616 0.11538461538461539 0.09134615384615384
0 0.3088942307692308 0.6971153846153846 0.10576923076923077 0.0889423076923077
1 0.8858173076923077 0.6009615384615384 0.13221153846153846 0.0985576923076923
0 0.5084134615384616 0.6514423076923077 0.10096153846153846 0.08413461538461539
0 0.6875 0.6141826923076923 0.10096153846153846 0.07932692307692307
0 0.29447115384615385 0.5576923076923077 0.11057692307692307 0.0889423076923077
0 0.46875 0.5252403846153846 0.10096153846153846 0.07932692307692307
1 0.8713942307692307 0.46274038461538464 0.12740384615384615 0.0985576923076923
0 0.6694711538461539 0.4855769230769231 0.10576923076923077 0.08413461538461539
1 0.8557692307692307 0.3233173076923077 0.12259615384615384 0.09615384615384616
0 0.4543269230769231 0.375 0.10576923076923077 0.08653846153846154
0 0.6370192307692307 0.3449519230769231 0.10096153846153846 0.08413461538461539
0 0.25841346153846156 0.40384615384615385 0.10096153846153846 0.08413461538461539
0 0.6298076923076923 0.19230769230769232 0.10576923076923077 0.08413461538461539
0 0.4495192307692308 0.21634615384615385 0.10096153846153846 0.08413461538461539
0 0.25600961538461536 0.2439903846153846 0.10576923076923077 0.0889423076923077
1 0.8269230769230769 0.14182692307692307 0.12259615384615384 0.10096153846153846