0 0.1778846153846154 0.31490384615384615 0.0889423076923077 0.10817307692307693
1 0.28125 0.9350961538461539 0.10096153846153846 0.12740384615384615
0 0.22355769230769232 0.5132211538461539 0.08413461538461539 0.10576923076923077
0 0.2548076923076923 0.7139423076923077 0.09134615384615384 0.11538461538461539
0 0.3016826923076923 0.31490384615384615 0.0889423076923077 0.10576923076923077
1 0.39663461538461536 0.8978365384615384 0.10096153846153846 0.1346153846153846
0 0.34375 0.5168269230769231 0.08413461538461539 0.10096153846153846
0 0.38341346153846156 0.6959134615384616 0.07932692307692307 0.10096153846153846
0 0.4387019230769231 0.3016826923076923 0.0889423076923077 0.11057692307692307
0 0.47115384615384615 0.47716346153846156 0.07932692307692307 0.10096153846153846
1 0.5360576923076923 0.8810096153846154 0.0985576923076923 0.12740384615384615
0 0.5132211538461539 0.6778846153846154 0.08413461538461539 0.10576923076923077
1 0.6766826923076923 0.8641826923076923 0.09615384615384616 0.12259615384615384
0 0.6213942307692307 0.46274038461538464 0.08653846153846154 0.10576923076923077
0 0.6526442307692307 0.6466346153846154 0.08413461538461539 0.10096153846153846
0 0.59375 0.2644230769230769 0.08413461538461539 0.10096153846153846
0 0.8052884615384616 0.6394230769230769 0.08413461538461539 0.10576923076923077
0 0.78125 0.45552884615384615 0.08413461538461539 0.10096153846153846
0 0.7560096153846154 0.26322115384615385 0.0889423076923077 0.10817307692307693
1 0.8569711538461539 0.8353365384615384 0.10336538461538461 0.12259615384615384