0 0.24879807692307693 0.7475961538461539 0.11538461538461539 0.09375
1 0.9110576923076923 0.8233173076923077 0.11538461538461539 0.10096153846153846
0 0.46875 0.7584134615384616 0.11057692307692307 0.0889423076923077
0 0.6838942307692307 0.7848557692307693 0.12259615384615384 0.09375
0 0.2860576923076923 0.6201923076923077 0.11538461538461539 0.09375
1 0.9146634615384616 0.6947115384615384 0.13942307692307693 0.10096153846153846
0 0.5060096153846154 0.6358173076923077 0.11057692307692307 0.0889423076923077
0 0.703125 0.6478365384615384 0.10336538461538461 0.08173076923076923
0 0.3125 0.47475961538461536 0.11538461538461539 0.09375
0 0.5036057692307693 0.49158653846153844 0.10336538461538461 0.08173076923076923
1 0.9375 0.5444711538461539 0.125 0.10336538461538461
0 0.7247596153846154 0.5084134615384616 0.11057692307692307 0.0889423076923077
1 0.9507211538461539 0.39302884615384615 0.0985576923076923 0.0985576923076923
0 0.5336538461538461 0.3317307692307692 0.11057692307692307 0.0889423076923077
0 0.7331730769230769 0.3557692307692308 0.11057692307692307 0.0889423076923077
0 0.32091346153846156 0.30288461538461536 0.10576923076923077 0.0889423076923077
0 0.7704326923076923 0.1935096153846154 0.11057692307692307 0.0889423076923077
0 0.5733173076923077 0.16466346153846154 0.10576923076923077 0.0889423076923077
0 0.36778846153846156 0.13341346153846154 0.11538461538461539 0.09375
1 0.9615384615384616 0.19831730769230768 0.07692307692307693 0.10336538461538461