0 0.7560096153846154 0.18629807692307693 0.10336538461538461 0.07932692307692307
1 0.109375 0.21514423076923078 0.12259615384615384 0.09134615384615384
0 0.546875 0.20793269230769232 0.0985576923076923 0.07451923076923077
0 0.33774038461538464 0.21514423076923078 0.11057692307692307 0.08173076923076923
0 0.7403846153846154 0.3112980769230769 0.10336538461538461 0.07932692307692307
1 0.13341346153846154 0.33653846153846156 0.12740384615384615 0.09134615384615384
0 0.5288461538461539 0.3317307692307692 0.0985576923076923 0.07451923076923077
0 0.3401442307692308 0.3485576923076923 0.09375 0.06971153846153846
0 0.7355769230769231 0.45552884615384615 0.10576923076923077 0.07932692307692307
0 0.5528846153846154 0.46634615384615385 0.09375 0.06971153846153846
1 0.12980769230769232 0.4807692307692308 0.12259615384615384 0.09134615384615384
0 0.34134615384615385 0.4831730769230769 0.0985576923076923 0.07451923076923077
1 0.12980769230769232 0.6262019230769231 0.11538461538461539 0.08653846153846154
0 0.5480769230769231 0.6237980769230769 0.0985576923076923 0.07692307692307693
0 0.35697115384615385 0.6310096153846154 0.0985576923076923 0.07451923076923077
0 0.7548076923076923 0.6177884615384616 0.09375 0.07451923076923077
0 0.3449519230769231 0.7896634615384616 0.0985576923076923 0.07451923076923077
0 0.5336538461538461 0.7872596153846154 0.0985576923076923 0.07451923076923077
0 0.7355769230769231 0.7824519230769231 0.10336538461538461 0.07932692307692307
1 0.13701923076923078 0.8173076923076923 0.11538461538461539 0.09134615384615384