0 0.75 0.7728365384615384 0.11057692307692307 0.09134615384615384
1 0.10336538461538461 0.8569711538461539 0.12740384615384615 0.10096153846153846
0 0.5384615384615384 0.7896634615384616 0.10817307692307693 0.08413461538461539
0 0.3293269230769231 0.8185096153846154 0.1201923076923077 0.09134615384615384
0 0.7115384615384616 0.6526442307692307 0.11057692307692307 0.09134615384615384
1 0.1045673076923077 0.7331730769230769 0.13701923076923078 0.10336538461538461
0 0.4987980769230769 0.6694711538461539 0.10576923076923077 0.08413461538461539
0 0.3076923076923077 0.6850961538461539 0.10336538461538461 0.07932692307692307
0 0.6826923076923077 0.5084134615384616 0.11538461538461539 0.09134615384615384
0 0.4987980769230769 0.5288461538461539 0.10336538461538461 0.07932692307692307
1 0.07572115384615384 0.5901442307692307 0.13221153846153846 0.10336538461538461
0 0.2860576923076923 0.5504807692307693 0.10817307692307693 0.08413461538461539
1 0.056490384615384616 0.44471153846153844 0.11298076923076923 0.09615384615384616
0 0.46634615384615385 0.375 0.10817307692307693 0.0889423076923077
0 0.27524038461538464 0.40024038461538464 0.10576923076923077 0.08413461538461539
0 0.671875 0.3449519230769231 0.10336538461538461 0.08413461538461539
0 0.23557692307692307 0.24639423076923078 0.10817307692307693 0.08413461538461539
0 0.42427884615384615 0.2127403846153846 0.10576923076923077 0.08413461538461539
0 0.625 0.18269230769230768 0.11057692307692307 0.09134615384615384
1 0.04326923076923077 0.2536057692307692 0.08653846153846154 0.10336538461538461