0 0.17548076923076922 0.20432692307692307 0.08173076923076923 0.10576923076923077
1 0.18269230769230768 0.8954326923076923 0.09134615384615384 0.125
0 0.19230769230769232 0.42908653846153844 0.07692307692307693 0.10576923076923077
0 0.19230769230769232 0.6514423076923077 0.08173076923076923 0.11538461538461539
0 0.31009615384615385 0.22716346153846154 0.08173076923076923 0.10576923076923077
1 0.3137019230769231 0.8737980769230769 0.08653846153846154 0.13221153846153846
0 0.32091346153846156 0.4519230769230769 0.07692307692307693 0.10096153846153846
0 0.33533653846153844 0.6538461538461539 0.07211538461538461 0.0985576923076923
0 0.46153846153846156 0.23677884615384615 0.08173076923076923 0.11057692307692307
0 0.4675480769230769 0.43149038461538464 0.07211538461538461 0.0985576923076923
1 0.46875 0.8822115384615384 0.09134615384615384 0.125
0 0.47836538461538464 0.65625 0.07692307692307693 0.10576923076923077
1 0.6237980769230769 0.8870192307692307 0.08653846153846154 0.1201923076923077
0 0.6334134615384616 0.4423076923076923 0.07932692307692307 0.10576923076923077
0 0.6346153846153846 0.6466346153846154 0.07692307692307693 0.10096153846153846
0 0.6370192307692307 0.22235576923076922 0.07692307692307693 0.0985576923076923
0 0.8016826923076923 0.6634615384615384 0.07692307692307693 0.10576923076923077
0 0.8076923076923077 0.46153846153846156 0.07692307692307693 0.0985576923076923
0 0.8137019230769231 0.24879807692307693 0.08173076923076923 0.10576923076923077
1 0.8245192307692307 0.8870192307692307 0.09375 0.1201923076923077