0 0.22115384615384615 0.6790865384615384 0.09134615384615384 0.11057692307692307
1 0.328125 0.052884615384615384 0.10336538461538461 0.10576923076923077
0 0.2692307692307692 0.47475961538461536 0.08653846153846154 0.10576923076923077
0 0.3016826923076923 0.26802884615384615 0.09375 0.11778846153846154
0 0.3485576923076923 0.6778846153846154 0.09134615384615384 0.11057692307692307
1 0.44591346153846156 0.07932692307692307 0.10096153846153846 0.13701923076923078
0 0.39302884615384615 0.47115384615384615 0.08653846153846154 0.10576923076923077
0 0.43509615384615385 0.2860576923076923 0.08173076923076923 0.10096153846153846
0 0.49038461538461536 0.6923076923076923 0.09134615384615384 0.11298076923076923
0 0.5240384615384616 0.5108173076923077 0.08173076923076923 0.10096153846153846
1 0.5925480769230769 0.09495192307692307 0.10336538461538461 0.13221153846153846
0 0.5673076923076923 0.30528846153846156 0.08653846153846154 0.10576923076923077
1 0.7367788461538461 0.11177884615384616 0.0985576923076923 0.125
0 0.6790865384615384 0.5264423076923077 0.0889423076923077 0.10576923076923077
0 0.7103365384615384 0.33653846153846156 0.08653846153846154 0.10576923076923077
0 0.6514423076923077 0.7295673076923077 0.08653846153846154 0.10096153846153846
0 0.8689903846153846 0.3449519230769231 0.08653846153846154 0.11057692307692307
0 0.84375 0.5336538461538461 0.08653846153846154 0.10096153846153846
0 0.8185096153846154 0.7319711538461539 0.09134615384615384 0.11057692307692307
1 0.921875 0.140625 0.10336538461538461 0.125