0 0.1814903846153846 0.7668269230769231 0.11298076923076923 0.09134615384615384
1 0.8617788461538461 0.8197115384615384 0.13221153846153846 0.10096153846153846
0 0.4026442307692308 0.7704326923076923 0.11057692307692307 0.08653846153846154
0 0.6213942307692307 0.7896634615384616 0.12259615384615384 0.09134615384615384
0 0.21394230769230768 0.6358173076923077 0.11298076923076923 0.09134615384615384
1 0.8521634615384616 0.6887019230769231 0.14182692307692307 0.0985576923076923
0 0.4362980769230769 0.6442307692307693 0.10817307692307693 0.08653846153846154
0 0.6370192307692307 0.6478365384615384 0.10096153846153846 0.07932692307692307
0 0.23677884615384615 0.4879807692307692 0.11538461538461539 0.09134615384615384
0 0.42908653846153844 0.5 0.10096153846153846 0.07932692307692307
1 0.8737980769230769 0.5360576923076923 0.13221153846153846 0.10096153846153846
0 0.6526442307692307 0.5072115384615384 0.11057692307692307 0.08653846153846154
1 0.8930288461538461 0.38461538461538464 0.12740384615384615 0.09615384615384616
0 0.4543269230769231 0.33653846153846156 0.11057692307692307 0.0889423076923077
0 0.65625 0.35336538461538464 0.10817307692307693 0.08653846153846154
0 0.23798076923076922 0.3125 0.10336538461538461 0.08413461538461539
0 0.6875 0.18990384615384615 0.11057692307692307 0.08653846153846154
0 0.4879807692307692 0.1658653846153846 0.10336538461538461 0.08413461538461539
0 0.27884615384615385 0.14302884615384615 0.11298076923076923 0.09134615384615384
1 0.9098557692307693 0.1875 0.12740384615384615 0.10096153846153846