0 0.24519230769230768 0.21995192307692307 0.08413461538461539 0.10336538461538461
1 0.20673076923076922 0.8497596153846154 0.0889423076923077 0.1201923076923077
0 0.24639423076923078 0.42427884615384615 0.07932692307692307 0.10096153846153846
0 0.23197115384615385 0.6274038461538461 0.08413461538461539 0.11057692307692307
0 0.36658653846153844 0.24759615384615385 0.08413461538461539 0.10336538461538461
1 0.328125 0.8401442307692307 0.0889423076923077 0.12740384615384615
0 0.36177884615384615 0.4543269230769231 0.07932692307692307 0.09615384615384616
0 0.36177884615384615 0.6382211538461539 0.07211538461538461 0.09615384615384616
0 0.5048076923076923 0.2668269230769231 0.08413461538461539 0.10576923076923077
0 0.4963942307692308 0.44471153846153844 0.07211538461538461 0.09615384615384616
1 0.46875 0.8557692307692307 0.0889423076923077 0.1201923076923077
0 0.49158653846153844 0.6502403846153846 0.07932692307692307 0.10096153846153846
1 0.6105769230769231 0.8701923076923077 0.0889423076923077 0.11538461538461539
0 0.6466346153846154 0.4639423076923077 0.07932692307692307 0.10096153846153846
0 0.6346153846153846 0.6514423076923077 0.07932692307692307 0.09615384615384616
0 0.6646634615384616 0.2644230769230769 0.07932692307692307 0.09615384615384616
0 0.7872596153846154 0.6790865384615384 0.07932692307692307 0.10096153846153846
0 0.8052884615384616 0.49399038461538464 0.07932692307692307 0.09615384615384616
0 0.8233173076923077 0.29927884615384615 0.08413461538461539 0.10336538461538461
1 0.7920673076923077 0.8834134615384616 0.09375 0.11538461538461539