0 0.7355769230769231 0.7908653846153846 0.08413461538461539 0.10576923076923077
1 0.7740384615384616 0.14423076923076922 0.09375 0.125
0 0.7379807692307693 0.5817307692307693 0.07932692307692307 0.10096153846153846
0 0.7524038461538461 0.37259615384615385 0.08413461538461539 0.11298076923076923
0 0.6129807692307693 0.7620192307692307 0.08413461538461539 0.10576923076923077
1 0.6514423076923077 0.15625 0.09615384615384616 0.12980769230769232
0 0.6153846153846154 0.5504807692307693 0.07932692307692307 0.10096153846153846
0 0.6177884615384616 0.36177884615384615 0.07451923076923077 0.09615384615384616
0 0.4699519230769231 0.7439903846153846 0.08413461538461539 0.10817307692307693
0 0.47716346153846156 0.5600961538461539 0.07451923076923077 0.09615384615384616
1 0.5084134615384616 0.13942307692307693 0.09375 0.125
0 0.4855769230769231 0.34975961538461536 0.07932692307692307 0.10096153846153846
1 0.3641826923076923 0.12379807692307693 0.0889423076923077 0.11778846153846154
0 0.32211538461538464 0.5396634615384616 0.08173076923076923 0.10096153846153846
0 0.33533653846153844 0.3473557692307692 0.07932692307692307 0.10096153846153846
0 0.30649038461538464 0.7439903846153846 0.07932692307692307 0.09615384615384616
0 0.17908653846153846 0.31971153846153844 0.07932692307692307 0.10096153846153846
0 0.16105769230769232 0.5084134615384616 0.07932692307692307 0.10096153846153846
0 0.14423076923076922 0.7091346153846154 0.08413461538461539 0.10576923076923077
1 0.17307692307692307 0.11057692307692307 0.09375 0.11778846153846154