0 0.6875 0.8076923076923077 0.10817307692307693 0.0889423076923077
1 0.08413461538461539 0.6947115384615384 0.12259615384615384 0.0985576923076923
0 0.49399038461538464 0.7584134615384616 0.10096153846153846 0.08173076923076923
0 0.29927884615384615 0.7247596153846154 0.11298076923076923 0.0889423076923077
0 0.6887019230769231 0.6875 0.10817307692307693 0.08653846153846154
1 0.12379807692307693 0.5853365384615384 0.12740384615384615 0.09615384615384616
0 0.49278846153846156 0.6430288461538461 0.10096153846153846 0.08173076923076923
0 0.31850961538461536 0.5997596153846154 0.09615384615384616 0.07692307692307693
0 0.7043269230769231 0.5528846153846154 0.10817307692307693 0.08653846153846154
0 0.5336538461538461 0.5180288461538461 0.09615384615384616 0.07692307692307693
1 0.140625 0.44711538461538464 0.12259615384615384 0.0985576923076923
0 0.3389423076923077 0.4735576923076923 0.10096153846153846 0.08173076923076923
1 0.15985576923076922 0.31009615384615385 0.11778846153846154 0.09375
0 0.5492788461538461 0.3713942307692308 0.10336538461538461 0.08653846153846154
0 0.3713942307692308 0.33774038461538464 0.10096153846153846 0.08173076923076923
0 0.7427884615384616 0.4014423076923077 0.09615384615384616 0.08173076923076923
0 0.38221153846153844 0.18990384615384615 0.10576923076923077 0.08413461538461539
0 0.5600961538461539 0.21634615384615385 0.09615384615384616 0.08173076923076923
0 0.7463942307692307 0.24278846153846154 0.10817307692307693 0.08653846153846154
1 0.19110576923076922 0.13581730769230768 0.11778846153846154 0.0985576923076923