0 0.21995192307692307 0.7548076923076923 0.10336538461538461 0.08173076923076923
1 0.8774038461538461 0.7716346153846154 0.12259615384615384 0.09134615384615384
0 0.4338942307692308 0.7463942307692307 0.10336538461538461 0.07451923076923077
0 0.6466346153846154 0.7536057692307693 0.11298076923076923 0.08173076923076923
0 0.24519230769230768 0.6274038461538461 0.10336538461538461 0.07932692307692307
1 0.8629807692307693 0.6466346153846154 0.13221153846153846 0.0889423076923077
0 0.46033653846153844 0.625 0.0985576923076923 0.07451923076923077
0 0.6538461538461539 0.6189903846153846 0.09615384615384616 0.06971153846153846
0 0.25961538461538464 0.4831730769230769 0.10817307692307693 0.08173076923076923
0 0.44471153846153844 0.484375 0.09615384615384616 0.06971153846153846
1 0.8737980769230769 0.4987980769230769 0.12259615384615384 0.09134615384615384
0 0.6610576923076923 0.48197115384615385 0.10336538461538461 0.07451923076923077
1 0.8858173076923077 0.35096153846153844 0.11778846153846154 0.0889423076923077
0 0.46153846153846156 0.3269230769230769 0.10336538461538461 0.07932692307692307
0 0.65625 0.3317307692307692 0.0985576923076923 0.07451923076923077
0 0.25240384615384615 0.3161057692307692 0.09615384615384616 0.07451923076923077
0 0.6790865384615384 0.17307692307692307 0.10336538461538461 0.07451923076923077
0 0.4855769230769231 0.16105769230769232 0.09615384615384616 0.07451923076923077
0 0.2824519230769231 0.1502403846153846 0.10336538461538461 0.07932692307692307
1 0.8918269230769231 0.15985576923076922 0.11778846153846154 0.09375