0 0.21514423076923078 0.78125 0.07932692307692307 0.10336538461538461
1 0.19951923076923078 0.12860576923076922 0.09134615384615384 0.12259615384615384
0 0.22355769230769232 0.5697115384615384 0.07451923076923077 0.10096153846153846
0 0.21634615384615385 0.3581730769230769 0.08413461538461539 0.11298076923076923
0 0.34134615384615385 0.7572115384615384 0.08173076923076923 0.10336538461538461
1 0.3245192307692308 0.14423076923076922 0.08653846153846154 0.12740384615384615
0 0.3449519230769231 0.5432692307692307 0.07451923076923077 0.0985576923076923
0 0.35216346153846156 0.35096153846153844 0.06971153846153846 0.09615384615384616
0 0.484375 0.7439903846153846 0.08413461538461539 0.10817307692307693
0 0.484375 0.5576923076923077 0.06971153846153846 0.09615384615384616
1 0.4699519230769231 0.1310096153846154 0.09134615384615384 0.12259615384615384
0 0.48677884615384615 0.34375 0.07451923076923077 0.10096153846153846
1 0.6165865384615384 0.1201923076923077 0.0889423076923077 0.11778846153846154
0 0.640625 0.5420673076923077 0.07932692307692307 0.10096153846153846
0 0.6358173076923077 0.3485576923076923 0.07451923076923077 0.0985576923076923
0 0.6514423076923077 0.75 0.07451923076923077 0.09615384615384616
0 0.7932692307692307 0.3269230769230769 0.07451923076923077 0.10336538461538461
0 0.8064903846153846 0.5180288461538461 0.07451923076923077 0.09615384615384616
0 0.8185096153846154 0.7199519230769231 0.07932692307692307 0.10336538461538461
1 0.8064903846153846 0.1141826923076923 0.09375 0.11778846153846154