0 0.7692307692307693 0.2848557692307692 0.08173076923076923 0.10576923076923077
1 0.7295673076923077 0.9254807692307693 0.09134615384615384 0.12259615384615384
0 0.7439903846153846 0.49278846153846156 0.07692307692307693 0.10096153846153846
0 0.7331730769230769 0.6983173076923077 0.08173076923076923 0.11057692307692307
0 0.6430288461538461 0.29927884615384615 0.08173076923076923 0.10576923076923077
1 0.609375 0.8990384615384616 0.0889423076923077 0.12740384615384615
0 0.6225961538461539 0.5072115384615384 0.07692307692307693 0.10096153846153846
0 0.5997596153846154 0.6947115384615384 0.07211538461538461 0.09375
0 0.5036057692307693 0.3004807692307692 0.08173076923076923 0.10576923076923077
0 0.4879807692307692 0.4807692307692308 0.07211538461538461 0.09375
1 0.4651442307692308 0.8990384615384616 0.09134615384615384 0.12259615384615384
0 0.4675480769230769 0.6899038461538461 0.07692307692307693 0.10096153846153846
1 0.32091346153846156 0.8966346153846154 0.08653846153846154 0.11538461538461539
0 0.33413461538461536 0.484375 0.07932692307692307 0.10096153846153846
0 0.32211538461538464 0.6730769230769231 0.07692307692307693 0.10096153846153846
0 0.3401442307692308 0.2800480769230769 0.07692307692307693 0.09615384615384616
0 0.1658653846153846 0.6802884615384616 0.07692307692307693 0.10576923076923077
0 0.17067307692307693 0.49278846153846156 0.07692307692307693 0.09615384615384616
0 0.17668269230769232 0.2956730769230769 0.08173076923076923 0.10576923076923077
1 0.1346153846153846 0.8870192307692307 0.09134615384615384 0.11538461538461539