0 0.7884615384615384 0.7367788461538461 0.09615384615384616 0.11778846153846154
1 0.6730769230769231 0.06490384615384616 0.11057692307692307 0.12980769230769232
0 0.7367788461538461 0.5192307692307693 0.09134615384615384 0.11298076923076923
0 0.7019230769230769 0.30288461538461536 0.0985576923076923 0.12740384615384615
0 0.6526442307692307 0.7367788461538461 0.09615384615384616 0.11778846153846154
1 0.5504807692307693 0.10216346153846154 0.10576923076923077 0.1466346153846154
0 0.6069711538461539 0.5168269230769231 0.09134615384615384 0.11057692307692307
0 0.5625 0.32211538461538464 0.08653846153846154 0.10576923076923077
0 0.5048076923076923 0.75 0.0985576923076923 0.1201923076923077
0 0.4675480769230769 0.5600961538461539 0.08653846153846154 0.10576923076923077
1 0.39663461538461536 0.11899038461538461 0.11057692307692307 0.13701923076923078
0 0.4230769230769231 0.34134615384615385 0.09134615384615384 0.11298076923076923
1 0.2439903846153846 0.13942307692307693 0.10336538461538461 0.13221153846153846
0 0.30408653846153844 0.5745192307692307 0.09375 0.11538461538461539
0 0.2704326923076923 0.3762019230769231 0.09134615384615384 0.11057692307692307
0 0.33413461538461536 0.7908653846153846 0.09134615384615384 0.10817307692307693
0 0.1045673076923077 0.38341346153846156 0.09134615384615384 0.11298076923076923
0 0.1310096153846154 0.5829326923076923 0.09134615384615384 0.10817307692307693
0 0.15865384615384615 0.7920673076923077 0.09615384615384616 0.11778846153846154
1 0.05048076923076923 0.16947115384615385 0.10096153846153846 0.13221153846153846