0 0.29086538461538464 0.8329326923076923 0.10817307692307693 0.08653846153846154
1 0.9459134615384616 0.7788461538461539 0.10817307692307693 0.09615384615384616
0 0.5060096153846154 0.8016826923076923 0.10576923076923077 0.08173076923076923
0 0.71875 0.7872596153846154 0.11538461538461539 0.08653846153846154
0 0.30288461538461536 0.7019230769230769 0.10817307692307693 0.08653846153846154
1 0.9242788461538461 0.65625 0.13221153846153846 0.09375
0 0.5192307692307693 0.6754807692307693 0.10096153846153846 0.08173076923076923
0 0.7115384615384616 0.6490384615384616 0.10096153846153846 0.07451923076923077
0 0.30288461538461536 0.5564903846153846 0.11057692307692307 0.08653846153846154
0 0.4891826923076923 0.5384615384615384 0.10096153846153846 0.07451923076923077
1 0.921875 0.5072115384615384 0.125 0.09375
0 0.7043269230769231 0.5120192307692307 0.10576923076923077 0.08173076923076923
1 0.9170673076923077 0.35697115384615385 0.1201923076923077 0.09134615384615384
0 0.4891826923076923 0.37740384615384615 0.10576923076923077 0.08413461538461539
0 0.6850961538461539 0.3629807692307692 0.10096153846153846 0.08173076923076923
0 0.2776442307692308 0.38822115384615385 0.10096153846153846 0.08173076923076923
0 0.6899038461538461 0.19951923076923078 0.10817307692307693 0.08173076923076923
0 0.4951923076923077 0.2091346153846154 0.10096153846153846 0.08173076923076923
0 0.29086538461538464 0.21754807692307693 0.10817307692307693 0.08653846153846154
1 0.9026442307692307 0.16466346153846154 0.12259615384615384 0.0985576923076923