0 0.7752403846153846 0.2439903846153846 0.10817307692307693 0.08653846153846154
1 0.12860576923076922 0.1814903846153846 0.12740384615384615 0.0985576923076923
0 0.5637019230769231 0.23677884615384615 0.10336538461538461 0.08173076923076923
0 0.3557692307692308 0.21514423076923078 0.11538461538461539 0.0889423076923077
0 0.7415865384615384 0.36658653846153844 0.10817307692307693 0.08653846153846154
1 0.13701923076923078 0.30649038461538464 0.13221153846153846 0.09375
0 0.5300480769230769 0.3557692307692308 0.10336538461538461 0.08173076923076923
0 0.3401442307692308 0.3473557692307692 0.0985576923076923 0.07692307692307693
0 0.7163461538461539 0.5072115384615384 0.11057692307692307 0.08653846153846154
0 0.5348557692307693 0.49278846153846156 0.0985576923076923 0.07692307692307693
1 0.1141826923076923 0.4495192307692308 0.12740384615384615 0.0985576923076923
0 0.3233173076923077 0.48197115384615385 0.10336538461538461 0.08173076923076923
1 0.09375 0.5949519230769231 0.1201923076923077 0.09375
0 0.5072115384615384 0.6466346153846154 0.10336538461538461 0.08413461538461539
0 0.3173076923076923 0.6286057692307693 0.10336538461538461 0.08173076923076923
0 0.7127403846153846 0.671875 0.0985576923076923 0.08173076923076923
0 0.2848557692307692 0.7836538461538461 0.10817307692307693 0.08173076923076923
0 0.4723557692307692 0.8076923076923077 0.0985576923076923 0.08173076923076923
0 0.6706730769230769 0.8341346153846154 0.10817307692307693 0.08653846153846154
1 0.07451923076923077 0.78125 0.12259615384615384 0.0985576923076923