0 0.234375 0.2283653846153846 0.08653846153846154 0.10817307692307693
1 0.17307692307692307 0.8701923076923077 0.09615384615384616 0.125
0 0.2283653846153846 0.4375 0.08173076923076923 0.10576923076923077
0 0.20673076923076922 0.6442307692307693 0.0889423076923077 0.11538461538461539
0 0.35697115384615385 0.2608173076923077 0.08653846153846154 0.10817307692307693
1 0.296875 0.8629807692307693 0.09375 0.12980769230769232
0 0.34615384615384615 0.47115384615384615 0.08173076923076923 0.10336538461538461
0 0.3389423076923077 0.6610576923076923 0.07692307692307693 0.0985576923076923
0 0.49759615384615385 0.2860576923076923 0.08653846153846154 0.10817307692307693
0 0.4831730769230769 0.46634615384615385 0.07692307692307693 0.0985576923076923
1 0.43990384615384615 0.8858173076923077 0.09615384615384616 0.125
0 0.4699519230769231 0.6766826923076923 0.08173076923076923 0.10336538461538461
1 0.5841346153846154 0.90625 0.09375 0.1201923076923077
0 0.6358173076923077 0.49399038461538464 0.08413461538461539 0.10336538461538461
0 0.6177884615384616 0.6838942307692307 0.08173076923076923 0.10336538461538461
0 0.6610576923076923 0.28966346153846156 0.08173076923076923 0.0985576923076923
0 0.7704326923076923 0.7163461538461539 0.08173076923076923 0.10817307692307693
0 0.7956730769230769 0.5288461538461539 0.08173076923076923 0.10096153846153846
0 0.8221153846153846 0.3317307692307692 0.08653846153846154 0.10817307692307693
1 0.7692307692307693 0.9254807692307693 0.0985576923076923 0.12259615384615384