0 0.8822115384615384 0.8966346153846154 0.07211538461538461 0.09134615384615384
0 0.8064903846153846 0.42908653846153844 0.07692307692307693 0.10096153846153846
0 0.8509615384615384 0.7716346153846154 0.07211538461538461 0.09375
0 0.8257211538461539 0.6141826923076923 0.07692307692307693 0.09615384615384616
0 0.7632211538461539 0.23317307692307693 0.08653846153846154 0.10817307692307693
0 0.7572115384615384 0.9146634615384616 0.07451923076923077 0.09375
0 0.7079326923076923 0.6322115384615384 0.07451923076923077 0.0985576923076923
0 0.671875 0.45552884615384615 0.07211538461538461 0.0889423076923077
0 0.7223557692307693 0.78125 0.07451923076923077 0.09615384615384616
0 0.6298076923076923 0.25961538461538464 0.07932692307692307 0.10096153846153846
0 0.6322115384615384 0.9387019230769231 0.07692307692307693 0.09615384615384616
0 0.5985576923076923 0.7920673076923077 0.07211538461538461 0.0889423076923077
0 0.5420673076923077 0.47596153846153844 0.07932692307692307 0.10096153846153846
0 0.5697115384615384 0.6454326923076923 0.07211538461538461 0.0889423076923077
0 0.5060096153846154 0.2956730769230769 0.07211538461538461 0.09375
2 0.5216346153846154 0.9615384615384616 0.08173076923076923 0.07692307692307693
2 0.49038461538461536 0.8425480769230769 0.07692307692307693 0.09615384615384616
2 0.4567307692307692 0.6814903846153846 0.08653846153846154 0.11057692307692307
2 0.4026442307692308 0.3557692307692308 0.07932692307692307 0.10096153846153846
2 0.4206730769230769 0.5192307692307693 0.07932692307692307 0.10096153846153846
2 0.390625 0.8509615384615384 0.07932692307692307 0.10096153846153846
2 0.40625 0.9603365384615384 0.07692307692307693 0.07932692307692307
2 0.35697115384615385 0.7055288461538461 0.08653846153846154 0.10096153846153846
2 0.2932692307692308 0.5324519230769231 0.09134615384615384 0.10336538461538461
2 0.265625 0.3605769230769231 0.07932692307692307 0.10576923076923077
2 0.3125 0.9783653846153846 0.08173076923076923 0.04326923076923077
2 0.27163461538461536 0.8521634615384616 0.08173076923076923 0.10096153846153846
2 0.24519230769230768 0.7079326923076923 0.08653846153846154 0.10096153846153846
2 0.17427884615384615 0.38341346153846156 0.08653846153846154 0.10817307692307693
2 0.19230769230769232 0.5372596153846154 0.08653846153846154 0.10817307692307693
2 0.16466346153846154 0.8894230769230769 0.08413461538461539 0.09134615384615384
2 0.08774038461538461 0.5564903846153846 0.08653846153846154 0.10096153846153846
2 0.040865384615384616 0.2800480769230769 0.08173076923076923 0.10817307692307693
2 0.054086538461538464 0.40024038461538464 0.08653846153846154 0.10096153846153846
2 0.09495192307692307 0.7415865384615384 0.07932692307692307 0.11057692307692307