0 0.9399038461538461 0.8401442307692307 0.06971153846153846 0.09134615384615384
0 0.8966346153846154 0.3605769230769231 0.06971153846153846 0.0985576923076923
0 0.9182692307692307 0.7103365384615384 0.06971153846153846 0.09375
0 0.9038461538461539 0.5480769230769231 0.07451923076923077 0.09375
0 0.8665865384615384 0.15745192307692307 0.08173076923076923 0.10576923076923077
0 0.8112980769230769 0.8485576923076923 0.06971153846153846 0.09134615384615384
0 0.7824519230769231 0.5588942307692307 0.06971153846153846 0.0985576923076923
0 0.7584134615384616 0.37740384615384615 0.06971153846153846 0.08653846153846154
0 0.7860576923076923 0.7103365384615384 0.06971153846153846 0.09375
0 0.7295673076923077 0.17307692307692307 0.07451923076923077 0.09615384615384616
0 0.6838942307692307 0.8641826923076923 0.07451923076923077 0.09375
0 0.6598557692307693 0.7127403846153846 0.06971153846153846 0.08653846153846154
0 0.6262019230769231 0.38822115384615385 0.07451923076923077 0.0985576923076923
0 0.6418269230769231 0.5625 0.06971153846153846 0.08653846153846154
0 0.6021634615384616 0.203125 0.06971153846153846 0.09375
2 0.5697115384615384 0.8870192307692307 0.07932692307692307 0.08653846153846154
2 0.5480769230769231 0.7560096153846154 0.07451923076923077 0.09375
2 0.5252403846153846 0.5901442307692307 0.08173076923076923 0.10576923076923077
2 0.49158653846153844 0.25721153846153844 0.07451923076923077 0.0985576923076923
2 0.4987980769230769 0.4230769230769231 0.07451923076923077 0.0985576923076923
2 0.44471153846153844 0.7572115384615384 0.07451923076923077 0.0985576923076923
2 0.4519230769230769 0.8762019230769231 0.07451923076923077 0.08653846153846154
2 0.4230769230769231 0.6081730769230769 0.08173076923076923 0.0985576923076923
2 0.36899038461538464 0.42788461538461536 0.08413461538461539 0.10096153846153846
2 0.3545673076923077 0.25240384615384615 0.07692307692307693 0.10576923076923077
2 0.3557692307692308 0.9098557692307693 0.07932692307692307 0.09375
2 0.3245192307692308 0.7512019230769231 0.07451923076923077 0.0985576923076923
2 0.30649038461538464 0.6021634615384616 0.07932692307692307 0.0985576923076923
2 0.25841346153846156 0.2704326923076923 0.08173076923076923 0.10576923076923077
2 0.2668269230769231 0.4266826923076923 0.08173076923076923 0.10576923076923077
2 0.21394230769230768 0.7800480769230769 0.07932692307692307 0.0889423076923077
2 0.22115384615384615 0.9266826923076923 0.07451923076923077 0.08653846153846154
2 0.15865384615384615 0.4387019230769231 0.07932692307692307 0.0985576923076923
2 0.12740384615384615 0.15504807692307693 0.09134615384615384 0.10817307692307693
2 0.13701923076923078 0.27884615384615385 0.07932692307692307 0.09615384615384616
2 0.15384615384615385 0.625 0.07692307692307693 0.10576923076923077