0 0.8870192307692307 0.8894230769230769 0.0889423076923077 0.0673076923076923
0 0.4254807692307692 0.8233173076923077 0.0985576923076923 0.07451923076923077
0 0.7620192307692307 0.8605769230769231 0.09375 0.07211538461538461
0 0.6069711538461539 0.8389423076923077 0.09375 0.07692307692307693
0 0.23076923076923078 0.7836538461538461 0.10576923076923077 0.08173076923076923
0 0.9014423076923077 0.765625 0.0889423076923077 0.07211538461538461
0 0.6225961538461539 0.7223557692307693 0.0985576923076923 0.06971153846153846
0 0.4495192307692308 0.6899038461538461 0.0889423076923077 0.0673076923076923
0 0.7692307692307693 0.7331730769230769 0.09375 0.07451923076923077
0 0.2548076923076923 0.6514423076923077 0.0985576923076923 0.07451923076923077
0 0.9230769230769231 0.6430288461538461 0.09375 0.07451923076923077
0 0.7776442307692307 0.6117788461538461 0.0889423076923077 0.0673076923076923
0 0.46634615384615385 0.5637019230769231 0.0985576923076923 0.07451923076923077
0 0.6334134615384616 0.5865384615384616 0.0889423076923077 0.0673076923076923
0 0.28846153846153844 0.5300480769230769 0.09375 0.06971153846153846
2 0.9519230769230769 0.5348557692307693 0.09134615384615384 0.07932692307692307
2 0.8257211538461539 0.5060096153846154 0.09375 0.07451923076923077
2 0.6670673076923077 0.47475961538461536 0.10817307692307693 0.08173076923076923
2 0.3449519230769231 0.4266826923076923 0.0985576923076923 0.07451923076923077
2 0.5060096153846154 0.4411057692307692 0.0985576923076923 0.07451923076923077
2 0.8329326923076923 0.40625 0.0985576923076923 0.07451923076923077
2 0.9459134615384616 0.41947115384615385 0.0889423076923077 0.07211538461538461
2 0.6887019230769231 0.37740384615384615 0.09615384615384616 0.08413461538461539
2 0.5168269230769231 0.3173076923076923 0.10096153846153846 0.08653846153846154
2 0.3485576923076923 0.2932692307692308 0.10336538461538461 0.07451923076923077
2 0.9675480769230769 0.3269230769230769 0.06490384615384616 0.08173076923076923
2 0.8317307692307693 0.28966346153846156 0.10096153846153846 0.07932692307692307
2 0.6899038461538461 0.2644230769230769 0.10096153846153846 0.08173076923076923
2 0.3701923076923077 0.20072115384615385 0.10576923076923077 0.08173076923076923
2 0.5204326923076923 0.21634615384615385 0.10576923076923077 0.08173076923076923
2 0.8665865384615384 0.18389423076923078 0.09134615384615384 0.07932692307692307
2 0.9807692307692307 0.1971153846153846 0.038461538461538464 0.07211538461538461
2 0.5384615384615384 0.11298076923076923 0.10096153846153846 0.08173076923076923
2 0.2668269230769231 0.06850961538461539 0.10576923076923077 0.08653846153846154
2 0.38221153846153844 0.08413461538461539 0.10096153846153846 0.08173076923076923
2 0.7199519230769231 0.11778846153846154 0.10576923076923077 0.07451923076923077