0 0.8677884615384616 0.8990384615384616 0.08653846153846154 0.06490384615384616
0 0.4098557692307692 0.8497596153846154 0.09375 0.06971153846153846
0 0.7415865384615384 0.8762019230769231 0.0889423076923077 0.0673076923076923
0 0.5913461538461539 0.8605769230769231 0.09134615384615384 0.07211538461538461
0 0.21875 0.8173076923076923 0.10096153846153846 0.07692307692307693
0 0.875 0.7776442307692307 0.08653846153846154 0.0673076923076923
0 0.6009615384615384 0.7475961538461539 0.09375 0.0673076923076923
0 0.42908653846153844 0.7211538461538461 0.08173076923076923 0.06490384615384616
0 0.7439903846153846 0.75 0.0889423076923077 0.06971153846153846
0 0.23798076923076922 0.6911057692307693 0.09615384615384616 0.07211538461538461
0 0.8918269230769231 0.6574519230769231 0.09134615384615384 0.07211538461538461
0 0.7524038461538461 0.6322115384615384 0.08173076923076923 0.06490384615384616
0 0.4423076923076923 0.5961538461538461 0.09615384615384616 0.07211538461538461
0 0.609375 0.6117788461538461 0.08173076923076923 0.06490384615384616
0 0.2692307692307692 0.5673076923076923 0.0889423076923077 0.0673076923076923
2 0.9146634615384616 0.5516826923076923 0.08413461538461539 0.07451923076923077
2 0.7944711538461539 0.5264423076923077 0.09134615384615384 0.07211538461538461
2 0.6370192307692307 0.5036057692307693 0.10336538461538461 0.07692307692307693
2 0.31971153846153844 0.4651442307692308 0.09615384615384616 0.07211538461538461
2 0.47596153846153844 0.47716346153846156 0.09615384615384616 0.07211538461538461
2 0.796875 0.43149038461538464 0.09615384615384616 0.07211538461538461
2 0.9086538461538461 0.43990384615384615 0.08413461538461539 0.06971153846153846
2 0.6538461538461539 0.4074519230769231 0.09375 0.08173076923076923
2 0.484375 0.35096153846153844 0.09615384615384616 0.08173076923076923
2 0.3173076923076923 0.3329326923076923 0.10096153846153846 0.07211538461538461
2 0.9423076923076923 0.34975961538461536 0.09134615384615384 0.07692307692307693
2 0.7908653846153846 0.3125 0.09615384615384616 0.07451923076923077
2 0.6514423076923077 0.29447115384615385 0.09615384615384616 0.07692307692307693
2 0.33774038461538464 0.2439903846153846 0.10096153846153846 0.07692307692307693
2 0.4855769230769231 0.2536057692307692 0.10096153846153846 0.07692307692307693
2 0.8233173076923077 0.21033653846153846 0.08413461538461539 0.07451923076923077
2 0.9579326923076923 0.21995192307692307 0.08413461538461539 0.06971153846153846
2 0.5 0.15504807692307693 0.09615384615384616 0.07692307692307693
2 0.22956730769230768 0.11899038461538461 0.10096153846153846 0.08173076923076923
2 0.34615384615384615 0.1310096153846154 0.09615384615384616 0.07692307692307693
2 0.6778846153846154 0.1502403846153846 0.10096153846153846 0.07211538461538461