0 0.10336538461538461 0.18269230769230768 0.07692307692307693 0.055288461538461536
0 0.5456730769230769 0.18389423076923078 0.08653846153846154 0.057692307692307696
0 0.22355769230769232 0.19230769230769232 0.08173076923076923 0.055288461538461536
0 0.37259615384615385 0.19230769230769232 0.08173076923076923 0.0625
0 0.7331730769230769 0.19591346153846154 0.09134615384615384 0.0673076923076923
0 0.10576923076923077 0.3004807692307692 0.07692307692307693 0.057692307692307696
0 0.37259615384615385 0.30408653846153844 0.08653846153846154 0.055288461538461536
0 0.5408653846153846 0.3125 0.07692307692307693 0.055288461538461536
0 0.23317307692307693 0.3137019230769231 0.08173076923076923 0.057692307692307696
0 0.7283653846153846 0.32211538461538464 0.08653846153846154 0.0625
0 0.10096153846153846 0.4182692307692308 0.08173076923076923 0.0625
0 0.24158653846153846 0.42908653846153844 0.07692307692307693 0.055288461538461536
0 0.5408653846153846 0.4338942307692308 0.08653846153846154 0.0625
0 0.38100961538461536 0.4338942307692308 0.07692307692307693 0.055288461538461536
0 0.7127403846153846 0.4411057692307692 0.08173076923076923 0.055288461538461536
2 0.0889423076923077 0.5252403846153846 0.07692307692307693 0.0673076923076923
2 0.21033653846153846 0.5360576923076923 0.08173076923076923 0.0625
2 0.3641826923076923 0.5432692307692307 0.09375 0.0673076923076923
2 0.6730769230769231 0.5456730769230769 0.08653846153846154 0.0625
2 0.5204326923076923 0.5528846153846154 0.08653846153846154 0.0625
2 0.21875 0.6298076923076923 0.08653846153846154 0.0625
2 0.109375 0.6322115384615384 0.07692307692307693 0.0625
2 0.35697115384615385 0.6382211538461539 0.08413461538461539 0.0673076923076923
2 0.5252403846153846 0.6730769230769231 0.08653846153846154 0.07211538461538461
2 0.6875 0.6730769230769231 0.09134615384615384 0.0625
2 0.08653846153846154 0.7235576923076923 0.08173076923076923 0.0673076923076923
2 0.23317307692307693 0.7403846153846154 0.08653846153846154 0.06490384615384616
2 0.3701923076923077 0.7439903846153846 0.08653846153846154 0.0673076923076923
2 0.6802884615384616 0.7620192307692307 0.09134615384615384 0.0673076923076923
2 0.5360576923076923 0.7668269230769231 0.09134615384615384 0.0673076923076923
2 0.21514423076923078 0.8425480769230769 0.07692307692307693 0.0673076923076923
2 0.08173076923076923 0.8473557692307693 0.07692307692307693 0.0625
2 0.5324519230769231 0.8653846153846154 0.08653846153846154 0.0673076923076923
2 0.7944711538461539 0.8725961538461539 0.09134615384615384 0.07211538461538461
2 0.6826923076923077 0.8725961538461539 0.08653846153846154 0.0673076923076923
2 0.36177884615384615 0.8858173076923077 0.09375 0.0625