0 0.8076923076923077 0.10817307692307693 0.0625 0.0889423076923077
0 0.8233173076923077 0.5913461538461539 0.06490384615384616 0.09615384615384616
0 0.8016826923076923 0.24158653846153846 0.0625 0.0889423076923077
0 0.8064903846153846 0.4014423076923077 0.06971153846153846 0.0889423076923077
0 0.8185096153846154 0.7944711538461539 0.07451923076923077 0.10096153846153846
0 0.6802884615384616 0.11899038461538461 0.06490384615384616 0.0889423076923077
0 0.6887019230769231 0.4074519230769231 0.0625 0.09615384615384616
0 0.6875 0.5901442307692307 0.0625 0.08413461538461539
0 0.671875 0.25721153846153844 0.06490384615384616 0.0889423076923077
0 0.6838942307692307 0.7932692307692307 0.06971153846153846 0.09615384615384616
0 0.5528846153846154 0.11899038461538461 0.06971153846153846 0.0889423076923077
0 0.546875 0.26802884615384615 0.0625 0.08413461538461539
0 0.5552884615384616 0.59375 0.06971153846153846 0.09615384615384616
0 0.546875 0.41947115384615385 0.0625 0.08413461538461539
0 0.5504807692307693 0.7788461538461539 0.0625 0.0889423076923077
2 0.43990384615384615 0.109375 0.07451923076923077 0.08413461538461539
2 0.43028846153846156 0.23918269230769232 0.06971153846153846 0.0889423076923077
2 0.43028846153846156 0.4050480769230769 0.07451923076923077 0.10336538461538461
2 0.4375 0.7415865384615384 0.06971153846153846 0.09615384615384616
2 0.4254807692307692 0.5769230769230769 0.06971153846153846 0.09615384615384616
2 0.3317307692307692 0.25 0.06971153846153846 0.09615384615384616
2 0.3245192307692308 0.13221153846153846 0.06971153846153846 0.08413461538461539
2 0.3269230769230769 0.4026442307692308 0.07692307692307693 0.09375
2 0.2932692307692308 0.5865384615384616 0.07932692307692307 0.09615384615384616
2 0.3004807692307692 0.7632211538461539 0.06971153846153846 0.10096153846153846
2 0.22596153846153846 0.11177884615384616 0.07451923076923077 0.0889423076923077
2 0.21033653846153846 0.27283653846153844 0.06971153846153846 0.09615384615384616
2 0.21153846153846154 0.421875 0.07451923076923077 0.09615384615384616
2 0.203125 0.7548076923076923 0.07451923076923077 0.10096153846153846
2 0.1935096153846154 0.5985576923076923 0.07451923076923077 0.10096153846153846
2 0.0985576923076923 0.25600961538461536 0.07451923076923077 0.08413461538461539
2 0.0889423076923077 0.11298076923076923 0.06971153846153846 0.08413461538461539
2 0.0889423076923077 0.5997596153846154 0.07451923076923077 0.09615384615384616
2 0.09014423076923077 0.8858173076923077 0.07932692307692307 0.10096153846153846
2 0.08533653846153846 0.7620192307692307 0.07451923076923077 0.09615384615384616
2 0.056490384615384616 0.41586538461538464 0.06971153846153846 0.10336538461538461