0 0.8617788461538461 0.9182692307692307 0.06009615384615385 0.07932692307692307
0 0.8533653846153846 0.4735576923076923 0.06009615384615385 0.08653846153846154
0 0.8497596153846154 0.7980769230769231 0.06009615384615385 0.08173076923076923
0 0.8473557692307693 0.6466346153846154 0.06490384615384616 0.08173076923076923
0 0.8377403846153846 0.2848557692307692 0.06971153846153846 0.09134615384615384
0 0.7427884615384616 0.9182692307692307 0.06009615384615385 0.07932692307692307
0 0.734375 0.6490384615384616 0.06009615384615385 0.08653846153846154
0 0.7247596153846154 0.4807692307692308 0.06009615384615385 0.07692307692307693
0 0.7283653846153846 0.7896634615384616 0.06009615384615385 0.08173076923076923
0 0.7103365384615384 0.29086538461538464 0.06490384615384616 0.08413461538461539
0 0.625 0.9230769230769231 0.06490384615384616 0.08173076923076923
0 0.6117788461538461 0.7836538461538461 0.06009615384615385 0.07692307692307693
0 0.6021634615384616 0.4831730769230769 0.06490384615384616 0.08653846153846154
0 0.6045673076923077 0.6430288461538461 0.06009615384615385 0.07692307692307693
0 0.5913461538461539 0.31009615384615385 0.06009615384615385 0.08173076923076923
2 0.5168269230769231 0.9387019230769231 0.06971153846153846 0.07692307692307693
2 0.5060096153846154 0.8161057692307693 0.06490384615384616 0.08173076923076923
2 0.4951923076923077 0.6622596153846154 0.06971153846153846 0.09615384615384616
2 0.4879807692307692 0.35216346153846156 0.06490384615384616 0.08653846153846154
2 0.48197115384615385 0.5048076923076923 0.06490384615384616 0.08653846153846154
2 0.4098557692307692 0.8100961538461539 0.06490384615384616 0.08653846153846154
2 0.4098557692307692 0.9194711538461539 0.06490384615384616 0.07692307692307693
2 0.39903846153846156 0.6706730769230769 0.06971153846153846 0.08413461538461539
2 0.36177884615384615 0.5024038461538461 0.07451923076923077 0.0889423076923077
2 0.359375 0.3389423076923077 0.06490384615384616 0.09134615384615384
2 0.31850961538461536 0.9447115384615384 0.06971153846153846 0.08173076923076923
2 0.29927884615384615 0.796875 0.06490384615384616 0.08653846153846154
2 0.2932692307692308 0.6586538461538461 0.06971153846153846 0.08653846153846154
2 0.2704326923076923 0.34975961538461536 0.06971153846153846 0.09615384615384616
2 0.26802884615384615 0.49399038461538464 0.06971153846153846 0.09134615384615384
2 0.1971153846153846 0.8161057692307693 0.06971153846153846 0.07692307692307693
2 0.19471153846153846 0.9507211538461539 0.06490384615384616 0.07692307692307693
2 0.16826923076923078 0.4987980769230769 0.06971153846153846 0.08653846153846154
2 0.15745192307692307 0.23557692307692307 0.07692307692307693 0.09375
2 0.15865384615384615 0.3485576923076923 0.06971153846153846 0.08413461538461539
2 0.1502403846153846 0.6706730769230769 0.06490384615384616 0.09375