0 0.22956730769230768 0.8978365384615384 0.0673076923076923 0.0889423076923077
0 0.18269230769230768 0.43028846153846156 0.07211538461538461 0.0985576923076923
0 0.22716346153846154 0.7680288461538461 0.0673076923076923 0.09134615384615384
0 0.21153846153846154 0.6141826923076923 0.07211538461538461 0.09375
0 0.17307692307692307 0.23317307692307693 0.07932692307692307 0.10336538461538461
0 0.35216346153846156 0.8798076923076923 0.06971153846153846 0.0889423076923077
0 0.32572115384615385 0.5997596153846154 0.0673076923076923 0.09615384615384616
0 0.3137019230769231 0.4230769230769231 0.06490384615384616 0.08653846153846154
0 0.35336538461538464 0.7439903846153846 0.07211538461538461 0.09375
0 0.30408653846153844 0.2247596153846154 0.07211538461538461 0.0985576923076923
0 0.47716346153846156 0.8713942307692307 0.07211538461538461 0.09375
0 0.4735576923076923 0.7259615384615384 0.06490384615384616 0.08653846153846154
0 0.4423076923076923 0.4098557692307692 0.07211538461538461 0.0985576923076923
0 0.46274038461538464 0.5793269230769231 0.06490384615384616 0.08653846153846154
0 0.4338942307692308 0.22956730769230768 0.0673076923076923 0.09134615384615384
2 0.5877403846153846 0.8725961538461539 0.07692307692307693 0.0889423076923077
2 0.5877403846153846 0.7463942307692307 0.07211538461538461 0.09375
2 0.5769230769230769 0.5853365384615384 0.07932692307692307 0.10576923076923077
2 0.546875 0.25841346153846156 0.07211538461538461 0.0985576923076923
2 0.5697115384615384 0.4182692307692308 0.07211538461538461 0.0985576923076923
2 0.6826923076923077 0.7283653846153846 0.07211538461538461 0.0985576923076923
2 0.6971153846153846 0.8413461538461539 0.06971153846153846 0.0889423076923077
2 0.6766826923076923 0.5793269230769231 0.08173076923076923 0.09375
2 0.6959134615384616 0.39783653846153844 0.08413461538461539 0.0985576923076923
2 0.6778846153846154 0.2283653846153846 0.07211538461538461 0.10096153846153846
2 0.7956730769230769 0.8557692307692307 0.07932692307692307 0.09375
2 0.7980769230769231 0.6971153846153846 0.07692307692307693 0.0985576923076923
2 0.7884615384615384 0.5528846153846154 0.07932692307692307 0.0985576923076923
2 0.7728365384615384 0.22956730769230768 0.07932692307692307 0.10336538461538461
2 0.7944711538461539 0.38100961538461536 0.07932692307692307 0.10336538461538461
2 0.9086538461538461 0.7067307692307693 0.07692307692307693 0.0889423076923077
2 0.9290865384615384 0.8449519230769231 0.06971153846153846 0.0889423076923077
2 0.8954326923076923 0.37259615384615385 0.07932692307692307 0.0985576923076923
2 0.8737980769230769 0.09495192307692307 0.08413461538461539 0.10336538461538461
2 0.8870192307692307 0.21514423076923078 0.07932692307692307 0.0985576923076923
2 0.9375 0.5492788461538461 0.07211538461538461 0.10336538461538461