0 0.10576923076923077 0.08533653846153846 0.0673076923076923 0.07692307692307693
0 0.17067307692307693 0.5432692307692307 0.07451923076923077 0.0985576923076923
0 0.13341346153846154 0.20432692307692307 0.07211538461538461 0.09375
0 0.15504807692307693 0.36177884615384615 0.07692307692307693 0.09375
0 0.21033653846153846 0.7379807692307693 0.08173076923076923 0.10576923076923077
0 0.22956730769230768 0.06971153846153846 0.07211538461538461 0.07932692307692307
0 0.27163461538461536 0.3449519230769231 0.07211538461538461 0.0985576923076923
0 0.30528846153846156 0.5192307692307693 0.0673076923076923 0.0889423076923077
0 0.2608173076923077 0.1971153846153846 0.07211538461538461 0.09375
0 0.34375 0.7151442307692307 0.07692307692307693 0.0985576923076923
0 0.35336538461538464 0.05048076923076923 0.07451923076923077 0.07692307692307693
0 0.38341346153846156 0.1875 0.0673076923076923 0.0889423076923077
0 0.4326923076923077 0.5012019230769231 0.07692307692307693 0.0985576923076923
0 0.40865384615384615 0.3329326923076923 0.0673076923076923 0.0889423076923077
0 0.46634615384615385 0.6802884615384616 0.06971153846153846 0.09375
2 0.4639423076923077 0.030048076923076924 0.07692307692307693 0.06009615384615385
2 0.49038461538461536 0.140625 0.07692307692307693 0.09375
2 0.5204326923076923 0.3004807692307692 0.08413461538461539 0.11057692307692307
2 0.5685096153846154 0.6237980769230769 0.07692307692307693 0.0985576923076923
2 0.5540865384615384 0.46153846153846156 0.07692307692307693 0.0985576923076923
2 0.5889423076923077 0.1346153846153846 0.07692307692307693 0.0985576923076923
2 0.5757211538461539 0.03245192307692308 0.07451923076923077 0.06490384615384616
2 0.6189903846153846 0.2776442307692308 0.08413461538461539 0.0985576923076923
2 0.6802884615384616 0.45072115384615385 0.0889423076923077 0.10096153846153846
2 0.7043269230769231 0.6201923076923077 0.07692307692307693 0.10336538461538461
2 0.6706730769230769 0.015625 0.07692307692307693 0.03125
2 0.7079326923076923 0.1346153846153846 0.07932692307692307 0.10096153846153846
2 0.7319711538461539 0.2764423076923077 0.08173076923076923 0.10096153846153846
2 0.796875 0.5985576923076923 0.08173076923076923 0.10817307692307693
2 0.7800480769230769 0.44711538461538464 0.08173076923076923 0.10817307692307693
2 0.8125 0.10096153846153846 0.07932692307692307 0.09134615384615384
2 0.8834134615384616 0.43028846153846156 0.08173076923076923 0.10096153846153846
2 0.9302884615384616 0.703125 0.0889423076923077 0.10576923076923077
2 0.9134615384615384 0.5865384615384616 0.08173076923076923 0.10096153846153846
2 0.8798076923076923 0.24759615384615385 0.07932692307692307 0.10817307692307693