0 0.8100961538461539 0.90625 0.06490384615384616 0.0889423076923077
0 0.7836538461538461 0.4254807692307692 0.0673076923076923 0.09615384615384616
0 0.7920673076923077 0.7740384615384616 0.06490384615384616 0.09134615384615384
0 0.7836538461538461 0.6141826923076923 0.07211538461538461 0.0889423076923077
0 0.7608173076923077 0.22235576923076922 0.07692307692307693 0.10336538461538461
0 0.6826923076923077 0.9074519230769231 0.0673076923076923 0.0889423076923077
0 0.6658653846153846 0.6177884615384616 0.06490384615384616 0.09615384615384616
0 0.6478365384615384 0.4362980769230769 0.06490384615384616 0.08413461538461539
0 0.6610576923076923 0.7692307692307693 0.0673076923076923 0.0889423076923077
0 0.6274038461538461 0.234375 0.07211538461538461 0.09615384615384616
0 0.5540865384615384 0.9182692307692307 0.07211538461538461 0.0889423076923077
0 0.5360576923076923 0.7704326923076923 0.06490384615384616 0.08413461538461539
0 0.5168269230769231 0.44350961538461536 0.07211538461538461 0.09615384615384616
0 0.5228365384615384 0.6201923076923077 0.06490384615384616 0.08413461538461539
0 0.4963942307692308 0.2608173076923077 0.06490384615384616 0.0889423076923077
2 0.44350961538461536 0.9375 0.07692307692307693 0.08653846153846154
2 0.421875 0.8100961538461539 0.07211538461538461 0.0889423076923077
2 0.40865384615384615 0.6430288461538461 0.07692307692307693 0.10576923076923077
2 0.38461538461538464 0.3076923076923077 0.07211538461538461 0.09615384615384616
2 0.3894230769230769 0.4735576923076923 0.07211538461538461 0.09615384615384616
2 0.3233173076923077 0.8064903846153846 0.07211538461538461 0.09615384615384616
2 0.3269230769230769 0.9242788461538461 0.07211538461538461 0.08413461538461539
2 0.30649038461538464 0.6550480769230769 0.07932692307692307 0.09615384615384616
2 0.25721153846153844 0.47475961538461536 0.08173076923076923 0.0985576923076923
2 0.24759615384615385 0.29927884615384615 0.07211538461538461 0.10096153846153846
2 0.2283653846153846 0.9543269230769231 0.07692307692307693 0.09134615384615384
2 0.19951923076923078 0.7932692307692307 0.07211538461538461 0.09615384615384616
2 0.18870192307692307 0.6454326923076923 0.07692307692307693 0.0985576923076923
2 0.15264423076923078 0.31490384615384615 0.07692307692307693 0.10336538461538461
2 0.15384615384615385 0.47115384615384615 0.07692307692307693 0.10336538461538461
2 0.09134615384615384 0.8209134615384616 0.07692307692307693 0.08653846153846154
2 0.09134615384615384 0.9603365384615384 0.07211538461538461 0.07932692307692307
2 0.05048076923076923 0.4795673076923077 0.07692307692307693 0.0985576923076923
2 0.03365384615384615 0.1935096153846154 0.0673076923076923 0.10336538461538461
2 0.036057692307692304 0.31850961538461536 0.07211538461538461 0.0985576923076923
2 0.038461538461538464 0.6658653846153846 0.06490384615384616 0.10576923076923077