0 0.22355769230769232 0.9555288461538461 0.06971153846153846 0.08653846153846154
0 0.15504807692307693 0.5108173076923077 0.06971153846153846 0.09375
0 0.21514423076923078 0.8305288461538461 0.06971153846153846 0.0889423076923077
0 0.19230769230769232 0.6838942307692307 0.07451923076923077 0.09134615384615384
0 0.13701923076923078 0.32091346153846156 0.08173076923076923 0.10096153846153846
0 0.34134615384615385 0.9314903846153846 0.06971153846153846 0.08653846153846154
0 0.29927884615384615 0.6646634615384616 0.06971153846153846 0.09375
0 0.28125 0.4951923076923077 0.06971153846153846 0.08413461538461539
0 0.33413461538461536 0.8016826923076923 0.06971153846153846 0.0889423076923077
0 0.2608173076923077 0.30649038461538464 0.07451923076923077 0.09615384615384616
0 0.46033653846153844 0.9158653846153846 0.07451923076923077 0.09134615384615384
0 0.4483173076923077 0.7788461538461539 0.06971153846153846 0.08413461538461539
0 0.4026442307692308 0.47596153846153844 0.07451923076923077 0.09615384615384616
0 0.43028846153846156 0.6382211538461539 0.06971153846153846 0.08413461538461539
0 0.3858173076923077 0.30528846153846156 0.06971153846153846 0.0889423076923077
2 0.5649038461538461 0.9134615384615384 0.07932692307692307 0.08653846153846154
2 0.5600961538461539 0.7908653846153846 0.07451923076923077 0.09134615384615384
2 0.5396634615384616 0.6370192307692307 0.08173076923076923 0.10576923076923077
2 0.4951923076923077 0.3269230769230769 0.07451923076923077 0.09615384615384616
2 0.5240384615384616 0.47836538461538464 0.07451923076923077 0.09615384615384616
2 0.6490384615384616 0.7692307692307693 0.07451923076923077 0.09615384615384616
2 0.6694711538461539 0.8786057692307693 0.07451923076923077 0.08653846153846154
2 0.6358173076923077 0.6286057692307693 0.08173076923076923 0.09375
2 0.6454326923076923 0.4543269230769231 0.08413461538461539 0.09615384615384616
2 0.6201923076923077 0.29086538461538464 0.07692307692307693 0.10096153846153846
2 0.7632211538461539 0.8870192307692307 0.07932692307692307 0.09134615384615384
2 0.7584134615384616 0.734375 0.07451923076923077 0.09615384615384616
2 0.7415865384615384 0.5973557692307693 0.07932692307692307 0.09615384615384616
2 0.7115384615384616 0.28725961538461536 0.08173076923076923 0.10096153846153846
2 0.7379807692307693 0.43028846153846156 0.08173076923076923 0.10096153846153846
2 0.8653846153846154 0.7379807692307693 0.07932692307692307 0.08653846153846154
2 0.890625 0.8689903846153846 0.07451923076923077 0.08653846153846154
2 0.8353365384615384 0.41947115384615385 0.07932692307692307 0.09615384615384616
2 0.8004807692307693 0.15384615384615385 0.08653846153846154 0.10096153846153846
2 0.8185096153846154 0.26802884615384615 0.07932692307692307 0.09615384615384616
2 0.8846153846153846 0.5865384615384616 0.07692307692307693 0.10576923076923077