0 0.9134615384615384 0.19471153846153846 0.0889423076923077 0.0673076923076923
0 0.45913461538461536 0.140625 0.09615384615384616 0.06971153846153846
0 0.7884615384615384 0.18990384615384615 0.09134615384615384 0.0673076923076923
0 0.6346153846153846 0.171875 0.09134615384615384 0.07211538461538461
0 0.265625 0.12860576923076922 0.10096153846153846 0.08173076923076923
0 0.8954326923076923 0.31490384615384615 0.0889423076923077 0.06971153846153846
0 0.6201923076923077 0.2860576923076923 0.09615384615384616 0.0673076923076923
0 0.4495192307692308 0.27163461538461536 0.08413461538461539 0.0673076923076923
0 0.7632211538461539 0.3112980769230769 0.09134615384615384 0.06971153846153846
0 0.2536057692307692 0.25961538461538464 0.09375 0.07211538461538461
0 0.8846153846153846 0.4375 0.09134615384615384 0.07211538461538461
0 0.7415865384615384 0.42908653846153844 0.08413461538461539 0.0673076923076923
0 0.4338942307692308 0.39783653846153844 0.09615384615384616 0.07211538461538461
0 0.5973557692307693 0.4170673076923077 0.08413461538461539 0.0673076923076923
0 0.25600961538461536 0.38341346153846156 0.09134615384615384 0.0673076923076923
2 0.8846153846153846 0.546875 0.08413461538461539 0.07692307692307693
2 0.7584134615384616 0.5432692307692307 0.09134615384615384 0.07211538461538461
2 0.6009615384615384 0.5300480769230769 0.10336538461538461 0.07932692307692307
2 0.28365384615384615 0.49399038461538464 0.09615384615384616 0.07211538461538461
2 0.4387019230769231 0.5216346153846154 0.09615384615384616 0.07211538461538461
2 0.7391826923076923 0.6370192307692307 0.09615384615384616 0.07211538461538461
2 0.8509615384615384 0.6526442307692307 0.08413461538461539 0.07211538461538461
2 0.5961538461538461 0.6298076923076923 0.09375 0.08173076923076923
2 0.41947115384615385 0.6430288461538461 0.09615384615384616 0.08173076923076923
2 0.25240384615384615 0.6225961538461539 0.10096153846153846 0.07451923076923077
2 0.8629807692307693 0.75 0.09134615384615384 0.07692307692307693
2 0.7091346153846154 0.7487980769230769 0.09615384615384616 0.07451923076923077
2 0.5697115384615384 0.734375 0.09615384615384616 0.07692307692307693
2 0.2512019230769231 0.7151442307692307 0.10336538461538461 0.07932692307692307
2 0.39663461538461536 0.7379807692307693 0.10096153846153846 0.07932692307692307
2 0.7139423076923077 0.8557692307692307 0.08413461538461539 0.07692307692307693
2 0.8521634615384616 0.8786057692307693 0.08413461538461539 0.07211538461538461
2 0.3870192307692308 0.8401442307692307 0.09615384615384616 0.07692307692307693
2 0.11899038461538461 0.8125 0.10336538461538461 0.0889423076923077
2 0.234375 0.828125 0.09375 0.07692307692307693
2 0.5600961538461539 0.8810096153846154 0.10336538461538461 0.07451923076923077