0 0.8377403846153846 0.11899038461538461 0.08653846153846154 0.06490384615384616
0 0.3701923076923077 0.16105769230769232 0.09615384615384616 0.06971153846153846
0 0.7115384615384616 0.14182692307692307 0.09134615384615384 0.0673076923076923
0 0.5528846153846154 0.15504807692307693 0.09134615384615384 0.07211538461538461
0 0.17427884615384615 0.19110576923076922 0.10336538461538461 0.07692307692307693
0 0.8461538461538461 0.2439903846153846 0.08653846153846154 0.06971153846153846
0 0.5637019230769231 0.27403846153846156 0.09615384615384616 0.06490384615384616
0 0.38822115384615385 0.2956730769230769 0.08653846153846154 0.06490384615384616
0 0.7115384615384616 0.2692307692307692 0.09134615384615384 0.06971153846153846
0 0.18870192307692307 0.3245192307692308 0.09375 0.07211538461538461
0 0.8617788461538461 0.36778846153846156 0.09134615384615384 0.07211538461538461
0 0.7151442307692307 0.3918269230769231 0.08653846153846154 0.06490384615384616
0 0.39903846153846156 0.4254807692307692 0.09615384615384616 0.07211538461538461
0 0.5685096153846154 0.4110576923076923 0.08653846153846154 0.06490384615384616
0 0.21754807692307693 0.4483173076923077 0.09134615384615384 0.0673076923076923
2 0.8846153846153846 0.4795673076923077 0.08653846153846154 0.07692307692307693
2 0.7560096153846154 0.5012019230769231 0.09134615384615384 0.07211538461538461
2 0.5949519230769231 0.5240384615384616 0.10576923076923077 0.07932692307692307
2 0.2692307692307692 0.5552884615384616 0.09615384615384616 0.07211538461538461
2 0.43149038461538464 0.5492788461538461 0.09615384615384616 0.07211538461538461
2 0.7572115384615384 0.6021634615384616 0.09615384615384616 0.07211538461538461
2 0.8725961538461539 0.59375 0.08653846153846154 0.07211538461538461
2 0.6117788461538461 0.6237980769230769 0.09375 0.07932692307692307
2 0.4375 0.6754807692307693 0.0985576923076923 0.08413461538461539
2 0.265625 0.6911057692307693 0.10336538461538461 0.07211538461538461
2 0.9050480769230769 0.6887019230769231 0.09134615384615384 0.07692307692307693
2 0.7512019230769231 0.7199519230769231 0.09615384615384616 0.07451923076923077
2 0.6081730769230769 0.7367788461538461 0.09615384615384616 0.07692307692307693
2 0.28365384615384615 0.7836538461538461 0.10576923076923077 0.07932692307692307
2 0.43509615384615385 0.7764423076923077 0.10336538461538461 0.07692307692307693
2 0.7800480769230769 0.8269230769230769 0.08653846153846154 0.07692307692307693
2 0.921875 0.8185096153846154 0.08653846153846154 0.07211538461538461
2 0.44591346153846156 0.8798076923076923 0.09615384615384616 0.07692307692307693
2 0.171875 0.9098557692307693 0.10576923076923077 0.08413461538461539
2 0.29086538461538464 0.9014423076923077 0.09375 0.07692307692307693
2 0.6286057692307693 0.8858173076923077 0.10336538461538461 0.07211538461538461