0 0.0673076923076923 0.9411057692307693 0.0889423076923077 0.06490384615384616
0 0.5480769230769231 0.9230769230769231 0.09615384615384616 0.06490384615384616
0 0.1971153846153846 0.9254807692307693 0.09134615384615384 0.06490384615384616
0 0.359375 0.9194711538461539 0.09134615384615384 0.06971153846153846
0 0.7524038461538461 0.9026442307692307 0.10336538461538461 0.07451923076923077
0 0.06490384615384616 0.8125 0.0889423076923077 0.06490384615384616
0 0.3557692307692308 0.7980769230769231 0.09615384615384616 0.06490384615384616
0 0.5372596153846154 0.7836538461538461 0.08653846153846154 0.06490384615384616
0 0.203125 0.7944711538461539 0.09134615384615384 0.06490384615384616
0 0.7427884615384616 0.765625 0.09375 0.06971153846153846
0 0.055288461538461536 0.6838942307692307 0.09134615384615384 0.06971153846153846
0 0.20793269230769232 0.6682692307692307 0.08653846153846154 0.06490384615384616
0 0.5324519230769231 0.6502403846153846 0.09615384615384616 0.06971153846153846
0 0.3581730769230769 0.65625 0.08413461538461539 0.06490384615384616
0 0.7199519230769231 0.6370192307692307 0.09134615384615384 0.06490384615384616
2 0.040865384615384616 0.5685096153846154 0.07932692307692307 0.07451923076923077
2 0.16947115384615385 0.5528846153846154 0.09134615384615384 0.06971153846153846
2 0.33653846153846156 0.5396634615384616 0.10336538461538461 0.07451923076923077
2 0.671875 0.5240384615384616 0.09615384615384616 0.06971153846153846
2 0.5072115384615384 0.5216346153846154 0.09615384615384616 0.06971153846153846
2 0.17427884615384615 0.4495192307692308 0.09615384615384616 0.06971153846153846
2 0.055288461538461536 0.4519230769230769 0.08653846153846154 0.06971153846153846
2 0.3245192307692308 0.43509615384615385 0.09375 0.07692307692307693
2 0.5072115384615384 0.3918269230769231 0.09615384615384616 0.07932692307692307
2 0.6838942307692307 0.3858173076923077 0.10336538461538461 0.06971153846153846
2 0.036057692307692304 0.35216346153846156 0.07211538461538461 0.07451923076923077
2 0.1875 0.3293269230769231 0.09615384615384616 0.07211538461538461
2 0.33653846153846156 0.32091346153846156 0.09615384615384616 0.07451923076923077
2 0.6706730769230769 0.28966346153846156 0.10336538461538461 0.07451923076923077
2 0.5144230769230769 0.28846153846153844 0.10336538461538461 0.07451923076923077
2 0.16466346153846154 0.21875 0.08413461538461539 0.07451923076923077
2 0.030048076923076924 0.21754807692307693 0.06009615384615385 0.06971153846153846
2 0.5084134615384616 0.18269230769230768 0.09615384615384616 0.07451923076923077
2 0.7920673076923077 0.16466346153846154 0.10336538461538461 0.08413461538461539
2 0.6694711538461539 0.16826923076923078 0.09375 0.07451923076923077
2 0.32091346153846156 0.1658653846153846 0.10336538461538461 0.06971153846153846