0 0.1971153846153846 0.08653846153846154 0.0625 0.08173076923076923
0 0.15144230769230768 0.5276442307692307 0.0673076923076923 0.09134615384615384
0 0.1935096153846154 0.20793269230769232 0.0625 0.08653846153846154
0 0.1778846153846154 0.3557692307692308 0.06971153846153846 0.0889423076923077
0 0.14302884615384615 0.7151442307692307 0.07692307692307693 0.0985576923076923
0 0.3137019230769231 0.10096153846153846 0.06490384615384616 0.08173076923076923
0 0.28966346153846156 0.36778846153846156 0.06490384615384616 0.09134615384615384
0 0.2800480769230769 0.5360576923076923 0.0625 0.08173076923076923
0 0.3137019230769231 0.23076923076923078 0.06490384615384616 0.08653846153846154
0 0.2692307692307692 0.7247596153846154 0.07211538461538461 0.09134615384615384
0 0.43149038461538464 0.109375 0.06971153846153846 0.0889423076923077
0 0.4266826923076923 0.25 0.0625 0.08173076923076923
0 0.40024038461538464 0.5492788461538461 0.07211538461538461 0.09375
0 0.4170673076923077 0.3894230769230769 0.0625 0.08173076923076923
0 0.3894230769230769 0.7199519230769231 0.0625 0.08653846153846154
2 0.5384615384615384 0.109375 0.07451923076923077 0.08413461538461539
2 0.5360576923076923 0.23076923076923078 0.06971153846153846 0.0889423076923077
2 0.5276442307692307 0.38461538461538464 0.07692307692307693 0.10096153846153846
2 0.49759615384615385 0.6911057692307693 0.07211538461538461 0.09375
2 0.5216346153846154 0.5408653846153846 0.07211538461538461 0.09375
2 0.6286057692307693 0.24759615384615385 0.07211538461538461 0.09375
2 0.6430288461538461 0.140625 0.06971153846153846 0.08413461538461539
2 0.6225961538461539 0.3858173076923077 0.07692307692307693 0.09134615384615384
2 0.6394230769230769 0.5576923076923077 0.08173076923076923 0.09375
2 0.6213942307692307 0.7199519230769231 0.07211538461538461 0.0985576923076923
2 0.7355769230769231 0.12740384615384615 0.07451923076923077 0.0889423076923077
2 0.7367788461538461 0.27524038461538464 0.07211538461538461 0.09375
2 0.7259615384615384 0.4110576923076923 0.07692307692307693 0.09375
2 0.7115384615384616 0.7199519230769231 0.07692307692307693 0.10096153846153846
2 0.7307692307692307 0.5769230769230769 0.07692307692307693 0.0985576923076923
2 0.8413461538461539 0.26802884615384615 0.07451923076923077 0.08413461538461539
2 0.859375 0.1346153846153846 0.06971153846153846 0.08413461538461539
2 0.8305288461538461 0.5853365384615384 0.07692307692307693 0.09375
2 0.8088942307692307 0.8461538461538461 0.08173076923076923 0.0985576923076923
2 0.8221153846153846 0.734375 0.07692307692307693 0.09134615384615384
2 0.8689903846153846 0.4182692307692308 0.07211538461538461 0.10096153846153846