0 0.90625 0.2127403846153846 0.08173076923076923 0.0625
0 0.46153846153846156 0.17427884615384615 0.09134615384615384 0.06490384615384616
0 0.7824519230769231 0.21153846153846154 0.08653846153846154 0.0625
0 0.6358173076923077 0.19831730769230768 0.08653846153846154 0.06971153846153846
0 0.27403846153846156 0.16947115384615385 0.09615384615384616 0.07451923076923077
0 0.890625 0.3293269230769231 0.08173076923076923 0.06490384615384616
0 0.6237980769230769 0.30649038461538464 0.09134615384615384 0.0625
0 0.45552884615384615 0.29927884615384615 0.08173076923076923 0.0625
0 0.7620192307692307 0.33052884615384615 0.08653846153846154 0.06490384615384616
0 0.26802884615384615 0.29447115384615385 0.09134615384615384 0.06971153846153846
0 0.8846153846153846 0.44711538461538464 0.08653846153846154 0.06971153846153846
0 0.7475961538461539 0.44591346153846156 0.08173076923076923 0.0625
0 0.44591346153846156 0.421875 0.09134615384615384 0.06971153846153846
0 0.6069711538461539 0.4387019230769231 0.08173076923076923 0.0625
0 0.27524038461538464 0.41586538461538464 0.08653846153846154 0.0625
2 0.8870192307692307 0.5516826923076923 0.08173076923076923 0.07451923076923077
2 0.7680288461538461 0.5540865384615384 0.08653846153846154 0.06971153846153846
2 0.6141826923076923 0.5456730769230769 0.0985576923076923 0.07451923076923077
2 0.30528846153846156 0.5240384615384616 0.09134615384615384 0.06971153846153846
2 0.45552884615384615 0.5420673076923077 0.09134615384615384 0.06971153846153846
2 0.7524038461538461 0.6442307692307693 0.09134615384615384 0.06971153846153846
2 0.8605769230769231 0.65625 0.08173076923076923 0.06971153846153846
2 0.6105769230769231 0.640625 0.0889423076923077 0.07451923076923077
2 0.43990384615384615 0.6622596153846154 0.09134615384615384 0.07932692307692307
2 0.27884615384615385 0.6478365384615384 0.09615384615384616 0.06971153846153846
2 0.875 0.7487980769230769 0.08653846153846154 0.07451923076923077
2 0.7247596153846154 0.7548076923076923 0.09134615384615384 0.06971153846153846
2 0.5877403846153846 0.7463942307692307 0.09134615384615384 0.07451923076923077
2 0.2800480769230769 0.7379807692307693 0.09615384615384616 0.07451923076923077
2 0.42427884615384615 0.7560096153846154 0.09615384615384616 0.07451923076923077
2 0.7367788461538461 0.859375 0.08173076923076923 0.07451923076923077
2 0.8677884615384616 0.8762019230769231 0.08173076923076923 0.06971153846153846
2 0.4182692307692308 0.8521634615384616 0.09134615384615384 0.07451923076923077
2 0.15504807692307693 0.8365384615384616 0.09615384615384616 0.07932692307692307
2 0.26802884615384615 0.8461538461538461 0.09134615384615384 0.07451923076923077
2 0.5865384615384616 0.890625 0.0985576923076923 0.06971153846153846