0 0.11057692307692307 0.15625 0.07211538461538461 0.09134615384615384
0 0.19230769230769232 0.6105769230769231 0.07451923076923077 0.0985576923076923
0 0.14302884615384615 0.2800480769230769 0.07211538461538461 0.09375
0 0.16947115384615385 0.43028846153846156 0.07692307692307693 0.09375
0 0.23798076923076922 0.8004807692307693 0.08413461538461539 0.10576923076923077
0 0.23317307692307693 0.13942307692307693 0.07451923076923077 0.09134615384615384
0 0.2824519230769231 0.41225961538461536 0.07211538461538461 0.0985576923076923
0 0.31971153846153844 0.5829326923076923 0.06971153846153846 0.0889423076923077
0 0.26802884615384615 0.2692307692307692 0.07451923076923077 0.09375
0 0.3641826923076923 0.7728365384615384 0.07692307692307693 0.0985576923076923
0 0.35096153846153844 0.11538461538461539 0.07692307692307693 0.09375
0 0.3870192307692308 0.25240384615384615 0.06971153846153846 0.0889423076923077
0 0.44350961538461536 0.5612980769230769 0.07692307692307693 0.0985576923076923
0 0.4170673076923077 0.3942307692307692 0.06971153846153846 0.0889423076923077
0 0.484375 0.7319711538461539 0.07211538461538461 0.09375
2 0.45552884615384615 0.0829326923076923 0.07932692307692307 0.0889423076923077
2 0.49038461538461536 0.203125 0.07692307692307693 0.09375
2 0.5228365384615384 0.3581730769230769 0.08413461538461539 0.10576923076923077
2 0.5841346153846154 0.6742788461538461 0.07692307692307693 0.0985576923076923
2 0.5612980769230769 0.5180288461538461 0.07692307692307693 0.0985576923076923
2 0.5853365384615384 0.1935096153846154 0.07692307692307693 0.0985576923076923
2 0.5673076923076923 0.08173076923076923 0.07451923076923077 0.0889423076923077
2 0.6201923076923077 0.33653846153846156 0.08653846153846154 0.0985576923076923
2 0.6875 0.5012019230769231 0.08653846153846154 0.10096153846153846
2 0.7163461538461539 0.6682692307692307 0.07932692307692307 0.10576923076923077
2 0.65625 0.04447115384615385 0.08173076923076923 0.0889423076923077
2 0.703125 0.19230769230769232 0.08173076923076923 0.0985576923076923
2 0.7331730769230769 0.33052884615384615 0.08173076923076923 0.0985576923076923
2 0.8052884615384616 0.6418269230769231 0.08413461538461539 0.10576923076923077
2 0.7848557692307693 0.49278846153846156 0.08413461538461539 0.10576923076923077
2 0.8052884615384616 0.15264423076923078 0.07932692307692307 0.0889423076923077
2 0.7848557692307693 0.030048076923076924 0.07451923076923077 0.06009615384615385
2 0.8822115384615384 0.4723557692307692 0.08173076923076923 0.0985576923076923
2 0.9375 0.7415865384615384 0.08653846153846154 0.10817307692307693
2 0.9170673076923077 0.6237980769230769 0.08173076923076923 0.0985576923076923
2 0.875 0.2932692307692308 0.07932692307692307 0.10576923076923077