0 0.20673076923076922 0.9278846153846154 0.06490384615384616 0.08413461538461539
0 0.16826923076923078 0.4795673076923077 0.06490384615384616 0.09134615384615384
0 0.20552884615384615 0.8052884615384616 0.06490384615384616 0.08653846153846154
0 0.19230769230769232 0.6538461538461539 0.06971153846153846 0.08653846153846154
0 0.16346153846153846 0.28966346153846156 0.07451923076923077 0.09615384615384616
0 0.32572115384615385 0.9146634615384616 0.06490384615384616 0.08413461538461539
0 0.30528846153846156 0.6442307692307693 0.06490384615384616 0.09134615384615384
0 0.2980769230769231 0.47475961538461536 0.06490384615384616 0.08173076923076923
0 0.3269230769230769 0.7836538461538461 0.06490384615384616 0.08653846153846154
0 0.2920673076923077 0.28125 0.06971153846153846 0.09134615384615384
0 0.44471153846153844 0.9086538461538461 0.06971153846153846 0.08653846153846154
0 0.44350961538461536 0.7668269230769231 0.06490384615384616 0.08173076923076923
0 0.421875 0.4639423076923077 0.06971153846153846 0.09134615384615384
0 0.4362980769230769 0.625 0.06490384615384616 0.08173076923076923
0 0.41346153846153844 0.28846153846153844 0.06490384615384616 0.08653846153846154
2 0.5540865384615384 0.9110576923076923 0.07451923076923077 0.08173076923076923
2 0.5540865384615384 0.7872596153846154 0.06971153846153846 0.08653846153846154
2 0.5480769230769231 0.6322115384615384 0.07451923076923077 0.10096153846153846
2 0.5228365384615384 0.31971153846153844 0.06971153846153846 0.09134615384615384
2 0.5444711538461539 0.4735576923076923 0.06971153846153846 0.09134615384615384
2 0.6478365384615384 0.7716346153846154 0.06971153846153846 0.09134615384615384
2 0.6598557692307693 0.8822115384615384 0.06971153846153846 0.08173076923076923
2 0.6442307692307693 0.6310096153846154 0.07692307692307693 0.09134615384615384
2 0.6634615384615384 0.4567307692307692 0.07932692307692307 0.09134615384615384
2 0.6490384615384616 0.2920673076923077 0.06971153846153846 0.09615384615384616
2 0.7548076923076923 0.8966346153846154 0.07451923076923077 0.08653846153846154
2 0.7584134615384616 0.7463942307692307 0.07211538461538461 0.09134615384615384
2 0.75 0.6069711538461539 0.07451923076923077 0.09134615384615384
2 0.7403846153846154 0.29447115384615385 0.07451923076923077 0.10096153846153846
2 0.7584134615384616 0.4387019230769231 0.07451923076923077 0.09615384615384616
2 0.8641826923076923 0.7548076923076923 0.07451923076923077 0.08173076923076923
2 0.8810096153846154 0.8918269230769231 0.06971153846153846 0.08173076923076923
2 0.8581730769230769 0.4326923076923077 0.07451923076923077 0.09134615384615384
2 0.8425480769230769 0.16706730769230768 0.08173076923076923 0.0985576923076923
2 0.8533653846153846 0.2824519230769231 0.07451923076923077 0.09134615384615384
2 0.8954326923076923 0.6045673076923077 0.06971153846153846 0.10096153846153846