0 0.07932692307692307 0.7884615384615384 0.08653846153846154 0.0673076923076923
0 0.5264423076923077 0.8497596153846154 0.09375 0.06971153846153846
0 0.20432692307692307 0.7944711538461539 0.0889423076923077 0.0673076923076923
0 0.35216346153846156 0.8149038461538461 0.0889423076923077 0.07211538461538461
0 0.7163461538461539 0.8641826923076923 0.10096153846153846 0.07932692307692307
0 0.10216346153846154 0.6706730769230769 0.08653846153846154 0.0673076923076923
0 0.3701923076923077 0.7079326923076923 0.09375 0.06971153846153846
0 0.5396634615384616 0.7223557692307693 0.08413461538461539 0.0673076923076923
0 0.23076923076923078 0.6754807692307693 0.0889423076923077 0.0673076923076923
0 0.7271634615384616 0.7391826923076923 0.09375 0.07451923076923077
0 0.11538461538461539 0.5516826923076923 0.0889423076923077 0.07211538461538461
0 0.2536057692307692 0.5612980769230769 0.08413461538461539 0.0673076923076923
0 0.5564903846153846 0.6009615384615384 0.09375 0.07451923076923077
0 0.39302884615384615 0.5757211538461539 0.08413461538461539 0.0673076923076923
0 0.7283653846153846 0.6141826923076923 0.0889423076923077 0.0673076923076923
2 0.11658653846153846 0.44591346153846156 0.08653846153846154 0.07692307692307693
2 0.23798076923076922 0.4495192307692308 0.0889423076923077 0.07211538461538461
2 0.3918269230769231 0.46634615384615385 0.10576923076923077 0.07932692307692307
2 0.7043269230769231 0.5060096153846154 0.09375 0.07451923076923077
2 0.5528846153846154 0.4795673076923077 0.09375 0.07451923076923077
2 0.25841346153846156 0.3605769230769231 0.09375 0.07451923076923077
2 0.1502403846153846 0.34134615384615385 0.08413461538461539 0.07211538461538461
2 0.40024038461538464 0.3701923076923077 0.09375 0.08173076923076923
2 0.5745192307692307 0.35697115384615385 0.09615384615384616 0.08413461538461539
2 0.7367788461538461 0.3798076923076923 0.0985576923076923 0.07451923076923077
2 0.13942307692307693 0.24759615384615385 0.09134615384615384 0.07692307692307693
2 0.29086538461538464 0.25 0.09375 0.07451923076923077
2 0.43028846153846156 0.2644230769230769 0.09615384615384616 0.07932692307692307
2 0.7391826923076923 0.28966346153846156 0.10096153846153846 0.07932692307692307
2 0.5949519230769231 0.2644230769230769 0.10096153846153846 0.07932692307692307
2 0.2860576923076923 0.14302884615384615 0.08653846153846154 0.07692307692307693
2 0.15384615384615385 0.1201923076923077 0.08413461538461539 0.07211538461538461
2 0.6057692307692307 0.16826923076923078 0.09615384615384616 0.07932692307692307
2 0.8713942307692307 0.19831730769230768 0.10096153846153846 0.08413461538461539
2 0.7572115384615384 0.1814903846153846 0.09615384615384616 0.07932692307692307
2 0.4375 0.12139423076923077 0.10336538461538461 0.07451923076923077