0 0.0673076923076923 0.8533653846153846 0.08413461538461539 0.06009615384615385
0 0.5228365384615384 0.8665865384615384 0.09134615384615384 0.0625
0 0.1935096153846154 0.8461538461538461 0.08413461538461539 0.06009615384615385
0 0.3449519230769231 0.8521634615384616 0.08413461538461539 0.06490384615384616
0 0.7175480769230769 0.8617788461538461 0.09615384615384616 0.06971153846153846
0 0.07572115384615384 0.7319711538461539 0.08413461538461539 0.0625
0 0.35096153846153844 0.7403846153846154 0.09134615384615384 0.06009615384615385
0 0.5228365384615384 0.7379807692307693 0.07932692307692307 0.06009615384615385
0 0.20793269230769232 0.7235576923076923 0.08413461538461539 0.0625
0 0.7151442307692307 0.734375 0.09134615384615384 0.06490384615384616
0 0.07692307692307693 0.6105769230769231 0.08413461538461539 0.06490384615384616
0 0.21754807692307693 0.6045673076923077 0.08173076923076923 0.06009615384615385
0 0.5276442307692307 0.6129807692307693 0.09134615384615384 0.06490384615384616
0 0.3605769230769231 0.6045673076923077 0.07932692307692307 0.06009615384615385
0 0.7019230769230769 0.6081730769230769 0.08413461538461539 0.06009615384615385
2 0.0673076923076923 0.5024038461538461 0.07932692307692307 0.06971153846153846
2 0.18990384615384615 0.49399038461538464 0.08413461538461539 0.06490384615384616
2 0.3473557692307692 0.4951923076923077 0.0985576923076923 0.06971153846153846
2 0.6670673076923077 0.5012019230769231 0.09134615384615384 0.06490384615384616
2 0.5108173076923077 0.4891826923076923 0.09134615384615384 0.06490384615384616
2 0.20192307692307693 0.40024038461538464 0.09134615384615384 0.06490384615384616
2 0.09014423076923077 0.3942307692307692 0.08173076923076923 0.06490384615384616
2 0.34615384615384615 0.39663461538461536 0.0889423076923077 0.07211538461538461
2 0.5204326923076923 0.36538461538461536 0.09134615384615384 0.07451923076923077
2 0.6875 0.3701923076923077 0.09615384615384616 0.06490384615384616
2 0.06971153846153846 0.29927884615384615 0.08413461538461539 0.06971153846153846
2 0.22355769230769232 0.2860576923076923 0.09134615384615384 0.0673076923076923
2 0.3641826923076923 0.28725961538461536 0.09134615384615384 0.06971153846153846
2 0.6790865384615384 0.2800480769230769 0.09615384615384616 0.06971153846153846
2 0.53125 0.2692307692307692 0.09615384615384616 0.06971153846153846
2 0.20552884615384615 0.17908653846153846 0.07932692307692307 0.06971153846153846
2 0.07091346153846154 0.16947115384615385 0.07932692307692307 0.06490384615384616
2 0.5324519230769231 0.17067307692307693 0.09134615384615384 0.06971153846153846
2 0.8040865384615384 0.171875 0.09615384615384616 0.07692307692307693
2 0.6862980769230769 0.16706730769230768 0.09134615384615384 0.06971153846153846
2 0.35697115384615385 0.140625 0.0985576923076923 0.06490384615384616