0 0.8365384615384616 0.8353365384615384 0.0889423076923077 0.06971153846153846
0 0.3629807692307692 0.7836538461538461 0.0985576923076923 0.07211538461538461
0 0.7091346153846154 0.8112980769230769 0.09134615384615384 0.06971153846153846
0 0.5492788461538461 0.7944711538461539 0.09375 0.07692307692307693
0 0.16346153846153846 0.75 0.10576923076923077 0.08173076923076923
0 0.8473557692307693 0.7079326923076923 0.09134615384615384 0.07211538461538461
0 0.5612980769230769 0.6742788461538461 0.09615384615384616 0.06971153846153846
0 0.38341346153846156 0.6466346153846154 0.08653846153846154 0.0673076923076923
0 0.7115384615384616 0.6802884615384616 0.09375 0.07211538461538461
0 0.18389423076923078 0.6153846153846154 0.0985576923076923 0.07692307692307693
0 0.8653846153846154 0.5817307692307693 0.09375 0.07692307692307693
0 0.7163461538461539 0.5552884615384616 0.08653846153846154 0.0673076923076923
0 0.39663461538461536 0.5168269230769231 0.0985576923076923 0.07692307692307693
0 0.5673076923076923 0.5348557692307693 0.08653846153846154 0.0673076923076923
0 0.2127403846153846 0.4891826923076923 0.09134615384615384 0.06971153846153846
2 0.890625 0.4699519230769231 0.0889423076923077 0.07932692307692307
2 0.7608173076923077 0.44471153846153844 0.09375 0.07692307692307693
2 0.5973557692307693 0.41947115384615385 0.10817307692307693 0.08173076923076923
2 0.26802884615384615 0.38221153846153844 0.0985576923076923 0.07692307692307693
2 0.43149038461538464 0.3918269230769231 0.0985576923076923 0.07692307692307693
2 0.7644230769230769 0.34375 0.0985576923076923 0.07692307692307693
2 0.8810096153846154 0.35216346153846156 0.0889423076923077 0.07451923076923077
2 0.6165865384615384 0.31850961538461536 0.0985576923076923 0.08173076923076923
2 0.43990384615384615 0.26322115384615385 0.0985576923076923 0.08653846153846154
2 0.265625 0.2439903846153846 0.10576923076923077 0.07692307692307693
2 0.9158653846153846 0.25841346153846156 0.09375 0.08173076923076923
2 0.7596153846153846 0.22355769230769232 0.0985576923076923 0.07692307692307693
2 0.6129807692307693 0.20432692307692307 0.0985576923076923 0.08173076923076923
2 0.28365384615384615 0.1502403846153846 0.10576923076923077 0.08173076923076923
2 0.4387019230769231 0.16105769230769232 0.10576923076923077 0.08173076923076923
2 0.7908653846153846 0.11658653846153846 0.0889423076923077 0.07932692307692307
2 0.9350961538461539 0.125 0.0889423076923077 0.07451923076923077
2 0.453125 0.055288461538461536 0.0985576923076923 0.08173076923076923
2 0.17307692307692307 0.030048076923076924 0.10576923076923077 0.06009615384615385
2 0.29447115384615385 0.03485576923076923 0.0985576923076923 0.06971153846153846
2 0.6394230769230769 0.052884615384615384 0.10817307692307693 0.07692307692307693