0 0.13341346153846154 0.16947115384615385 0.07932692307692307 0.057692307692307696
0 0.5600961538461539 0.19230769230769232 0.08413461538461539 0.0625
0 0.24879807692307693 0.18509615384615385 0.07932692307692307 0.057692307692307696
0 0.39302884615384615 0.19230769230769232 0.07932692307692307 0.0625
0 0.7415865384615384 0.2127403846153846 0.0889423076923077 0.0673076923076923
0 0.12980769230769232 0.28365384615384615 0.07932692307692307 0.0625
0 0.38822115384615385 0.3004807692307692 0.08413461538461539 0.057692307692307696
0 0.5492788461538461 0.3161057692307692 0.07451923076923077 0.057692307692307696
0 0.25240384615384615 0.3016826923076923 0.07932692307692307 0.0625
0 0.7307692307692307 0.33533653846153844 0.08413461538461539 0.0625
0 0.1201923076923077 0.39663461538461536 0.07932692307692307 0.0625
0 0.2536057692307692 0.41346153846153844 0.07451923076923077 0.057692307692307696
0 0.5432692307692307 0.4338942307692308 0.08413461538461539 0.0625
0 0.38822115384615385 0.4254807692307692 0.07451923076923077 0.057692307692307696
0 0.7079326923076923 0.4495192307692308 0.07932692307692307 0.057692307692307696
2 0.10336538461538461 0.4987980769230769 0.07451923076923077 0.0673076923076923
2 0.21995192307692307 0.5144230769230769 0.07932692307692307 0.0625
2 0.36778846153846156 0.5300480769230769 0.09375 0.0673076923076923
2 0.6646634615384616 0.5480769230769231 0.08413461538461539 0.0625
2 0.5168269230769231 0.5480769230769231 0.08413461538461539 0.0625
2 0.22235576923076922 0.6057692307692307 0.08413461538461539 0.0625
2 0.11658653846153846 0.6021634615384616 0.07451923076923077 0.0625
2 0.3557692307692308 0.6213942307692307 0.08413461538461539 0.07211538461538461
2 0.515625 0.6634615384615384 0.08413461538461539 0.07211538461538461
2 0.6730769230769231 0.671875 0.0889423076923077 0.0625
2 0.09014423076923077 0.6887019230769231 0.07932692307692307 0.0673076923076923
2 0.23076923076923078 0.7139423076923077 0.08413461538461539 0.0673076923076923
2 0.3629807692307692 0.7235576923076923 0.08413461538461539 0.0673076923076923
2 0.6598557692307693 0.7560096153846154 0.09375 0.0673076923076923
2 0.5216346153846154 0.7536057692307693 0.0889423076923077 0.0673076923076923
2 0.2091346153846154 0.8112980769230769 0.07451923076923077 0.0673076923076923
2 0.07932692307692307 0.8088942307692307 0.07451923076923077 0.0625
2 0.5144230769230769 0.8497596153846154 0.08413461538461539 0.0673076923076923
2 0.765625 0.8689903846153846 0.09134615384615384 0.07692307692307693
2 0.65625 0.8641826923076923 0.08413461538461539 0.0673076923076923
2 0.3473557692307692 0.8605769230769231 0.09375 0.0625