0 0.84375 0.056490384615384616 0.0625 0.08173076923076923
0 0.8185096153846154 0.5168269230769231 0.0673076923076923 0.09375
0 0.8269230769230769 0.18028846153846154 0.0625 0.08653846153846154
0 0.8185096153846154 0.33653846153846156 0.0673076923076923 0.08653846153846154
0 0.7956730769230769 0.7115384615384616 0.07211538461538461 0.0985576923076923
0 0.7211538461538461 0.051682692307692304 0.0673076923076923 0.08413461538461539
0 0.703125 0.33052884615384615 0.0625 0.09375
0 0.6850961538461539 0.5048076923076923 0.0625 0.08173076923076923
0 0.7007211538461539 0.18389423076923078 0.0673076923076923 0.08653846153846154
0 0.6634615384615384 0.7007211538461539 0.0673076923076923 0.0889423076923077
0 0.5985576923076923 0.04447115384615385 0.0673076923076923 0.08173076923076923
0 0.5805288461538461 0.18629807692307693 0.0625 0.08173076923076923
0 0.5576923076923077 0.4987980769230769 0.0673076923076923 0.09375
0 0.5661057692307693 0.3317307692307692 0.0625 0.08173076923076923
0 0.5408653846153846 0.6766826923076923 0.0625 0.08653846153846154
2 0.484375 0.03245192307692308 0.06971153846153846 0.06490384615384616
2 0.4699519230769231 0.14783653846153846 0.0673076923076923 0.08653846153846154
2 0.4543269230769231 0.3088942307692308 0.07211538461538461 0.0985576923076923
2 0.43509615384615385 0.6286057692307693 0.0673076923076923 0.09375
2 0.43509615384615385 0.4699519230769231 0.0673076923076923 0.09375
2 0.37259615384615385 0.15144230769230768 0.0673076923076923 0.09375
2 0.375 0.038461538461538464 0.0673076923076923 0.07692307692307693
2 0.3557692307692308 0.29447115384615385 0.07692307692307693 0.09134615384615384
2 0.3112980769230769 0.46875 0.07932692307692307 0.09615384615384616
2 0.30288461538461536 0.6382211538461539 0.0673076923076923 0.0985576923076923
2 0.28125 0.026442307692307692 0.07211538461538461 0.052884615384615384
2 0.25600961538461536 0.16105769230769232 0.07211538461538461 0.09375
2 0.24519230769230768 0.30408653846153844 0.07211538461538461 0.09375
2 0.2091346153846154 0.6237980769230769 0.07211538461538461 0.0985576923076923
2 0.2127403846153846 0.4735576923076923 0.07211538461538461 0.0985576923076923
2 0.1502403846153846 0.13701923076923078 0.07211538461538461 0.08173076923076923
2 0.15264423076923078 0.018028846153846152 0.06490384615384616 0.036057692307692304
2 0.109375 0.46634615384615385 0.07211538461538461 0.09375
2 0.0889423076923077 0.7379807692307693 0.08173076923076923 0.10096153846153846
2 0.09375 0.6201923076923077 0.07211538461538461 0.0889423076923077
2 0.0985576923076923 0.2860576923076923 0.0673076923076923 0.0985576923076923