0 0.19110576923076922 0.109375 0.052884615384615384 0.07692307692307693
0 0.19230769230769232 0.5396634615384616 0.057692307692307696 0.08173076923076923
0 0.20072115384615385 0.2283653846153846 0.052884615384615384 0.07692307692307693
0 0.20072115384615385 0.3701923076923077 0.057692307692307696 0.07692307692307693
0 0.203125 0.7211538461538461 0.0625 0.0889423076923077
0 0.30528846153846156 0.1141826923076923 0.057692307692307696 0.07692307692307693
0 0.30649038461538464 0.37259615384615385 0.052884615384615384 0.08173076923076923
0 0.3137019230769231 0.5348557692307693 0.052884615384615384 0.07211538461538461
0 0.3173076923076923 0.23798076923076922 0.057692307692307696 0.07692307692307693
0 0.3233173076923077 0.7151442307692307 0.057692307692307696 0.08173076923076923
0 0.41947115384615385 0.11057692307692307 0.057692307692307696 0.07692307692307693
0 0.42908653846153844 0.24278846153846154 0.052884615384615384 0.07211538461538461
0 0.43149038461538464 0.5348557692307693 0.057692307692307696 0.08173076923076923
0 0.4338942307692308 0.37740384615384615 0.052884615384615384 0.07211538461538461
0 0.4411057692307692 0.6983173076923077 0.052884615384615384 0.07692307692307693
2 0.5192307692307693 0.0985576923076923 0.0625 0.07211538461538461
2 0.5324519230769231 0.2127403846153846 0.057692307692307696 0.07692307692307693
2 0.5372596153846154 0.36177884615384615 0.0625 0.09134615384615384
2 0.5420673076923077 0.6622596153846154 0.057692307692307696 0.08173076923076923
2 0.546875 0.5144230769230769 0.057692307692307696 0.08173076923076923
2 0.6201923076923077 0.22115384615384615 0.057692307692307696 0.08173076923076923
2 0.6225961538461539 0.11538461538461539 0.057692307692307696 0.07211538461538461
2 0.6286057692307693 0.35697115384615385 0.0673076923076923 0.08173076923076923
2 0.6646634615384616 0.5192307692307693 0.0673076923076923 0.08173076923076923
2 0.6646634615384616 0.6766826923076923 0.057692307692307696 0.08653846153846154
2 0.7103365384615384 0.09254807692307693 0.0625 0.07692307692307693
2 0.7295673076923077 0.23798076923076922 0.0625 0.08173076923076923
2 0.7331730769230769 0.3701923076923077 0.0625 0.08173076923076923
2 0.75 0.6670673076923077 0.0625 0.08653846153846154
2 0.7548076923076923 0.5264423076923077 0.0625 0.08653846153846154
2 0.828125 0.21754807692307693 0.0625 0.07211538461538461
2 0.8329326923076923 0.09014423076923077 0.057692307692307696 0.07211538461538461
2 0.8485576923076923 0.5240384615384616 0.0625 0.08173076923076923
2 0.8557692307692307 0.7788461538461539 0.0673076923076923 0.08653846153846154
2 0.8557692307692307 0.6694711538461539 0.0625 0.08173076923076923
2 0.8701923076923077 0.359375 0.057692307692307696 0.09134615384615384