0 0.22115384615384615 0.04927884615384615 0.0625 0.08173076923076923
0 0.17548076923076922 0.4891826923076923 0.0673076923076923 0.09134615384615384
0 0.21754807692307693 0.16947115384615385 0.0625 0.08653846153846154
0 0.203125 0.3173076923076923 0.06971153846153846 0.0889423076923077
0 0.16706730769230768 0.6766826923076923 0.07692307692307693 0.0985576923076923
0 0.33774038461538464 0.06370192307692307 0.06490384615384616 0.08173076923076923
0 0.3137019230769231 0.3293269230769231 0.06490384615384616 0.09134615384615384
0 0.30288461538461536 0.49759615384615385 0.0625 0.08173076923076923
0 0.33653846153846156 0.19110576923076922 0.06490384615384616 0.08653846153846154
0 0.29447115384615385 0.6862980769230769 0.07211538461538461 0.09134615384615384
0 0.45552884615384615 0.07091346153846154 0.06971153846153846 0.0889423076923077
0 0.4519230769230769 0.21153846153846154 0.0625 0.08173076923076923
0 0.4254807692307692 0.5108173076923077 0.07211538461538461 0.09375
0 0.4423076923076923 0.35096153846153844 0.0625 0.08173076923076923
0 0.41466346153846156 0.6814903846153846 0.0625 0.08653846153846154
2 0.5637019230769231 0.07091346153846154 0.07451923076923077 0.08413461538461539
2 0.5600961538461539 0.19230769230769232 0.06971153846153846 0.0889423076923077
2 0.5528846153846154 0.34615384615384615 0.07692307692307693 0.10096153846153846
2 0.5228365384615384 0.6538461538461539 0.07211538461538461 0.09375
2 0.5456730769230769 0.5024038461538461 0.07211538461538461 0.09375
2 0.6526442307692307 0.21033653846153846 0.07211538461538461 0.09375
2 0.6658653846153846 0.10216346153846154 0.06971153846153846 0.08413461538461539
2 0.6478365384615384 0.3485576923076923 0.07692307692307693 0.09134615384615384
2 0.6634615384615384 0.5192307692307693 0.08173076923076923 0.09375
2 0.6466346153846154 0.6814903846153846 0.07211538461538461 0.0985576923076923
2 0.7596153846153846 0.0889423076923077 0.07451923076923077 0.0889423076923077
2 0.7608173076923077 0.23557692307692307 0.07211538461538461 0.09375
2 0.75 0.37259615384615385 0.07692307692307693 0.09375
2 0.7355769230769231 0.6814903846153846 0.07692307692307693 0.10096153846153846
2 0.7560096153846154 0.5396634615384616 0.07692307692307693 0.0985576923076923
2 0.8653846153846154 0.22956730769230768 0.07451923076923077 0.08413461538461539
2 0.8846153846153846 0.09735576923076923 0.06971153846153846 0.08413461538461539
2 0.8557692307692307 0.546875 0.07692307692307693 0.09375
2 0.8341346153846154 0.8076923076923077 0.08173076923076923 0.0985576923076923
2 0.8473557692307693 0.6959134615384616 0.07692307692307693 0.09134615384615384
2 0.8930288461538461 0.3798076923076923 0.07211538461538461 0.10096153846153846