0 0.20432692307692307 0.5288461538461539 0.07211538461538461 0.08413461538461539
0 0.26802884615384615 0.078125 0.06490384615384616 0.06971153846153846
0 0.25721153846153844 0.20793269230769232 0.06971153846153846 0.09375
0 0.23918269230769232 0.3545673076923077 0.06971153846153846 0.10336538461538461
0 0.18870192307692307 0.7151442307692307 0.07692307692307693 0.09134615384615384
0 0.3473557692307692 0.3701923076923077 0.07211538461538461 0.08413461538461539
0 0.38461538461538464 0.1045673076923077 0.07211538461538461 0.07932692307692307
0 0.3317307692307692 0.5408653846153846 0.07211538461538461 0.0889423076923077
0 0.3786057692307692 0.23076923076923078 0.06971153846153846 0.0889423076923077
0 0.3125 0.7283653846153846 0.07932692307692307 0.10336538461538461
0 0.5036057692307693 0.11057692307692307 0.06971153846153846 0.08413461538461539
0 0.49158653846153844 0.25 0.06971153846153846 0.0889423076923077
0 0.4483173076923077 0.5540865384615384 0.06971153846153846 0.0889423076923077
0 0.47596153846153844 0.3942307692307692 0.0673076923076923 0.0889423076923077
0 0.43509615384615385 0.7331730769230769 0.07451923076923077 0.09375
2 0.6105769230769231 0.11298076923076923 0.07211538461538461 0.08413461538461539
2 0.6021634615384616 0.24158653846153846 0.07932692307692307 0.0985576923076923
2 0.5853365384615384 0.39302884615384615 0.07932692307692307 0.0985576923076923
2 0.5456730769230769 0.7115384615384616 0.08173076923076923 0.10336538461538461
2 0.5721153846153846 0.5492788461538461 0.07211538461538461 0.0889423076923077
2 0.6947115384615384 0.2548076923076923 0.07211538461538461 0.0889423076923077
2 0.7151442307692307 0.14543269230769232 0.07211538461538461 0.0889423076923077
2 0.6838942307692307 0.40384615384615385 0.07692307692307693 0.09615384615384616
2 0.6706730769230769 0.7475961538461539 0.07451923076923077 0.09615384615384616
2 0.6947115384615384 0.5769230769230769 0.07932692307692307 0.0985576923076923
2 0.8137019230769231 0.13822115384615385 0.07451923076923077 0.09615384615384616
2 0.8088942307692307 0.28725961538461536 0.07692307692307693 0.09134615384615384
2 0.7944711538461539 0.42788461538461536 0.08413461538461539 0.0985576923076923
2 0.7644230769230769 0.7475961538461539 0.08173076923076923 0.10336538461538461
2 0.7932692307692307 0.6069711538461539 0.08413461538461539 0.10336538461538461
2 0.9170673076923077 0.2800480769230769 0.08413461538461539 0.10576923076923077
2 0.9399038461538461 0.1466346153846154 0.08173076923076923 0.10336538461538461
2 0.8978365384615384 0.609375 0.08413461538461539 0.10576923076923077
2 0.8581730769230769 0.8882211538461539 0.08413461538461539 0.10576923076923077
2 0.8834134615384616 0.7728365384615384 0.0889423076923077 0.10336538461538461
2 0.9423076923076923 0.44711538461538464 0.08413461538461539 0.10336538461538461