0 0.5793269230769231 0.8052884615384616 0.07932692307692307 0.0673076923076923
0 0.1310096153846154 0.78125 0.06490384615384616 0.06009615384615385
0 0.25841346153846156 0.7776442307692307 0.08653846153846154 0.0625
0 0.40384615384615385 0.7848557692307693 0.0985576923076923 0.0625
0 0.7620192307692307 0.8040865384615384 0.08173076923076923 0.07211538461538461
0 0.4110576923076923 0.6766826923076923 0.07932692307692307 0.0673076923076923
0 0.14783653846153846 0.6610576923076923 0.07451923076923077 0.0673076923076923
0 0.5793269230769231 0.6790865384615384 0.08173076923076923 0.0673076923076923
0 0.27163461538461536 0.6586538461538461 0.08413461538461539 0.0625
0 0.7644230769230769 0.6814903846153846 0.09375 0.07211538461538461
0 0.14423076923076922 0.546875 0.07932692307692307 0.0625
0 0.28125 0.5444711538461539 0.08173076923076923 0.0625
0 0.5817307692307693 0.5600961538461539 0.08173076923076923 0.0625
0 0.4230769230769231 0.5504807692307693 0.08413461538461539 0.0625
0 0.7608173076923077 0.5564903846153846 0.08653846153846154 0.0673076923076923
2 0.13581730769230768 0.43990384615384615 0.07932692307692307 0.0673076923076923
2 0.2620192307692308 0.4362980769230769 0.0889423076923077 0.07211538461538461
2 0.41346153846153844 0.4387019230769231 0.0889423076923077 0.07211538461538461
2 0.7283653846153846 0.4543269230769231 0.09375 0.07451923076923077
2 0.5673076923076923 0.4423076923076923 0.08413461538461539 0.0673076923076923
2 0.265625 0.3473557692307692 0.08413461538461539 0.0673076923076923
2 0.15865384615384615 0.3329326923076923 0.08173076923076923 0.0673076923076923
2 0.41586538461538464 0.3425480769230769 0.0889423076923077 0.0673076923076923
2 0.7536057692307693 0.328125 0.0889423076923077 0.0673076923076923
2 0.5841346153846154 0.3161057692307692 0.0889423076923077 0.07211538461538461
2 0.14423076923076922 0.23677884615384615 0.0889423076923077 0.0673076923076923
2 0.28846153846153844 0.23317307692307693 0.08173076923076923 0.07211538461538461
2 0.43028846153846156 0.234375 0.09375 0.07692307692307693
2 0.7451923076923077 0.23677884615384615 0.09375 0.07451923076923077
2 0.6045673076923077 0.21754807692307693 0.0985576923076923 0.07692307692307693
2 0.27403846153846156 0.12379807692307693 0.10096153846153846 0.07692307692307693
2 0.13942307692307693 0.11298076923076923 0.09615384615384616 0.07451923076923077
2 0.5985576923076923 0.11778846153846154 0.10096153846153846 0.07692307692307693
2 0.875 0.12980769230769232 0.10096153846153846 0.07692307692307693
2 0.7584134615384616 0.11778846153846154 0.09615384615384616 0.08173076923076923
2 0.4338942307692308 0.08653846153846154 0.09615384615384616 0.07692307692307693