0 0.8221153846153846 0.4855769230769231 0.06971153846153846 0.08173076923076923
0 0.7824519230769231 0.9399038461538461 0.0625 0.0673076923076923
0 0.7860576923076923 0.8137019230769231 0.06490384615384616 0.09134615384615384
0 0.796875 0.6634615384615384 0.06490384615384616 0.10096153846153846
0 0.8293269230769231 0.29927884615384615 0.07451923076923077 0.08653846153846154
0 0.6875 0.6550480769230769 0.06971153846153846 0.08173076923076923
0 0.6646634615384616 0.921875 0.06971153846153846 0.07692307692307693
0 0.6947115384615384 0.48197115384615385 0.06971153846153846 0.08653846153846154
0 0.6634615384615384 0.7944711538461539 0.0673076923076923 0.08653846153846154
0 0.7043269230769231 0.2932692307692308 0.07451923076923077 0.0985576923076923
0 0.5444711538461539 0.9230769230769231 0.0673076923076923 0.08173076923076923
0 0.5504807692307693 0.7836538461538461 0.0673076923076923 0.08653846153846154
0 0.5769230769230769 0.47475961538461536 0.0673076923076923 0.08653846153846154
0 0.5576923076923077 0.6382211538461539 0.06490384615384616 0.08653846153846154
0 0.5805288461538461 0.296875 0.06971153846153846 0.09134615384615384
2 0.4387019230769231 0.9230769230769231 0.06971153846153846 0.08173076923076923
2 0.43990384615384615 0.7980769230769231 0.07451923076923077 0.09375
2 0.4483173076923077 0.6454326923076923 0.07451923076923077 0.09375
2 0.4723557692307692 0.32211538461538464 0.07692307692307693 0.0985576923076923
2 0.4543269230769231 0.4855769230769231 0.06971153846153846 0.08653846153846154
2 0.3473557692307692 0.7872596153846154 0.06971153846153846 0.08653846153846154
2 0.3329326923076923 0.8966346153846154 0.06971153846153846 0.08653846153846154
2 0.34975961538461536 0.6394230769230769 0.07211538461538461 0.09375
2 0.3449519230769231 0.2956730769230769 0.06971153846153846 0.09375
2 0.33052884615384615 0.4675480769230769 0.07451923076923077 0.09375
2 0.234375 0.9086538461538461 0.06971153846153846 0.09375
2 0.23076923076923078 0.7596153846153846 0.07451923076923077 0.08653846153846154
2 0.23798076923076922 0.6201923076923077 0.08173076923076923 0.09615384615384616
2 0.25240384615384615 0.296875 0.07692307692307693 0.0985576923076923
2 0.22956730769230768 0.4423076923076923 0.07932692307692307 0.0985576923076923
2 0.12259615384615384 0.7740384615384616 0.07932692307692307 0.10096153846153846
2 0.10697115384615384 0.9074519230769231 0.07692307692307693 0.0985576923076923
2 0.12620192307692307 0.4423076923076923 0.08173076923076923 0.10336538461538461
2 0.1502403846153846 0.1622596153846154 0.08173076923076923 0.10336538461538461
2 0.13221153846153846 0.28125 0.08413461538461539 0.10336538461538461
2 0.09014423076923077 0.6105769230769231 0.08173076923076923 0.10096153846153846