0 0.3737980769230769 0.8064903846153846 0.07932692307692307 0.0673076923076923
0 0.8221153846153846 0.8293269230769231 0.06490384615384616 0.06009615384615385
0 0.6971153846153846 0.8161057692307693 0.08653846153846154 0.0625
0 0.5492788461538461 0.8052884615384616 0.0985576923076923 0.0625
0 0.19110576923076922 0.7872596153846154 0.08173076923076923 0.07211538461538461
0 0.5552884615384616 0.6983173076923077 0.07932692307692307 0.0673076923076923
0 0.8197115384615384 0.7115384615384616 0.07451923076923077 0.06490384615384616
0 0.3870192307692308 0.6814903846153846 0.08173076923076923 0.0673076923076923
0 0.6959134615384616 0.6947115384615384 0.08413461538461539 0.0625
0 0.20192307692307693 0.6634615384615384 0.09375 0.07211538461538461
0 0.8365384615384616 0.5961538461538461 0.07932692307692307 0.0625
0 0.7007211538461539 0.5817307692307693 0.08173076923076923 0.0625
0 0.3954326923076923 0.5661057692307693 0.08173076923076923 0.0625
0 0.5576923076923077 0.5697115384615384 0.08413461538461539 0.0625
0 0.22235576923076922 0.5444711538461539 0.08653846153846154 0.0673076923076923
2 0.8521634615384616 0.49278846153846156 0.07932692307692307 0.0673076923076923
2 0.7295673076923077 0.47596153846153844 0.0889423076923077 0.07211538461538461
2 0.5793269230769231 0.46274038461538464 0.0889423076923077 0.07211538461538461
2 0.2608173076923077 0.44350961538461536 0.09375 0.07451923076923077
2 0.4230769230769231 0.44711538461538464 0.08413461538461539 0.0673076923076923
2 0.7319711538461539 0.38341346153846156 0.08413461538461539 0.0673076923076923
2 0.8401442307692307 0.38461538461538464 0.08173076923076923 0.0673076923076923
2 0.5865384615384616 0.36778846153846156 0.0889423076923077 0.0673076923076923
2 0.2536057692307692 0.31490384615384615 0.0889423076923077 0.0673076923076923
2 0.421875 0.3233173076923077 0.0889423076923077 0.07211538461538461
2 0.8653846153846154 0.29086538461538464 0.0889423076923077 0.0673076923076923
2 0.7211538461538461 0.2668269230769231 0.08173076923076923 0.07211538461538461
2 0.5853365384615384 0.2548076923076923 0.09134615384615384 0.07692307692307693
2 0.26802884615384615 0.2247596153846154 0.09375 0.07451923076923077
2 0.41225961538461536 0.22355769230769232 0.09615384615384616 0.07692307692307693
2 0.75 0.16346153846153846 0.10096153846153846 0.07692307692307693
2 0.8822115384615384 0.16706730769230768 0.09375 0.07451923076923077
2 0.4254807692307692 0.12139423076923077 0.10096153846153846 0.07692307692307693
2 0.1502403846153846 0.10697115384615384 0.10096153846153846 0.07692307692307693
2 0.26802884615384615 0.1045673076923077 0.10096153846153846 0.08173076923076923
2 0.5949519230769231 0.109375 0.09615384615384616 0.07692307692307693