0 0.7992788461538461 0.41346153846153844 0.0625 0.07932692307692307
0 0.8137019230769231 0.8533653846153846 0.057692307692307696 0.0625
0 0.8028846153846154 0.7319711538461539 0.057692307692307696 0.08413461538461539
0 0.7944711538461539 0.5865384615384616 0.057692307692307696 0.09375
0 0.78125 0.23557692307692307 0.0673076923076923 0.07932692307692307
0 0.6899038461538461 0.5925480769230769 0.0625 0.07932692307692307
0 0.6983173076923077 0.8497596153846154 0.0625 0.07451923076923077
0 0.6754807692307693 0.4254807692307692 0.0625 0.07932692307692307
0 0.6826923076923077 0.7271634615384616 0.06009615384615385 0.08413461538461539
0 0.6622596153846154 0.24278846153846154 0.0673076923076923 0.09375
0 0.5853365384615384 0.8641826923076923 0.06009615384615385 0.07932692307692307
0 0.5721153846153846 0.7295673076923077 0.06009615384615385 0.07932692307692307
0 0.5612980769230769 0.43149038461538464 0.06009615384615385 0.07932692307692307
0 0.5637019230769231 0.5901442307692307 0.057692307692307696 0.08413461538461539
0 0.5444711538461539 0.2608173076923077 0.0625 0.08413461538461539
2 0.4831730769230769 0.8786057692307693 0.0625 0.07932692307692307
2 0.46875 0.7572115384615384 0.0673076923076923 0.0889423076923077
2 0.4579326923076923 0.609375 0.0673076923076923 0.0889423076923077
2 0.44350961538461536 0.29927884615384615 0.06971153846153846 0.09375
2 0.44591346153846156 0.4567307692307692 0.0625 0.08413461538461539
2 0.37740384615384615 0.7584134615384616 0.0625 0.08413461538461539
2 0.37740384615384615 0.8653846153846154 0.0625 0.07932692307692307
2 0.3641826923076923 0.6153846153846154 0.06490384615384616 0.0889423076923077
2 0.31971153846153844 0.28725961538461536 0.0625 0.0889423076923077
2 0.32572115384615385 0.453125 0.0673076923076923 0.0889423076923077
2 0.2848557692307692 0.8870192307692307 0.0625 0.0889423076923077
2 0.2644230769230769 0.7463942307692307 0.0673076923076923 0.07932692307692307
2 0.2548076923076923 0.6117788461538461 0.07451923076923077 0.0889423076923077
2 0.23076923076923078 0.3004807692307692 0.06971153846153846 0.09375
2 0.22596153846153846 0.4423076923076923 0.07451923076923077 0.09375
2 0.16346153846153846 0.7716346153846154 0.07451923076923077 0.09375
2 0.1622596153846154 0.9014423076923077 0.06971153846153846 0.09375
2 0.12620192307692307 0.4543269230769231 0.07451923076923077 0.09375
2 0.11778846153846154 0.18269230769230768 0.07451923076923077 0.09375
2 0.11298076923076923 0.2980769230769231 0.07932692307692307 0.09375
2 0.11177884615384616 0.6189903846153846 0.07451923076923077 0.09375