0 0.7824519230769231 0.6478365384615384 0.07451923076923077 0.08653846153846154
0 0.859375 0.21033653846153846 0.06490384615384616 0.07211538461538461
0 0.828125 0.3317307692307692 0.06971153846153846 0.09134615384615384
0 0.8028846153846154 0.47596153846153844 0.06971153846153846 0.10096153846153846
0 0.7415865384615384 0.8245192307692307 0.07932692307692307 0.0889423076923077
0 0.6983173076923077 0.4579326923076923 0.07451923076923077 0.08653846153846154
0 0.7403846153846154 0.19951923076923078 0.07451923076923077 0.08173076923076923
0 0.6622596153846154 0.6201923076923077 0.07451923076923077 0.08653846153846154
0 0.7115384615384616 0.31850961538461536 0.07211538461538461 0.09134615384615384
0 0.6225961538461539 0.8004807692307693 0.08173076923076923 0.10096153846153846
0 0.6310096153846154 0.17067307692307693 0.06971153846153846 0.08653846153846154
0 0.5985576923076923 0.30288461538461536 0.06971153846153846 0.08653846153846154
0 0.546875 0.5973557692307693 0.06971153846153846 0.08653846153846154
0 0.5721153846153846 0.4411057692307692 0.06971153846153846 0.0889423076923077
0 0.5036057692307693 0.7680288461538461 0.07692307692307693 0.09375
2 0.53125 0.13942307692307693 0.07451923076923077 0.08653846153846154
2 0.4987980769230769 0.2608173076923077 0.08173076923076923 0.09615384615384616
2 0.4675480769230769 0.40625 0.08173076923076923 0.09615384615384616
2 0.41225961538461536 0.7139423076923077 0.08173076923076923 0.10096153846153846
2 0.4362980769230769 0.5564903846153846 0.07692307692307693 0.09134615384615384
2 0.4110576923076923 0.24519230769230768 0.07692307692307693 0.09134615384615384
2 0.421875 0.13701923076923078 0.07451923076923077 0.08653846153846154
2 0.375 0.3870192307692308 0.07692307692307693 0.09615384615384616
2 0.2848557692307692 0.7103365384615384 0.07692307692307693 0.09615384615384616
2 0.3112980769230769 0.5432692307692307 0.08173076923076923 0.09615384615384616
2 0.3329326923076923 0.10216346153846154 0.07692307692307693 0.09615384615384616
2 0.2956730769230769 0.2403846153846154 0.07932692307692307 0.08653846153846154
2 0.2668269230769231 0.3762019230769231 0.08653846153846154 0.0985576923076923
2 0.19831730769230768 0.6814903846153846 0.08173076923076923 0.10096153846153846
2 0.21153846153846154 0.5420673076923077 0.08653846153846154 0.10336538461538461
2 0.1935096153846154 0.20192307692307693 0.08653846153846154 0.10576923076923077
2 0.2127403846153846 0.07091346153846154 0.08173076923076923 0.10096153846153846
2 0.11538461538461539 0.5144230769230769 0.08653846153846154 0.10576923076923077
2 0.06610576923076923 0.7836538461538461 0.08653846153846154 0.10576923076923077
2 0.08052884615384616 0.6682692307692307 0.09134615384615384 0.10336538461538461
2 0.12139423076923077 0.3473557692307692 0.08653846153846154 0.10336538461538461