0 0.8016826923076923 0.4519230769230769 0.06971153846153846 0.08413461538461539
0 0.7548076923076923 0.8978365384615384 0.06490384615384616 0.0673076923076923
0 0.7608173076923077 0.7716346153846154 0.0673076923076923 0.0889423076923077
0 0.7728365384615384 0.625 0.0673076923076923 0.10096153846153846
0 0.8112980769230769 0.26802884615384615 0.07451923076923077 0.08653846153846154
0 0.6658653846153846 0.6129807692307693 0.06971153846153846 0.08413461538461539
0 0.6382211538461539 0.8762019230769231 0.06971153846153846 0.07932692307692307
0 0.6766826923076923 0.44471153846153844 0.06971153846153846 0.08653846153846154
0 0.640625 0.7512019230769231 0.06490384615384616 0.08653846153846154
0 0.6875 0.25961538461538464 0.07692307692307693 0.0985576923076923
0 0.5216346153846154 0.8737980769230769 0.06490384615384616 0.08173076923076923
0 0.5288461538461539 0.7367788461538461 0.06490384615384616 0.08413461538461539
0 0.5600961538461539 0.43509615384615385 0.06490384615384616 0.08413461538461539
0 0.5396634615384616 0.5949519230769231 0.06490384615384616 0.08653846153846154
0 0.5661057692307693 0.25841346153846156 0.07211538461538461 0.09134615384615384
2 0.4170673076923077 0.875 0.06971153846153846 0.08413461538461539
2 0.41947115384615385 0.7487980769230769 0.07692307692307693 0.09375
2 0.43028846153846156 0.5973557692307693 0.07692307692307693 0.09375
2 0.46033653846153844 0.2848557692307692 0.07932692307692307 0.0985576923076923
2 0.43990384615384615 0.44350961538461536 0.06971153846153846 0.0889423076923077
2 0.3269230769230769 0.7391826923076923 0.06971153846153846 0.0889423076923077
2 0.3112980769230769 0.8473557692307693 0.06971153846153846 0.08653846153846154
2 0.33413461538461536 0.5913461538461539 0.07211538461538461 0.09375
2 0.33533653846153844 0.2536057692307692 0.07211538461538461 0.09375
2 0.3173076923076923 0.421875 0.07692307692307693 0.09375
2 0.21514423076923078 0.8569711538461539 0.07211538461538461 0.09615384615384616
2 0.21394230769230768 0.7103365384615384 0.07451923076923077 0.08653846153846154
2 0.2247596153846154 0.5709134615384616 0.08173076923076923 0.09375
2 0.24278846153846154 0.25721153846153844 0.07932692307692307 0.0985576923076923
2 0.21995192307692307 0.3954326923076923 0.08173076923076923 0.0985576923076923
2 0.10817307692307693 0.7211538461538461 0.08173076923076923 0.10336538461538461
2 0.09014423076923077 0.8545673076923077 0.07932692307692307 0.0985576923076923
2 0.11658653846153846 0.39663461538461536 0.08173076923076923 0.10336538461538461
2 0.14543269230769232 0.1201923076923077 0.08173076923076923 0.10336538461538461
2 0.125 0.23557692307692307 0.08653846153846154 0.0985576923076923
2 0.07932692307692307 0.5588942307692307 0.08173076923076923 0.0985576923076923