0 0.19230769230769232 0.5661057692307693 0.057692307692307696 0.07211538461538461
0 0.19230769230769232 0.13942307692307693 0.052884615384615384 0.057692307692307696
0 0.19951923076923078 0.25961538461538464 0.052884615384615384 0.08173076923076923
0 0.20192307692307693 0.39903846153846156 0.052884615384615384 0.09134615384615384
0 0.20192307692307693 0.7403846153846154 0.0625 0.07692307692307693
0 0.30528846153846156 0.40024038461538464 0.057692307692307696 0.07211538461538461
0 0.30528846153846156 0.14903846153846154 0.057692307692307696 0.0673076923076923
0 0.3125 0.5600961538461539 0.057692307692307696 0.07692307692307693
0 0.3161057692307692 0.265625 0.057692307692307696 0.07692307692307693
0 0.31971153846153844 0.7367788461538461 0.0625 0.08653846153846154
0 0.41586538461538464 0.13942307692307693 0.057692307692307696 0.07211538461538461
0 0.4230769230769231 0.2692307692307692 0.057692307692307696 0.07692307692307693
0 0.4230769230769231 0.5576923076923077 0.057692307692307696 0.07692307692307693
0 0.4266826923076923 0.4050480769230769 0.052884615384615384 0.07692307692307693
0 0.4338942307692308 0.7259615384615384 0.057692307692307696 0.08173076923076923
2 0.5144230769230769 0.12740384615384615 0.057692307692307696 0.07211538461538461
2 0.5240384615384616 0.24639423076923078 0.0625 0.08173076923076923
2 0.5288461538461539 0.390625 0.0625 0.08173076923076923
2 0.5324519230769231 0.6899038461538461 0.0673076923076923 0.08653846153846154
2 0.5360576923076923 0.5360576923076923 0.057692307692307696 0.07692307692307693
2 0.6117788461538461 0.24639423076923078 0.057692307692307696 0.07692307692307693
2 0.6165865384615384 0.14302884615384615 0.057692307692307696 0.07692307692307693
2 0.6201923076923077 0.38822115384615385 0.0625 0.08173076923076923
2 0.6538461538461539 0.7067307692307693 0.057692307692307696 0.08173076923076923
2 0.6538461538461539 0.546875 0.0625 0.08173076923076923
2 0.7067307692307693 0.12379807692307693 0.057692307692307696 0.08173076923076923
2 0.7223557692307693 0.2620192307692308 0.0625 0.07692307692307693
2 0.7271634615384616 0.3954326923076923 0.0673076923076923 0.08173076923076923
2 0.7403846153846154 0.6947115384615384 0.0673076923076923 0.08653846153846154
2 0.7487980769230769 0.5612980769230769 0.0673076923076923 0.08653846153846154
2 0.8221153846153846 0.24278846153846154 0.0673076923076923 0.09134615384615384
2 0.8257211538461539 0.1141826923076923 0.0673076923076923 0.08653846153846154
2 0.8461538461538461 0.5504807692307693 0.0673076923076923 0.09134615384615384
2 0.8461538461538461 0.8137019230769231 0.0673076923076923 0.0889423076923077
2 0.8533653846153846 0.7019230769230769 0.07211538461538461 0.0889423076923077
2 0.8653846153846154 0.39302884615384615 0.0673076923076923 0.08653846153846154