0 0.8004807692307693 0.6274038461538461 0.0673076923076923 0.07932692307692307
0 0.8605769230769231 0.19951923076923078 0.06009615384615385 0.06490384615384616
0 0.8365384615384616 0.3161057692307692 0.06490384615384616 0.0889423076923077
0 0.8137019230769231 0.4579326923076923 0.06490384615384616 0.0985576923076923
0 0.765625 0.7992788461538461 0.07211538461538461 0.08413461538461539
0 0.7115384615384616 0.4423076923076923 0.0673076923076923 0.07932692307692307
0 0.7475961538461539 0.19110576923076922 0.0673076923076923 0.07451923076923077
0 0.6814903846153846 0.6045673076923077 0.0673076923076923 0.08413461538461539
0 0.7199519230769231 0.31009615384615385 0.0673076923076923 0.08653846153846154
0 0.6502403846153846 0.7800480769230769 0.07451923076923077 0.09615384615384616
0 0.6382211538461539 0.1658653846153846 0.0673076923076923 0.07932692307692307
0 0.6129807692307693 0.2956730769230769 0.0673076923076923 0.08413461538461539
0 0.5721153846153846 0.5865384615384616 0.0673076923076923 0.08413461538461539
0 0.5901442307692307 0.43028846153846156 0.0625 0.08653846153846154
0 0.5360576923076923 0.75 0.0673076923076923 0.0889423076923077
2 0.5408653846153846 0.14302884615384615 0.0673076923076923 0.07932692307692307
2 0.5144230769230769 0.25841346153846156 0.07451923076923077 0.09134615384615384
2 0.4891826923076923 0.4014423076923077 0.07451923076923077 0.09134615384615384
2 0.4423076923076923 0.703125 0.07932692307692307 0.0985576923076923
2 0.46033653846153844 0.5492788461538461 0.0673076923076923 0.08653846153846154
2 0.4266826923076923 0.24759615384615385 0.0673076923076923 0.08653846153846154
2 0.4362980769230769 0.14423076923076922 0.0673076923076923 0.08413461538461539
2 0.39783653846153844 0.3858173076923077 0.07451923076923077 0.09134615384615384
2 0.31971153846153844 0.7007211538461539 0.06971153846153846 0.09134615384615384
2 0.3425480769230769 0.5396634615384616 0.07451923076923077 0.09134615384615384
2 0.3485576923076923 0.11298076923076923 0.06971153846153846 0.09134615384615384
2 0.31490384615384615 0.24879807692307693 0.07211538461538461 0.08413461538461539
2 0.29086538461538464 0.3786057692307692 0.07932692307692307 0.09375
2 0.234375 0.6790865384615384 0.07932692307692307 0.0985576923076923
2 0.24519230769230768 0.5420673076923077 0.07932692307692307 0.0985576923076923
2 0.21754807692307693 0.2127403846153846 0.07932692307692307 0.10096153846153846
2 0.23197115384615385 0.08774038461538461 0.07932692307692307 0.0985576923076923
2 0.14903846153846154 0.5192307692307693 0.07932692307692307 0.10096153846153846
2 0.11177884615384616 0.7824519230769231 0.07932692307692307 0.10096153846153846
2 0.1201923076923077 0.6682692307692307 0.08413461538461539 0.10096153846153846
2 0.15264423076923078 0.35697115384615385 0.07932692307692307 0.0985576923076923