0 0.1935096153846154 0.4795673076923077 0.07451923076923077 0.0889423076923077
0 0.265625 0.9362980769230769 0.0673076923076923 0.06971153846153846
0 0.2536057692307692 0.8052884615384616 0.06971153846153846 0.09615384615384616
0 0.23317307692307693 0.65625 0.07211538461538461 0.10336538461538461
0 0.17427884615384615 0.28966346153846156 0.07932692307692307 0.09134615384615384
0 0.3425480769230769 0.6370192307692307 0.07451923076923077 0.0889423076923077
0 0.3858173076923077 0.90625 0.07451923076923077 0.08413461538461539
0 0.3233173076923077 0.4651442307692308 0.07451923076923077 0.09134615384615384
0 0.3762019230769231 0.7800480769230769 0.07451923076923077 0.09375
0 0.3016826923076923 0.27524038461538464 0.08173076923076923 0.10576923076923077
0 0.5060096153846154 0.8978365384615384 0.07451923076923077 0.0889423076923077
0 0.49038461538461536 0.7572115384615384 0.07451923076923077 0.09134615384615384
0 0.4423076923076923 0.4483173076923077 0.07451923076923077 0.09134615384615384
0 0.4723557692307692 0.6117788461538461 0.06971153846153846 0.09134615384615384
0 0.4254807692307692 0.2668269230769231 0.07451923076923077 0.09615384615384616
2 0.6141826923076923 0.8942307692307693 0.07451923076923077 0.0889423076923077
2 0.6045673076923077 0.7644230769230769 0.08173076923076923 0.10096153846153846
2 0.5841346153846154 0.609375 0.08173076923076923 0.10096153846153846
2 0.5372596153846154 0.28846153846153844 0.08653846153846154 0.10576923076923077
2 0.5673076923076923 0.4519230769230769 0.07451923076923077 0.09375
2 0.6983173076923077 0.75 0.07451923076923077 0.09375
2 0.7199519230769231 0.8605769230769231 0.07451923076923077 0.09134615384615384
2 0.6826923076923077 0.5961538461538461 0.08173076923076923 0.10096153846153846
2 0.6634615384615384 0.24879807692307693 0.07692307692307693 0.10096153846153846
2 0.6911057692307693 0.4206730769230769 0.08173076923076923 0.10096153846153846
2 0.8209134615384616 0.8641826923076923 0.07692307692307693 0.10096153846153846
2 0.8125 0.7151442307692307 0.07932692307692307 0.09134615384615384
2 0.7944711538461539 0.5709134615384616 0.0889423076923077 0.10096153846153846
2 0.7584134615384616 0.24759615384615385 0.08653846153846154 0.10576923076923077
2 0.7908653846153846 0.3894230769230769 0.0889423076923077 0.10576923076923077
2 0.9230769230769231 0.7175480769230769 0.0889423076923077 0.10576923076923077
2 0.9483173076923077 0.8545673076923077 0.08653846153846154 0.10576923076923077
2 0.8966346153846154 0.38461538461538464 0.0889423076923077 0.10576923076923077
2 0.8521634615384616 0.10216346153846154 0.0889423076923077 0.10576923076923077
2 0.8798076923076923 0.22115384615384615 0.09375 0.10817307692307693
2 0.9447115384615384 0.5504807692307693 0.0889423076923077 0.10576923076923077