0 0.7944711538461539 0.6081730769230769 0.06490384615384616 0.07932692307692307
0 0.8461538461538461 0.18389423076923078 0.06009615384615385 0.06490384615384616
0 0.8245192307692307 0.30288461538461536 0.0625 0.08653846153846154
0 0.8052884615384616 0.4411057692307692 0.0625 0.09615384615384616
0 0.7632211538461539 0.7788461538461539 0.07211538461538461 0.08413461538461539
0 0.7019230769230769 0.42908653846153844 0.06490384615384616 0.07932692307692307
0 0.7331730769230769 0.18028846153846154 0.06490384615384616 0.07451923076923077
0 0.6754807692307693 0.5865384615384616 0.0673076923076923 0.08413461538461539
0 0.7079326923076923 0.29447115384615385 0.0673076923076923 0.08413461538461539
0 0.6466346153846154 0.7620192307692307 0.07211538461538461 0.09375
0 0.625 0.15625 0.06490384615384616 0.07932692307692307
0 0.6009615384615384 0.2848557692307692 0.0673076923076923 0.08413461538461539
0 0.5661057692307693 0.5709134615384616 0.0673076923076923 0.08413461538461539
0 0.5817307692307693 0.41947115384615385 0.0625 0.08173076923076923
0 0.5348557692307693 0.7367788461538461 0.0673076923076923 0.0889423076923077
2 0.5276442307692307 0.13341346153846154 0.06490384615384616 0.07932692307692307
2 0.5036057692307693 0.25 0.07211538461538461 0.0889423076923077
2 0.48197115384615385 0.3918269230769231 0.07211538461538461 0.0889423076923077
2 0.4411057692307692 0.6887019230769231 0.07692307692307693 0.09375
2 0.4567307692307692 0.5360576923076923 0.0673076923076923 0.08413461538461539
2 0.4170673076923077 0.23918269230769232 0.0673076923076923 0.08413461538461539
2 0.42427884615384615 0.13581730769230768 0.0673076923076923 0.08413461538461539
2 0.3918269230769231 0.3786057692307692 0.07211538461538461 0.0889423076923077
2 0.31850961538461536 0.6923076923076923 0.0673076923076923 0.0889423076923077
2 0.3389423076923077 0.5324519230769231 0.07211538461538461 0.0889423076923077
2 0.33653846153846156 0.10697115384615384 0.0673076923076923 0.0889423076923077
2 0.30528846153846156 0.24158653846153846 0.07211538461538461 0.08413461538461539
2 0.2848557692307692 0.37259615384615385 0.07692307692307693 0.0889423076923077
2 0.234375 0.6682692307692307 0.07692307692307693 0.09375
2 0.24278846153846154 0.5348557692307693 0.07692307692307693 0.09375
2 0.2091346153846154 0.21033653846153846 0.07692307692307693 0.0985576923076923
2 0.22115384615384615 0.08173076923076923 0.07692307692307693 0.09375
2 0.14783653846153846 0.5120192307692307 0.07692307692307693 0.0985576923076923
2 0.11538461538461539 0.7740384615384616 0.07692307692307693 0.0985576923076923
2 0.12139423076923077 0.6622596153846154 0.08173076923076923 0.09375
2 0.14783653846153846 0.35336538461538464 0.07692307692307693 0.09375