0 0.5 0.8521634615384616 0.08413461538461539 0.0673076923076923
0 0.9639423076923077 0.8197115384615384 0.0673076923076923 0.0625
0 0.8329326923076923 0.8173076923076923 0.09134615384615384 0.0625
0 0.6814903846153846 0.828125 0.10336538461538461 0.06490384615384616
0 0.31009615384615385 0.8545673076923077 0.0889423076923077 0.07451923076923077
0 0.6730769230769231 0.7163461538461539 0.08413461538461539 0.0673076923076923
0 0.9447115384615384 0.6959134615384616 0.07932692307692307 0.0673076923076923
0 0.4987980769230769 0.7223557692307693 0.08653846153846154 0.0673076923076923
0 0.8173076923076923 0.6947115384615384 0.09134615384615384 0.0673076923076923
0 0.30528846153846156 0.7271634615384616 0.10096153846153846 0.07692307692307693
0 0.9471153846153846 0.5769230769230769 0.08413461538461539 0.0673076923076923
0 0.8052884615384616 0.5757211538461539 0.08653846153846154 0.0673076923076923
0 0.49278846153846156 0.5985576923076923 0.08653846153846154 0.0673076923076923
0 0.6574519230769231 0.5853365384615384 0.09134615384615384 0.0625
0 0.3076923076923077 0.5985576923076923 0.09134615384615384 0.0673076923076923
2 0.953125 0.46634615384615385 0.08413461538461539 0.0673076923076923
2 0.8233173076923077 0.4639423076923077 0.09615384615384616 0.07692307692307693
2 0.6658653846153846 0.4699519230769231 0.09615384615384616 0.07692307692307693
2 0.3389423076923077 0.49038461538461536 0.10096153846153846 0.07932692307692307
2 0.5072115384615384 0.47596153846153844 0.09134615384615384 0.0673076923076923
2 0.8161057692307693 0.3701923076923077 0.09134615384615384 0.0673076923076923
2 0.9278846153846154 0.3557692307692308 0.08653846153846154 0.0673076923076923
2 0.6622596153846154 0.3701923076923077 0.09615384615384616 0.07451923076923077
2 0.3125 0.36177884615384615 0.09615384615384616 0.06971153846153846
2 0.48677884615384615 0.34615384615384615 0.09615384615384616 0.07692307692307693
2 0.9399038461538461 0.25600961538461536 0.09134615384615384 0.0673076923076923
2 0.7908653846153846 0.2536057692307692 0.08653846153846154 0.07451923076923077
2 0.6454326923076923 0.25721153846153844 0.09615384615384616 0.08173076923076923
2 0.31850961538461536 0.265625 0.10096153846153846 0.07932692307692307
2 0.4639423076923077 0.2439903846153846 0.10096153846153846 0.08173076923076923
2 0.8040865384615384 0.140625 0.10336538461538461 0.08173076923076923
2 0.9350961538461539 0.12740384615384615 0.08413461538461539 0.07692307692307693
2 0.4675480769230769 0.13942307692307693 0.10336538461538461 0.08173076923076923
2 0.18028846153846154 0.15745192307692307 0.10336538461538461 0.08173076923076923
2 0.3016826923076923 0.14302884615384615 0.10096153846153846 0.08653846153846154
2 0.6370192307692307 0.10336538461538461 0.10096153846153846 0.08173076923076923