0 0.6286057692307693 0.23076923076923078 0.08653846153846154 0.07451923076923077
0 0.18389423076923078 0.15985576923076922 0.06971153846153846 0.0673076923076923
0 0.3076923076923077 0.19110576923076922 0.09375 0.06971153846153846
0 0.453125 0.21394230769230768 0.10336538461538461 0.07211538461538461
0 0.8088942307692307 0.2704326923076923 0.0889423076923077 0.07932692307692307
0 0.4375 0.32091346153846156 0.08653846153846154 0.07451923076923077
0 0.17427884615384615 0.28125 0.08173076923076923 0.07211538461538461
0 0.6021634615384616 0.3545673076923077 0.0889423076923077 0.07451923076923077
0 0.2956730769230769 0.3088942307692308 0.0889423076923077 0.06971153846153846
0 0.7860576923076923 0.390625 0.10096153846153846 0.08173076923076923
0 0.1466346153846154 0.39302884615384615 0.08413461538461539 0.06971153846153846
0 0.28125 0.4254807692307692 0.08653846153846154 0.06971153846153846
0 0.5805288461538461 0.4723557692307692 0.08653846153846154 0.06971153846153846
0 0.421875 0.4483173076923077 0.0889423076923077 0.06971153846153846
0 0.7548076923076923 0.5108173076923077 0.09615384615384616 0.07451923076923077
2 0.11778846153846154 0.4963942307692308 0.08653846153846154 0.07451923076923077
2 0.2403846153846154 0.5264423076923077 0.09615384615384616 0.07932692307692307
2 0.3894230769230769 0.5552884615384616 0.09615384615384616 0.07932692307692307
2 0.7019230769230769 0.6057692307692307 0.10096153846153846 0.08413461538461539
2 0.5408653846153846 0.5841346153846154 0.09134615384615384 0.07451923076923077
2 0.22596153846153846 0.6165865384615384 0.09134615384615384 0.07451923076923077
2 0.11658653846153846 0.6057692307692307 0.0889423076923077 0.07451923076923077
2 0.3713942307692308 0.6502403846153846 0.09615384615384616 0.07692307692307693
2 0.6995192307692307 0.734375 0.09615384615384616 0.07451923076923077
2 0.5324519230769231 0.7103365384615384 0.09615384615384616 0.07932692307692307
2 0.0829326923076923 0.6983173076923077 0.09615384615384616 0.07451923076923077
2 0.2247596153846154 0.7331730769230769 0.0889423076923077 0.07932692307692307
2 0.3629807692307692 0.7608173076923077 0.09615384615384616 0.08413461538461539
2 0.6730769230769231 0.8233173076923077 0.10096153846153846 0.08413461538461539
2 0.53125 0.8125 0.10096153846153846 0.08653846153846154
2 0.1875 0.8365384615384616 0.10576923076923077 0.08653846153846154
2 0.052884615384615384 0.8197115384615384 0.10096153846153846 0.08413461538461539
2 0.5048076923076923 0.9110576923076923 0.10576923076923077 0.08653846153846154
2 0.7776442307692307 0.9567307692307693 0.10576923076923077 0.08653846153846154
2 0.6622596153846154 0.9435096153846154 0.10336538461538461 0.09134615384615384
2 0.33653846153846156 0.9074519230769231 0.10096153846153846 0.08653846153846154