0 0.18870192307692307 0.5600961538461539 0.0625 0.07692307692307693
0 0.1971153846153846 0.11899038461538461 0.055288461538461536 0.06009615384615385
0 0.20432692307692307 0.2439903846153846 0.057692307692307696 0.08173076923076923
0 0.20192307692307693 0.38822115384615385 0.057692307692307696 0.09375
0 0.19471153846153846 0.7415865384615384 0.06971153846153846 0.07932692307692307
0 0.3076923076923077 0.390625 0.0625 0.07692307692307693
0 0.3137019230769231 0.12980769230769232 0.0625 0.07211538461538461
0 0.3125 0.5552884615384616 0.0625 0.07692307692307693
0 0.32211538461538464 0.2512019230769231 0.06009615384615385 0.08173076923076923
0 0.3161057692307692 0.7391826923076923 0.06971153846153846 0.09134615384615384
0 0.4266826923076923 0.12259615384615384 0.06009615384615385 0.07692307692307693
0 0.43509615384615385 0.25721153846153844 0.06009615384615385 0.07692307692307693
0 0.42908653846153844 0.5552884615384616 0.06009615384615385 0.07692307692307693
0 0.4326923076923077 0.39783653846153844 0.057692307692307696 0.08173076923076923
0 0.4387019230769231 0.7295673076923077 0.0625 0.08173076923076923
2 0.5324519230769231 0.11057692307692307 0.0625 0.07692307692307693
2 0.5396634615384616 0.23557692307692307 0.06971153846153846 0.08653846153846154
2 0.5432692307692307 0.38461538461538464 0.06971153846153846 0.08653846153846154
2 0.5384615384615384 0.6959134615384616 0.06971153846153846 0.09134615384615384
2 0.5444711538461539 0.5360576923076923 0.0625 0.08173076923076923
2 0.6286057692307693 0.23677884615384615 0.0625 0.08173076923076923
2 0.6370192307692307 0.12980769230769232 0.0625 0.07692307692307693
2 0.6370192307692307 0.38341346153846156 0.06490384615384616 0.08653846153846154
2 0.6634615384615384 0.7139423076923077 0.0625 0.08653846153846154
2 0.6682692307692307 0.5480769230769231 0.06971153846153846 0.08653846153846154
2 0.7319711538461539 0.11177884615384616 0.0625 0.08653846153846154
2 0.7415865384615384 0.2548076923076923 0.06971153846153846 0.07692307692307693
2 0.7451923076923077 0.3942307692307692 0.07451923076923077 0.0889423076923077
2 0.7524038461538461 0.7043269230769231 0.06971153846153846 0.09134615384615384
2 0.7668269230769231 0.5649038461538461 0.07451923076923077 0.09375
2 0.8485576923076923 0.23677884615384615 0.07451923076923077 0.09615384615384616
2 0.8545673076923077 0.1045673076923077 0.06971153846153846 0.09134615384615384
2 0.8653846153846154 0.5552884615384616 0.07451923076923077 0.09615384615384616
2 0.8629807692307693 0.828125 0.07451923076923077 0.09615384615384616
2 0.8701923076923077 0.7127403846153846 0.07932692307692307 0.09375
2 0.8918269230769231 0.39302884615384615 0.07451923076923077 0.09375