0 0.5805288461538461 0.8028846153846154 0.07932692307692307 0.06490384615384616
0 0.14302884615384615 0.8257211538461539 0.0625 0.057692307692307696
0 0.265625 0.8125 0.08413461538461539 0.06009615384615385
0 0.40865384615384615 0.8016826923076923 0.09615384615384616 0.06009615384615385
0 0.7608173076923077 0.7836538461538461 0.07932692307692307 0.06971153846153846
0 0.40384615384615385 0.6959134615384616 0.07932692307692307 0.06490384615384616
0 0.1466346153846154 0.7103365384615384 0.07451923076923077 0.06490384615384616
0 0.5685096153846154 0.6802884615384616 0.07932692307692307 0.06490384615384616
0 0.265625 0.6911057692307693 0.08413461538461539 0.0625
0 0.75 0.6622596153846154 0.09375 0.06971153846153846
0 0.1310096153846154 0.5961538461538461 0.07932692307692307 0.0625
0 0.26322115384615385 0.5805288461538461 0.07932692307692307 0.0625
0 0.5600961538461539 0.5649038461538461 0.07932692307692307 0.0625
0 0.4026442307692308 0.5697115384615384 0.08413461538461539 0.06009615384615385
0 0.7319711538461539 0.5456730769230769 0.08413461538461539 0.06490384615384616
2 0.11177884615384616 0.4951923076923077 0.07932692307692307 0.06490384615384616
2 0.23557692307692307 0.4795673076923077 0.0889423076923077 0.06971153846153846
2 0.38221153846153844 0.46634615384615385 0.0889423076923077 0.06971153846153846
2 0.6911057692307693 0.44591346153846156 0.09375 0.07211538461538461
2 0.5324519230769231 0.45072115384615385 0.08413461538461539 0.06490384615384616
2 0.23076923076923078 0.38822115384615385 0.08413461538461539 0.06490384615384616
2 0.12379807692307693 0.38822115384615385 0.08173076923076923 0.06490384615384616
2 0.375 0.3713942307692308 0.0889423076923077 0.0673076923076923
2 0.7019230769230769 0.32091346153846156 0.0889423076923077 0.06490384615384616
2 0.5372596153846154 0.3293269230769231 0.0889423076923077 0.06971153846153846
2 0.09975961538461539 0.296875 0.0889423076923077 0.06490384615384616
2 0.2403846153846154 0.27403846153846156 0.07932692307692307 0.06971153846153846
2 0.37740384615384615 0.2620192307692308 0.09134615384615384 0.07692307692307693
2 0.6850961538461539 0.23317307692307693 0.09375 0.07211538461538461
2 0.5456730769230769 0.23076923076923078 0.09615384615384616 0.07692307692307693
2 0.21394230769230768 0.17307692307692307 0.09615384615384616 0.07692307692307693
2 0.0829326923076923 0.17668269230769232 0.09375 0.07211538461538461
2 0.5300480769230769 0.1310096153846154 0.09615384615384616 0.07692307692307693
2 0.8016826923076923 0.11658653846153846 0.09615384615384616 0.07692307692307693
2 0.6850961538461539 0.11538461538461539 0.09615384615384616 0.08173076923076923
2 0.36658653846153844 0.11899038461538461 0.09615384615384616 0.07692307692307693