0 0.17548076923076922 0.4050480769230769 0.07211538461538461 0.08413461538461539
0 0.1201923076923077 0.8497596153846154 0.06490384615384616 0.06971153846153846
0 0.14543269230769232 0.7247596153846154 0.0673076923076923 0.09134615384615384
0 0.16346153846153846 0.5805288461538461 0.06971153846153846 0.10336538461538461
0 0.20673076923076922 0.22716346153846154 0.07692307692307693 0.08653846153846154
0 0.2704326923076923 0.5925480769230769 0.07211538461538461 0.08413461538461539
0 0.24158653846153846 0.8533653846153846 0.06971153846153846 0.07932692307692307
0 0.2980769230769231 0.42788461538461536 0.07211538461538461 0.08653846153846154
0 0.2644230769230769 0.7331730769230769 0.0673076923076923 0.0889423076923077
0 0.328125 0.24519230769230768 0.07692307692307693 0.0985576923076923
0 0.35216346153846156 0.8774038461538461 0.0673076923076923 0.08413461538461539
0 0.3798076923076923 0.7427884615384616 0.0673076923076923 0.08653846153846154
0 0.41586538461538464 0.44471153846153844 0.0673076923076923 0.08653846153846154
0 0.39783653846153844 0.6033653846153846 0.0673076923076923 0.0889423076923077
0 0.4483173076923077 0.2704326923076923 0.07211538461538461 0.09134615384615384
2 0.45552884615384615 0.9026442307692307 0.07211538461538461 0.08413461538461539
2 0.48197115384615385 0.7800480769230769 0.07692307692307693 0.09375
2 0.5048076923076923 0.6310096153846154 0.07692307692307693 0.09375
2 0.5444711538461539 0.31971153846153844 0.07692307692307693 0.0985576923076923
2 0.5276442307692307 0.4807692307692308 0.07211538461538461 0.0889423076923077
2 0.5697115384615384 0.7908653846153846 0.07211538461538461 0.0889423076923077
2 0.5637019230769231 0.9002403846153846 0.07211538461538461 0.08653846153846154
2 0.5997596153846154 0.6454326923076923 0.07211538461538461 0.09375
2 0.671875 0.3173076923076923 0.07211538461538461 0.09375
2 0.6526442307692307 0.484375 0.07692307692307693 0.09375
2 0.6550480769230769 0.9302884615384616 0.07211538461538461 0.09375
2 0.6862980769230769 0.7896634615384616 0.07692307692307693 0.08653846153846154
2 0.7079326923076923 0.6514423076923077 0.08173076923076923 0.09375
2 0.7596153846153846 0.34134615384615385 0.07692307692307693 0.0985576923076923
2 0.7536057692307693 0.4831730769230769 0.08173076923076923 0.0985576923076923
2 0.7896634615384616 0.8221153846153846 0.08413461538461539 0.10336538461538461
2 0.7764423076923077 0.953125 0.07692307692307693 0.09375
2 0.8521634615384616 0.5060096153846154 0.08413461538461539 0.10336538461538461
2 0.8882211538461539 0.23317307692307693 0.08413461538461539 0.10336538461538461
2 0.8786057692307693 0.3485576923076923 0.08653846153846154 0.10096153846153846
2 0.8545673076923077 0.671875 0.08173076923076923 0.0985576923076923