0 0.8653846153846154 0.41225961538461536 0.06971153846153846 0.08413461538461539
0 0.9050480769230769 0.8713942307692307 0.0625 0.0673076923076923
0 0.8858173076923077 0.7427884615384616 0.06490384615384616 0.09134615384615384
0 0.8701923076923077 0.5925480769230769 0.06490384615384616 0.10096153846153846
0 0.8377403846153846 0.22596153846153846 0.07451923076923077 0.08653846153846154
0 0.7596153846153846 0.6009615384615384 0.06971153846153846 0.08413461538461539
0 0.7836538461538461 0.8713942307692307 0.06971153846153846 0.07692307692307693
0 0.7367788461538461 0.43028846153846156 0.06971153846153846 0.08653846153846154
0 0.7608173076923077 0.7463942307692307 0.0673076923076923 0.0889423076923077
0 0.7127403846153846 0.24158653846153846 0.07451923076923077 0.10096153846153846
0 0.6646634615384616 0.8918269230769231 0.0673076923076923 0.08413461538461539
0 0.6454326923076923 0.7524038461538461 0.0673076923076923 0.08653846153846154
0 0.6177884615384616 0.44350961538461536 0.0673076923076923 0.08653846153846154
0 0.6286057692307693 0.6081730769230769 0.06490384615384616 0.0889423076923077
0 0.5901442307692307 0.2644230769230769 0.06971153846153846 0.09134615384615384
2 0.5600961538461539 0.9146634615384616 0.06971153846153846 0.08413461538461539
2 0.5384615384615384 0.7872596153846154 0.07451923076923077 0.09375
2 0.5204326923076923 0.6334134615384616 0.07451923076923077 0.09375
2 0.48677884615384615 0.31009615384615385 0.07932692307692307 0.10096153846153846
2 0.49759615384615385 0.47596153846153844 0.06971153846153846 0.0889423076923077
2 0.44350961538461536 0.7956730769230769 0.06971153846153846 0.0889423076923077
2 0.4483173076923077 0.9074519230769231 0.06971153846153846 0.08653846153846154
2 0.4206730769230769 0.6442307692307693 0.07451923076923077 0.09375
2 0.3557692307692308 0.30408653846153844 0.06971153846153846 0.09375
2 0.3713942307692308 0.47716346153846156 0.07451923076923077 0.09375
2 0.35336538461538464 0.9350961538461539 0.06971153846153846 0.09375
2 0.3245192307692308 0.7896634615384616 0.07451923076923077 0.08653846153846154
2 0.30649038461538464 0.6454326923076923 0.07932692307692307 0.09375
2 0.2644230769230769 0.32572115384615385 0.07932692307692307 0.10096153846153846
2 0.26802884615384615 0.4699519230769231 0.07932692307692307 0.10096153846153846
2 0.21875 0.8185096153846154 0.07932692307692307 0.10336538461538461
2 0.22716346153846154 0.953125 0.07932692307692307 0.09375
2 0.16346153846153846 0.49038461538461536 0.07932692307692307 0.10096153846153846
2 0.13942307692307693 0.20793269230769232 0.07932692307692307 0.10096153846153846
2 0.140625 0.3269230769230769 0.08653846153846154 0.10336538461538461
2 0.15745192307692307 0.6610576923076923 0.07932692307692307 0.10096153846153846