0 0.19831730769230768 0.4074519230769231 0.06009615384615385 0.07451923076923077
0 0.18269230769230768 0.8389423076923077 0.055288461538461536 0.0625
0 0.19471153846153846 0.7175480769230769 0.055288461538461536 0.08413461538461539
0 0.20192307692307693 0.5769230769230769 0.055288461538461536 0.09375
0 0.21394230769230768 0.23317307692307693 0.06490384615384616 0.07932692307692307
0 0.30528846153846156 0.5793269230769231 0.06009615384615385 0.07451923076923077
0 0.2956730769230769 0.8329326923076923 0.06009615384615385 0.07211538461538461
0 0.3173076923076923 0.4182692307692308 0.06009615384615385 0.07932692307692307
0 0.3112980769230769 0.7151442307692307 0.06009615384615385 0.08173076923076923
0 0.33052884615384615 0.2403846153846154 0.06490384615384616 0.09134615384615384
0 0.4074519230769231 0.8461538461538461 0.06009615384615385 0.07451923076923077
0 0.4206730769230769 0.7151442307692307 0.06009615384615385 0.07932692307692307
0 0.43028846153846156 0.4254807692307692 0.06009615384615385 0.07932692307692307
0 0.42908653846153844 0.5793269230769231 0.055288461538461536 0.08173076923076923
0 0.44711538461538464 0.2548076923076923 0.06009615384615385 0.08413461538461539
2 0.5060096153846154 0.8617788461538461 0.06009615384615385 0.07451923076923077
2 0.5216346153846154 0.7427884615384616 0.06490384615384616 0.08653846153846154
2 0.53125 0.5973557692307693 0.06490384615384616 0.08653846153846154
2 0.5456730769230769 0.29447115384615385 0.06971153846153846 0.09134615384615384
2 0.5432692307692307 0.4495192307692308 0.06009615384615385 0.08173076923076923
2 0.609375 0.7451923076923077 0.06009615384615385 0.08173076923076923
2 0.6105769230769231 0.8497596153846154 0.06009615384615385 0.07932692307692307
2 0.6237980769230769 0.6033653846153846 0.06490384615384616 0.08653846153846154
2 0.6670673076923077 0.2824519230769231 0.06009615384615385 0.08653846153846154
2 0.6622596153846154 0.44471153846153844 0.06490384615384616 0.08653846153846154
2 0.7007211538461539 0.8713942307692307 0.06009615384615385 0.08653846153846154
2 0.7211538461538461 0.734375 0.06490384615384616 0.07932692307692307
2 0.7307692307692307 0.5997596153846154 0.06971153846153846 0.08653846153846154
2 0.7548076923076923 0.296875 0.06971153846153846 0.09134615384615384
2 0.7584134615384616 0.43149038461538464 0.06971153846153846 0.09134615384615384
2 0.8221153846153846 0.7560096153846154 0.06971153846153846 0.09375
2 0.8209134615384616 0.8858173076923077 0.06971153846153846 0.09134615384615384
2 0.8569711538461539 0.44711538461538464 0.06971153846153846 0.09375
2 0.8653846153846154 0.18028846153846154 0.06971153846153846 0.09375
2 0.8689903846153846 0.29447115384615385 0.07451923076923077 0.09134615384615384
2 0.8701923076923077 0.6069711538461539 0.06971153846153846 0.09134615384615384