0 0.8449519230769231 0.5889423076923077 0.06971153846153846 0.08413461538461539
0 0.8846153846153846 0.125 0.0625 0.0673076923076923
0 0.8629807692307693 0.25600961538461536 0.06490384615384616 0.09134615384615384
0 0.8497596153846154 0.40625 0.06490384615384616 0.10336538461538461
0 0.8173076923076923 0.7776442307692307 0.07692307692307693 0.08653846153846154
0 0.7379807692307693 0.39783653846153844 0.06971153846153846 0.08413461538461539
0 0.7596153846153846 0.125 0.06971153846153846 0.07932692307692307
0 0.7163461538461539 0.5709134615384616 0.06971153846153846 0.08653846153846154
0 0.7391826923076923 0.25240384615384615 0.06971153846153846 0.09134615384615384
0 0.6911057692307693 0.7632211538461539 0.07692307692307693 0.10096153846153846
0 0.6430288461538461 0.10336538461538461 0.06971153846153846 0.08413461538461539
0 0.6201923076923077 0.24519230769230768 0.06971153846153846 0.08653846153846154
0 0.5925480769230769 0.5576923076923077 0.06971153846153846 0.08653846153846154
0 0.6057692307692307 0.3918269230769231 0.06490384615384616 0.09134615384615384
0 0.5649038461538461 0.7391826923076923 0.06971153846153846 0.09134615384615384
2 0.5348557692307693 0.08052884615384616 0.06971153846153846 0.08413461538461539
2 0.5120192307692307 0.21033653846153846 0.07692307692307693 0.09615384615384616
2 0.49399038461538464 0.36538461538461536 0.07692307692307693 0.09615384615384616
2 0.46274038461538464 0.6923076923076923 0.07932692307692307 0.10096153846153846
2 0.4735576923076923 0.5240384615384616 0.06971153846153846 0.09134615384615384
2 0.4182692307692308 0.20192307692307693 0.06971153846153846 0.09134615384615384
2 0.421875 0.0889423076923077 0.06971153846153846 0.08653846153846154
2 0.3942307692307692 0.3545673076923077 0.07451923076923077 0.09615384615384616
2 0.33052884615384615 0.6983173076923077 0.06971153846153846 0.09615384615384616
2 0.34375 0.5240384615384616 0.07692307692307693 0.09615384615384616
2 0.3245192307692308 0.06009615384615385 0.06971153846153846 0.09615384615384616
2 0.2980769230769231 0.20793269230769232 0.07692307692307693 0.08653846153846154
2 0.2800480769230769 0.35336538461538464 0.08173076923076923 0.0985576923076923
2 0.23677884615384615 0.6778846153846154 0.07932692307692307 0.10096153846153846
2 0.23798076923076922 0.5300480769230769 0.08173076923076923 0.10336538461538461
2 0.18870192307692307 0.17668269230769232 0.08173076923076923 0.10576923076923077
2 0.19831730769230768 0.04447115384615385 0.07932692307692307 0.0889423076923077
2 0.13581730769230768 0.5096153846153846 0.08173076923076923 0.10576923076923077
2 0.10817307692307693 0.7956730769230769 0.08173076923076923 0.10576923076923077
2 0.11298076923076923 0.6742788461538461 0.08653846153846154 0.10336538461538461
2 0.12740384615384615 0.33653846153846156 0.08173076923076923 0.10336538461538461