0 0.8209134615384616 0.6105769230769231 0.07211538461538461 0.08413461538461539
0 0.8846153846153846 0.15745192307692307 0.06490384615384616 0.06971153846153846
0 0.8557692307692307 0.28365384615384615 0.06971153846153846 0.09375
0 0.8353365384615384 0.43149038461538464 0.06971153846153846 0.10336538461538461
0 0.7836538461538461 0.7944711538461539 0.07692307692307693 0.09134615384615384
0 0.7247596153846154 0.4170673076923077 0.07211538461538461 0.08413461538461539
0 0.7608173076923077 0.1502403846153846 0.07211538461538461 0.07932692307692307
0 0.6947115384615384 0.5865384615384616 0.07211538461538461 0.0889423076923077
0 0.734375 0.27403846153846156 0.07211538461538461 0.09134615384615384
0 0.6598557692307693 0.7740384615384616 0.07932692307692307 0.10336538461538461
0 0.6466346153846154 0.12379807692307693 0.06971153846153846 0.08413461538461539
0 0.6177884615384616 0.2620192307692308 0.06971153846153846 0.0889423076923077
0 0.5745192307692307 0.5673076923076923 0.06971153846153846 0.0889423076923077
0 0.5961538461538461 0.4050480769230769 0.06971153846153846 0.09134615384615384
0 0.5372596153846154 0.7439903846153846 0.07451923076923077 0.09375
2 0.5408653846153846 0.09495192307692307 0.07211538461538461 0.08413461538461539
2 0.5120192307692307 0.22115384615384615 0.07932692307692307 0.0985576923076923
2 0.4855769230769231 0.3737980769230769 0.07932692307692307 0.0985576923076923
2 0.43990384615384615 0.6935096153846154 0.08413461538461539 0.10336538461538461
2 0.45913461538461536 0.5288461538461539 0.07451923076923077 0.09134615384615384
2 0.421875 0.2091346153846154 0.07451923076923077 0.09134615384615384
2 0.42908653846153844 0.0985576923076923 0.07211538461538461 0.0889423076923077
2 0.3894230769230769 0.35697115384615385 0.07692307692307693 0.09615384615384616
2 0.3088942307692308 0.6923076923076923 0.07451923076923077 0.09615384615384616
2 0.33052884615384615 0.5216346153846154 0.07932692307692307 0.0985576923076923
2 0.33653846153846156 0.06490384615384616 0.07451923076923077 0.09615384615384616
2 0.30288461538461536 0.2091346153846154 0.07692307692307693 0.09134615384615384
2 0.27884615384615385 0.34975961538461536 0.08413461538461539 0.0985576923076923
2 0.21875 0.6670673076923077 0.08413461538461539 0.10336538461538461
2 0.22716346153846154 0.5228365384615384 0.08413461538461539 0.10336538461538461
2 0.1971153846153846 0.17307692307692307 0.08413461538461539 0.10576923076923077
2 0.21033653846153846 0.04447115384615385 0.08413461538461539 0.0889423076923077
2 0.12740384615384615 0.4963942307692308 0.08413461538461539 0.10576923076923077
2 0.08653846153846154 0.7764423076923077 0.08413461538461539 0.10817307692307693
2 0.09735576923076923 0.6574519230769231 0.0889423076923077 0.10336538461538461
2 0.12740384615384615 0.32572115384615385 0.08413461538461539 0.10336538461538461