0 0.17307692307692307 0.46153846153846156 0.06490384615384616 0.07692307692307693
0 0.1814903846153846 0.9170673076923077 0.057692307692307696 0.0625
0 0.1875 0.7884615384615384 0.06009615384615385 0.08653846153846154
0 0.1875 0.640625 0.06009615384615385 0.09615384615384616
0 0.1814903846153846 0.27524038461538464 0.06971153846153846 0.08173076923076923
0 0.296875 0.6358173076923077 0.06490384615384616 0.07692307692307693
0 0.3016826923076923 0.9050480769230769 0.06490384615384616 0.07451923076923077
0 0.3004807692307692 0.46634615384615385 0.06490384615384616 0.08173076923076923
0 0.3112980769230769 0.7800480769230769 0.0625 0.08173076923076923
0 0.30649038461538464 0.2764423076923077 0.06971153846153846 0.09375
0 0.41947115384615385 0.9122596153846154 0.0625 0.07692307692307693
0 0.4254807692307692 0.7728365384615384 0.0625 0.08173076923076923
0 0.4206730769230769 0.46634615384615385 0.0625 0.08173076923076923
0 0.4266826923076923 0.6286057692307693 0.06009615384615385 0.08173076923076923
0 0.42908653846153844 0.2860576923076923 0.06490384615384616 0.08653846153846154
2 0.5252403846153846 0.9242788461538461 0.06490384615384616 0.07692307692307693
2 0.5336538461538461 0.796875 0.06971153846153846 0.0889423076923077
2 0.5360576923076923 0.6418269230769231 0.06971153846153846 0.0889423076923077
2 0.5336538461538461 0.32211538461538464 0.07211538461538461 0.09615384615384616
2 0.5420673076923077 0.4855769230769231 0.06490384615384616 0.08173076923076923
2 0.6274038461538461 0.7944711538461539 0.06490384615384616 0.08173076923076923
2 0.6346153846153846 0.9050480769230769 0.06490384615384616 0.08173076923076923
2 0.6334134615384616 0.6430288461538461 0.0673076923076923 0.0889423076923077
2 0.6634615384615384 0.3016826923076923 0.06490384615384616 0.0889423076923077
2 0.6670673076923077 0.4735576923076923 0.06971153846153846 0.0889423076923077
2 0.7307692307692307 0.9230769230769231 0.06490384615384616 0.0889423076923077
2 0.7439903846153846 0.7752403846153846 0.06971153846153846 0.08173076923076923
2 0.7475961538461539 0.6334134615384616 0.07451923076923077 0.09134615384615384
2 0.7560096153846154 0.3125 0.07211538461538461 0.09615384615384616
2 0.7668269230769231 0.4567307692307692 0.07451923076923077 0.09615384615384616
2 0.8509615384615384 0.7944711538461539 0.07451923076923077 0.0985576923076923
2 0.8569711538461539 0.9314903846153846 0.07211538461538461 0.09615384615384616
2 0.8725961538461539 0.46634615384615385 0.07451923076923077 0.0985576923076923
2 0.8665865384615384 0.18509615384615385 0.07451923076923077 0.0985576923076923
2 0.8762019230769231 0.30408653846153844 0.07932692307692307 0.09615384615384616
2 0.8954326923076923 0.6334134615384616 0.07451923076923077 0.09615384615384616