0 0.17908653846153846 0.44591346153846156 0.0625 0.07692307692307693
0 0.19471153846153846 0.8810096153846154 0.057692307692307696 0.0625
0 0.1971153846153846 0.7584134615384616 0.057692307692307696 0.08413461538461539
0 0.19471153846153846 0.6165865384615384 0.057692307692307696 0.09375
0 0.18269230769230768 0.26802884615384615 0.0673076923076923 0.07932692307692307
0 0.29927884615384615 0.6117788461538461 0.0625 0.07692307692307693
0 0.3088942307692308 0.8677884615384616 0.0625 0.07211538461538461
0 0.3004807692307692 0.4483173076923077 0.0625 0.07932692307692307
0 0.3161057692307692 0.7475961538461539 0.06009615384615385 0.08173076923076923
0 0.30288461538461536 0.26802884615384615 0.0673076923076923 0.09375
0 0.421875 0.8725961538461539 0.06009615384615385 0.07692307692307693
0 0.4254807692307692 0.7403846153846154 0.06009615384615385 0.07932692307692307
0 0.41466346153846156 0.44591346153846156 0.06009615384615385 0.07932692307692307
0 0.42427884615384615 0.6021634615384616 0.057692307692307696 0.08173076923076923
0 0.41947115384615385 0.27524038461538464 0.0625 0.08413461538461539
2 0.5228365384615384 0.8834134615384616 0.0625 0.07692307692307693
2 0.5300480769230769 0.7596153846153846 0.0673076923076923 0.08653846153846154
2 0.5288461538461539 0.6129807692307693 0.0673076923076923 0.08653846153846154
2 0.5216346153846154 0.3076923076923077 0.06971153846153846 0.09375
2 0.53125 0.4639423076923077 0.0625 0.08173076923076923
2 0.6189903846153846 0.7572115384615384 0.0625 0.08173076923076923
2 0.6274038461538461 0.8617788461538461 0.0625 0.07932692307692307
2 0.6213942307692307 0.6129807692307693 0.06490384615384616 0.08653846153846154
2 0.6442307692307693 0.2860576923076923 0.0625 0.08653846153846154
2 0.6502403846153846 0.45072115384615385 0.0673076923076923 0.08653846153846154
2 0.7199519230769231 0.8786057692307693 0.0625 0.08653846153846154
2 0.7295673076923077 0.7367788461538461 0.0673076923076923 0.07932692307692307
2 0.7295673076923077 0.6009615384615384 0.07211538461538461 0.08653846153846154
2 0.7331730769230769 0.29447115384615385 0.06971153846153846 0.09375
2 0.7463942307692307 0.43149038461538464 0.07211538461538461 0.09375
2 0.8329326923076923 0.7524038461538461 0.07211538461538461 0.09375
2 0.8401442307692307 0.8834134615384616 0.06971153846153846 0.09375
2 0.8461538461538461 0.43990384615384615 0.07211538461538461 0.09375
2 0.8377403846153846 0.17067307692307693 0.07211538461538461 0.09375
2 0.8485576923076923 0.28365384615384615 0.07692307692307693 0.09375
2 0.8713942307692307 0.5985576923076923 0.07211538461538461 0.09375