0 0.8834134615384616 0.5949519230769231 0.06490384615384616 0.08173076923076923
0 0.8834134615384616 0.11899038461538461 0.06009615384615385 0.06490384615384616
0 0.875 0.2512019230769231 0.06009615384615385 0.09134615384615384
0 0.8725961538461539 0.40865384615384615 0.06009615384615385 0.10096153846153846
0 0.8725961538461539 0.7896634615384616 0.07211538461538461 0.08413461538461539
0 0.7584134615384616 0.4074519230769231 0.06490384615384616 0.08173076923076923
0 0.7584134615384616 0.12740384615384615 0.06490384615384616 0.07692307692307693
0 0.75 0.5877403846153846 0.06490384615384616 0.08413461538461539
0 0.7463942307692307 0.2608173076923077 0.0625 0.08653846153846154
0 0.7415865384615384 0.7848557692307693 0.07211538461538461 0.09615384615384616
0 0.6346153846153846 0.11658653846153846 0.0625 0.08173076923076923
0 0.6262019230769231 0.2620192307692308 0.0625 0.08413461538461539
0 0.6262019230769231 0.5853365384615384 0.0625 0.08413461538461539
0 0.6225961538461539 0.41346153846153844 0.06009615384615385 0.08653846153846154
0 0.6141826923076923 0.7704326923076923 0.06490384615384616 0.09134615384615384
2 0.5240384615384616 0.10576923076923077 0.06490384615384616 0.08173076923076923
2 0.5132211538461539 0.23677884615384615 0.07211538461538461 0.09134615384615384
2 0.5084134615384616 0.39663461538461536 0.07211538461538461 0.09134615384615384
2 0.5036057692307693 0.7331730769230769 0.07451923076923077 0.09615384615384616
2 0.5 0.5625 0.06490384615384616 0.08653846153846154
2 0.41586538461538464 0.23918269230769232 0.06490384615384616 0.08653846153846154
2 0.4098557692307692 0.12379807692307693 0.06490384615384616 0.08413461538461539
2 0.40625 0.3942307692307692 0.0673076923076923 0.09134615384615384
2 0.36899038461538464 0.75 0.06490384615384616 0.09134615384615384
2 0.36899038461538464 0.5709134615384616 0.07211538461538461 0.09134615384615384
2 0.31009615384615385 0.10336538461538461 0.06490384615384616 0.09134615384615384
2 0.2932692307692308 0.25721153846153844 0.07211538461538461 0.08413461538461539
2 0.28846153846153844 0.4026442307692308 0.07692307692307693 0.09134615384615384
2 0.27283653846153844 0.7391826923076923 0.07451923076923077 0.09615384615384616
2 0.26322115384615385 0.5865384615384616 0.07692307692307693 0.09615384615384616
2 0.1814903846153846 0.23197115384615385 0.07692307692307693 0.10096153846153846
2 0.1778846153846154 0.09254807692307693 0.07451923076923077 0.09615384615384616
2 0.15504807692307693 0.5769230769230769 0.07692307692307693 0.10096153846153846
2 0.15504807692307693 0.8713942307692307 0.07692307692307693 0.10096153846153846
2 0.1466346153846154 0.7463942307692307 0.08173076923076923 0.10096153846153846
2 0.13341346153846154 0.39903846153846156 0.07692307692307693 0.09615384615384616