0 0.5432692307692307 0.1971153846153846 0.07692307692307693 0.06490384615384616
0 0.12379807692307693 0.23317307692307693 0.0625 0.057692307692307696
0 0.2439903846153846 0.23317307692307693 0.08413461538461539 0.06009615384615385
0 0.3798076923076923 0.22115384615384615 0.09375 0.06009615384615385
0 0.7151442307692307 0.19110576923076922 0.07932692307692307 0.06971153846153846
0 0.390625 0.32091346153846156 0.07692307692307693 0.06490384615384616
0 0.14423076923076922 0.3449519230769231 0.07211538461538461 0.0625
0 0.5480769230769231 0.31490384615384615 0.07932692307692307 0.06490384615384616
0 0.25961538461538464 0.34375 0.08173076923076923 0.0625
0 0.7223557692307693 0.30649038461538464 0.09134615384615384 0.06971153846153846
0 0.14302884615384615 0.453125 0.07692307692307693 0.0625
0 0.27283653846153844 0.45072115384615385 0.07932692307692307 0.0625
0 0.5552884615384616 0.4266826923076923 0.07932692307692307 0.0625
0 0.4050480769230769 0.4411057692307692 0.08173076923076923 0.06009615384615385
0 0.7211538461538461 0.4230769230769231 0.08413461538461539 0.06490384615384616
2 0.140625 0.5528846153846154 0.07692307692307693 0.06490384615384616
2 0.25841346153846156 0.5528846153846154 0.08653846153846154 0.06971153846153846
2 0.40024038461538464 0.5444711538461539 0.08653846153846154 0.06971153846153846
2 0.6947115384615384 0.5204326923076923 0.09134615384615384 0.07211538461538461
2 0.5444711538461539 0.5372596153846154 0.08173076923076923 0.06490384615384616
2 0.265625 0.6358173076923077 0.08173076923076923 0.06490384615384616
2 0.16466346153846154 0.6526442307692307 0.07932692307692307 0.06490384615384616
2 0.4050480769230769 0.6346153846153846 0.08653846153846154 0.0673076923076923
2 0.7223557692307693 0.6370192307692307 0.08653846153846154 0.06490384615384616
2 0.5637019230769231 0.6538461538461539 0.08653846153846154 0.06971153846153846
2 0.15384615384615385 0.7427884615384616 0.08653846153846154 0.06490384615384616
2 0.29086538461538464 0.7427884615384616 0.07932692307692307 0.06971153846153846
2 0.421875 0.7355769230769231 0.08653846153846154 0.07451923076923077
2 0.7175480769230769 0.7235576923076923 0.09134615384615384 0.07211538461538461
2 0.5865384615384616 0.7451923076923077 0.09134615384615384 0.07451923076923077
2 0.2800480769230769 0.8449519230769231 0.09375 0.07451923076923077
2 0.15504807692307693 0.859375 0.09134615384615384 0.07211538461538461
2 0.5841346153846154 0.8401442307692307 0.09375 0.07451923076923077
2 0.8425480769230769 0.8197115384615384 0.09375 0.07451923076923077
2 0.734375 0.8341346153846154 0.09134615384615384 0.07932692307692307
2 0.43149038461538464 0.875 0.09134615384615384 0.07451923076923077