0 0.5637019230769231 0.20072115384615385 0.08413461538461539 0.06971153846153846
0 0.08413461538461539 0.21754807692307693 0.06971153846153846 0.0625
0 0.21995192307692307 0.22355769230769232 0.09375 0.0625
0 0.3762019230769231 0.21754807692307693 0.10336538461538461 0.0625
0 0.7608173076923077 0.20432692307692307 0.0889423076923077 0.07451923076923077
0 0.38100961538461536 0.3329326923076923 0.08413461538461539 0.06971153846153846
0 0.0985576923076923 0.3473557692307692 0.07932692307692307 0.06971153846153846
0 0.5612980769230769 0.33533653846153844 0.0889423076923077 0.06971153846153846
0 0.23197115384615385 0.35216346153846156 0.0889423076923077 0.06490384615384616
0 0.7608173076923077 0.33653846153846156 0.10096153846153846 0.07451923076923077
0 0.09254807692307693 0.46875 0.08413461538461539 0.06490384615384616
0 0.23918269230769232 0.47475961538461536 0.0889423076923077 0.06490384615384616
0 0.5637019230769231 0.46274038461538464 0.0889423076923077 0.06490384615384616
0 0.3918269230769231 0.47115384615384615 0.0889423076923077 0.0625
0 0.7524038461538461 0.4699519230769231 0.09375 0.06971153846153846
2 0.08173076923076923 0.5829326923076923 0.08413461538461539 0.06971153846153846
2 0.21634615384615385 0.5889423076923077 0.09615384615384616 0.07451923076923077
2 0.3798076923076923 0.5901442307692307 0.09615384615384616 0.07451923076923077
2 0.7163461538461539 0.5793269230769231 0.10096153846153846 0.07692307692307693
2 0.5444711538461539 0.5889423076923077 0.0889423076923077 0.06971153846153846
2 0.21995192307692307 0.6850961538461539 0.0889423076923077 0.06971153846153846
2 0.1045673076923077 0.6983173076923077 0.0889423076923077 0.06971153846153846
2 0.38100961538461536 0.6935096153846154 0.09615384615384616 0.06971153846153846
2 0.7403846153846154 0.7139423076923077 0.09615384615384616 0.06971153846153846
2 0.5600961538461539 0.7223557692307693 0.09615384615384616 0.07451923076923077
2 0.08774038461538461 0.8004807692307693 0.09615384615384616 0.06971153846153846
2 0.24278846153846154 0.8088942307692307 0.0889423076923077 0.07451923076923077
2 0.39302884615384615 0.8088942307692307 0.09615384615384616 0.07932692307692307
2 0.7307692307692307 0.8112980769230769 0.10096153846153846 0.07692307692307693
2 0.5805288461538461 0.8305288461538461 0.10096153846153846 0.07932692307692307
2 0.2247596153846154 0.9242788461538461 0.10336538461538461 0.07932692307692307
2 0.08052884615384616 0.9338942307692307 0.10096153846153846 0.07692307692307693
2 0.5721153846153846 0.9375 0.10336538461538461 0.07932692307692307
2 0.8689903846153846 0.9302884615384616 0.10336538461538461 0.07932692307692307
2 0.7439903846153846 0.9399038461538461 0.10096153846153846 0.08413461538461539
2 0.3942307692307692 0.9639423076923077 0.10096153846153846 0.07211538461538461