2 0.875 0.22956730769230768 0.08413461538461539 0.10817307692307693
2 0.8629807692307693 0.7848557692307693 0.07932692307692307 0.11298076923076923
2 0.859375 0.5673076923076923 0.07692307692307693 0.10817307692307693
0 0.8665865384615384 0.046875 0.07451923076923077 0.08413461538461539
2 0.8497596153846154 0.4098557692307692 0.08413461538461539 0.11778846153846154
2 0.7512019230769231 0.23798076923076922 0.08413461538461539 0.11057692307692307
2 0.7379807692307693 0.39903846153846156 0.0889423076923077 0.11778846153846154
2 0.7271634615384616 0.7704326923076923 0.07932692307692307 0.11538461538461539
0 0.7319711538461539 0.051682692307692304 0.08413461538461539 0.0985576923076923
2 0.7139423076923077 0.5901442307692307 0.07932692307692307 0.11538461538461539
2 0.5973557692307693 0.4014423076923077 0.07932692307692307 0.10817307692307693
2 0.5985576923076923 0.24278846153846154 0.08413461538461539 0.11057692307692307
0 0.5889423076923077 0.04927884615384615 0.08413461538461539 0.0985576923076923
2 0.5793269230769231 0.59375 0.09134615384615384 0.12740384615384615
2 0.5745192307692307 0.8413461538461539 0.08413461538461539 0.12259615384615384
2 0.4423076923076923 0.23918269230769232 0.0889423076923077 0.11298076923076923
2 0.42427884615384615 0.4519230769230769 0.09134615384615384 0.11298076923076923
0 0.4266826923076923 0.039663461538461536 0.07932692307692307 0.07932692307692307
2 0.4110576923076923 0.6165865384615384 0.09375 0.12259615384615384
2 0.40625 0.7872596153846154 0.09134615384615384 0.11538461538461539
2 0.28365384615384615 0.21995192307692307 0.09615384615384616 0.10817307692307693
2 0.2692307692307692 0.5961538461538461 0.09134615384615384 0.11778846153846154
2 0.25841346153846156 0.7920673076923077 0.0985576923076923 0.12980769230769232
2 0.26322115384615385 0.4423076923076923 0.09134615384615384 0.11538461538461539
0 0.25 0.04326923076923077 0.09615384615384616 0.08653846153846154
2 0.1466346153846154 0.7740384615384616 0.10336538461538461 0.12740384615384615