2 0.24879807692307693 0.8149038461538461 0.10336538461538461 0.08413461538461539
2 0.7584134615384616 0.8569711538461539 0.10576923076923077 0.08173076923076923
2 0.5600961538461539 0.8353365384615384 0.10096153846153846 0.07451923076923077
0 0.0829326923076923 0.7932692307692307 0.08653846153846154 0.07451923076923077
2 0.4170673076923077 0.8100961538461539 0.11298076923076923 0.08653846153846154
2 0.27163461538461536 0.703125 0.10576923076923077 0.08413461538461539
2 0.41586538461538464 0.7079326923076923 0.11298076923076923 0.08653846153846154
2 0.7548076923076923 0.7319711538461539 0.10817307692307693 0.08173076923076923
0 0.10336538461538461 0.6682692307692307 0.0985576923076923 0.08413461538461539
2 0.5925480769230769 0.703125 0.10817307692307693 0.08173076923076923
2 0.43509615384615385 0.5841346153846154 0.10096153846153846 0.07932692307692307
2 0.28725961538461536 0.5673076923076923 0.10576923076923077 0.08413461538461539
0 0.11298076923076923 0.5396634615384616 0.10096153846153846 0.08413461538461539
2 0.6105769230769231 0.5805288461538461 0.12259615384615384 0.09134615384615384
2 0.8341346153846154 0.6009615384615384 0.11778846153846154 0.08653846153846154
2 0.29927884615384615 0.4230769230769231 0.10817307692307693 0.08653846153846154
2 0.4963942307692308 0.42908653846153844 0.10817307692307693 0.09134615384615384
0 0.11177884615384616 0.3918269230769231 0.09615384615384616 0.07932692307692307
2 0.6466346153846154 0.4326923076923077 0.11538461538461539 0.09134615384615384
2 0.8028846153846154 0.44350961538461536 0.11057692307692307 0.09134615384615384
2 0.29927884615384615 0.2776442307692308 0.10336538461538461 0.09375
2 0.6394230769230769 0.29927884615384615 0.11298076923076923 0.09134615384615384
2 0.8209134615384616 0.3088942307692308 0.12259615384615384 0.0985576923076923
2 0.5 0.27884615384615385 0.11057692307692307 0.09134615384615384
0 0.13341346153846154 0.23076923076923078 0.10096153846153846 0.09375
2 0.8125 0.20793269230769232 0.12259615384615384 0.10096153846153846