2 0.7992788461538461 0.6298076923076923 0.09134615384615384 0.11057692307692307
2 0.7403846153846154 0.09254807692307693 0.08653846153846154 0.11538461538461539
2 0.7572115384615384 0.30408653846153844 0.08173076923076923 0.11057692307692307
0 0.8088942307692307 0.8064903846153846 0.07932692307692307 0.09375
2 0.7584134615384616 0.4567307692307692 0.09375 0.1201923076923077
2 0.6778846153846154 0.6298076923076923 0.09134615384615384 0.11298076923076923
2 0.6526442307692307 0.4795673076923077 0.09375 0.11778846153846154
2 0.6117788461538461 0.12139423076923077 0.08653846153846154 0.11778846153846154
0 0.6754807692307693 0.8125 0.0889423076923077 0.10336538461538461
2 0.6129807692307693 0.2956730769230769 0.08653846153846154 0.11778846153846154
2 0.5204326923076923 0.484375 0.08413461538461539 0.10817307692307693
2 0.5336538461538461 0.640625 0.09134615384615384 0.11298076923076923
0 0.5396634615384616 0.828125 0.09134615384615384 0.10576923076923077
2 0.48197115384615385 0.3016826923076923 0.0985576923076923 0.12740384615384615
2 0.4567307692307692 0.06610576923076923 0.09375 0.125
2 0.38100961538461536 0.6574519230769231 0.09134615384615384 0.11298076923076923
2 0.3473557692307692 0.4519230769230769 0.09615384615384616 0.11538461538461539
0 0.3870192307692308 0.8581730769230769 0.08413461538461539 0.10336538461538461
2 0.32091346153846156 0.29447115384615385 0.10096153846153846 0.125
2 0.3004807692307692 0.12980769230769232 0.0985576923076923 0.1201923076923077
2 0.22956730769230768 0.6862980769230769 0.10096153846153846 0.11057692307692307
2 0.18389423076923078 0.3293269230769231 0.0985576923076923 0.12259615384615384
2 0.15745192307692307 0.13822115384615385 0.10576923076923077 0.13221153846153846
2 0.19110576923076922 0.47716346153846156 0.0985576923076923 0.1201923076923077
0 0.21394230769230768 0.8677884615384616 0.10096153846153846 0.10817307692307693
2 0.054086538461538464 0.1658653846153846 0.10817307692307693 0.12980769230769232