2 0.36538461538461536 0.8305288461538461 0.10817307692307693 0.0889423076923077
2 0.9098557692307693 0.7908653846153846 0.11298076923076923 0.08413461538461539
2 0.6959134615384616 0.7980769230769231 0.10817307692307693 0.07932692307692307
0 0.18269230769230768 0.8329326923076923 0.09134615384615384 0.07692307692307693
2 0.5396634615384616 0.796875 0.1201923076923077 0.0889423076923077
2 0.36658653846153844 0.7079326923076923 0.11057692307692307 0.0889423076923077
2 0.5240384615384616 0.6875 0.1201923076923077 0.09134615384615384
2 0.8882211538461539 0.6586538461538461 0.11538461538461539 0.08413461538461539
0 0.1814903846153846 0.6995192307692307 0.10096153846153846 0.0889423076923077
2 0.7103365384615384 0.6538461538461539 0.11538461538461539 0.08413461538461539
2 0.5204326923076923 0.5504807692307693 0.10817307692307693 0.08413461538461539
2 0.3641826923076923 0.5588942307692307 0.11057692307692307 0.0889423076923077
0 0.17067307692307693 0.5576923076923077 0.10576923076923077 0.0889423076923077
2 0.7079326923076923 0.5204326923076923 0.12740384615384615 0.09375
2 0.9423076923076923 0.5012019230769231 0.11538461538461539 0.0889423076923077
2 0.35096153846153844 0.4050480769230769 0.11298076923076923 0.09134615384615384
2 0.5600961538461539 0.3762019230769231 0.11298076923076923 0.09375
0 0.14543269230769232 0.4014423076923077 0.10096153846153846 0.08413461538461539
2 0.7199519230769231 0.3557692307692308 0.12259615384615384 0.0985576923076923
2 0.8882211538461539 0.34134615384615385 0.11538461538461539 0.09375
2 0.3245192307692308 0.2512019230769231 0.11057692307692307 0.0985576923076923
2 0.6923076923076923 0.21634615384615385 0.1201923076923077 0.09375
2 0.8846153846153846 0.1971153846153846 0.13221153846153846 0.10576923076923077
2 0.5420673076923077 0.21875 0.11538461538461539 0.09375
0 0.14423076923076922 0.2283653846153846 0.10336538461538461 0.0985576923076923
2 0.8617788461538461 0.08774038461538461 0.12980769230769232 0.10336538461538461