2 0.7848557692307693 0.7391826923076923 0.08173076923076923 0.10096153846153846
2 0.8088942307692307 0.22596153846153846 0.07692307692307693 0.10576923076923077
2 0.7956730769230769 0.4266826923076923 0.07211538461538461 0.0985576923076923
0 0.7692307692307693 0.9050480769230769 0.07211538461538461 0.08413461538461539
2 0.7728365384615384 0.5697115384615384 0.08173076923076923 0.11057692307692307
2 0.671875 0.7211538461538461 0.08173076923076923 0.10336538461538461
2 0.6706730769230769 0.5757211538461539 0.08173076923076923 0.11057692307692307
2 0.6838942307692307 0.234375 0.07692307692307693 0.11057692307692307
0 0.6418269230769231 0.8918269230769231 0.08173076923076923 0.09615384615384616
2 0.6610576923076923 0.39783653846153844 0.07692307692307693 0.11057692307692307
2 0.5444711538461539 0.5612980769230769 0.07692307692307693 0.10096153846153846
2 0.5348557692307693 0.7091346153846154 0.08173076923076923 0.10336538461538461
0 0.5120192307692307 0.8858173076923077 0.08173076923076923 0.0985576923076923
2 0.5360576923076923 0.38341346153846156 0.08653846153846154 0.1201923076923077
2 0.5480769230769231 0.15985576923076922 0.08173076923076923 0.11538461538461539
2 0.3894230769230769 0.7019230769230769 0.08173076923076923 0.10576923076923077
2 0.38822115384615385 0.5036057692307693 0.08653846153846154 0.10576923076923077
0 0.36538461538461536 0.8930288461538461 0.07692307692307693 0.09615384615384616
2 0.3870192307692308 0.35336538461538464 0.0889423076923077 0.11538461538461539
2 0.3918269230769231 0.19591346153846154 0.08653846153846154 0.11057692307692307
2 0.24278846153846154 0.7079326923076923 0.09134615384615384 0.10096153846153846
2 0.2536057692307692 0.36538461538461536 0.08653846153846154 0.11057692307692307
2 0.25721153846153844 0.18269230769230768 0.09375 0.1201923076923077
2 0.23677884615384615 0.5060096153846154 0.08653846153846154 0.11057692307692307
0 0.20072115384615385 0.8737980769230769 0.09134615384615384 0.0985576923076923
2 0.15504807692307693 0.1935096153846154 0.09615384615384616 0.1201923076923077