2 0.9230769230769231 0.3425480769230769 0.09615384615384616 0.11538461538461539
2 0.8341346153846154 0.8846153846153846 0.09375 0.1201923076923077
2 0.8617788461538461 0.6706730769230769 0.08653846153846154 0.11298076923076923
0 0.9411057692307693 0.16105769230769232 0.08413461538461539 0.09615384615384616
2 0.8737980769230769 0.515625 0.0985576923076923 0.12740384615384615
2 0.8004807692307693 0.3329326923076923 0.09615384615384616 0.11778846153846154
2 0.765625 0.4891826923076923 0.10096153846153846 0.12740384615384615
2 0.7043269230769231 0.8521634615384616 0.09375 0.12259615384615384
0 0.8076923076923077 0.1466346153846154 0.09615384615384616 0.11057692307692307
2 0.7163461538461539 0.6742788461538461 0.09375 0.1201923076923077
2 0.6286057692307693 0.4723557692307692 0.09134615384615384 0.11298076923076923
2 0.6502403846153846 0.31850961538461536 0.09615384615384616 0.11778846153846154
0 0.6682692307692307 0.12379807692307693 0.09615384615384616 0.11298076923076923
2 0.5829326923076923 0.6574519230769231 0.10576923076923077 0.1346153846153846
2 0.5444711538461539 0.9002403846153846 0.0985576923076923 0.13221153846153846
2 0.4987980769230769 0.2932692307692308 0.10096153846153846 0.12259615384615384
2 0.45072115384615385 0.4987980769230769 0.10336538461538461 0.12259615384615384
0 0.5132211538461539 0.08413461538461539 0.09134615384615384 0.11057692307692307
2 0.41586538461538464 0.6574519230769231 0.10817307692307693 0.12980769230769232
2 0.38822115384615385 0.8245192307692307 0.10336538461538461 0.12259615384615384
2 0.34615384615384615 0.2512019230769231 0.10576923076923077 0.11538461538461539
2 0.27884615384615385 0.6165865384615384 0.10336538461538461 0.12740384615384615
2 0.24158653846153846 0.8076923076923077 0.11538461538461539 0.14182692307692307
2 0.29447115384615385 0.46634615384615385 0.10336538461538461 0.12259615384615384
0 0.3389423076923077 0.06850961538461539 0.10576923076923077 0.11057692307692307
2 0.1346153846153846 0.7752403846153846 0.11538461538461539 0.13701923076923078