2 0.8341346153846154 0.3329326923076923 0.08173076923076923 0.10096153846153846
2 0.8052884615384616 0.8413461538461539 0.07692307692307693 0.10576923076923077
2 0.8100961538461539 0.6430288461538461 0.07211538461538461 0.0985576923076923
0 0.8341346153846154 0.16706730769230768 0.06971153846153846 0.08413461538461539
2 0.8040865384615384 0.49759615384615385 0.08173076923076923 0.11057692307692307
2 0.7199519230769231 0.3389423076923077 0.08173076923076923 0.10336538461538461
2 0.703125 0.4831730769230769 0.08173076923076923 0.11057692307692307
2 0.6814903846153846 0.8197115384615384 0.07692307692307693 0.10817307692307693
0 0.7091346153846154 0.16947115384615385 0.08173076923076923 0.09615384615384616
2 0.6754807692307693 0.65625 0.07692307692307693 0.10817307692307693
2 0.5793269230769231 0.4831730769230769 0.07692307692307693 0.10096153846153846
2 0.5841346153846154 0.33653846153846156 0.08173076923076923 0.10336538461538461
0 0.5805288461538461 0.16105769230769232 0.08173076923076923 0.09615384615384616
2 0.5516826923076923 0.6574519230769231 0.08653846153846154 0.11778846153846154
2 0.5396634615384616 0.8798076923076923 0.08173076923076923 0.11538461538461539
2 0.43990384615384615 0.328125 0.08173076923076923 0.10576923076923077
2 0.4182692307692308 0.5228365384615384 0.08653846153846154 0.10576923076923077
0 0.4362980769230769 0.13942307692307693 0.07692307692307693 0.09615384615384616
2 0.4014423076923077 0.671875 0.08653846153846154 0.11298076923076923
2 0.390625 0.828125 0.08653846153846154 0.10817307692307693
2 0.2956730769230769 0.3076923076923077 0.09134615384615384 0.10096153846153846
2 0.2704326923076923 0.6466346153846154 0.08653846153846154 0.11057692307692307
2 0.25600961538461536 0.8269230769230769 0.09375 0.1201923076923077
2 0.2704326923076923 0.5072115384615384 0.08653846153846154 0.10817307692307693
0 0.27163461538461536 0.13942307692307693 0.09134615384615384 0.0985576923076923
2 0.15625 0.8052884615384616 0.09615384615384616 0.11778846153846154