2 0.28365384615384615 0.21394230769230768 0.0985576923076923 0.07692307692307693
2 0.7848557692307693 0.19951923076923078 0.10336538461538461 0.07211538461538461
2 0.5901442307692307 0.2091346153846154 0.0985576923076923 0.06971153846153846
0 0.1201923076923077 0.22716346153846154 0.08173076923076923 0.0673076923076923
2 0.4483173076923077 0.22716346153846154 0.10817307692307693 0.07932692307692307
2 0.29927884615384615 0.32572115384615385 0.0985576923076923 0.07692307692307693
2 0.4423076923076923 0.3293269230769231 0.10817307692307693 0.08173076923076923
2 0.7764423076923077 0.32091346153846156 0.10336538461538461 0.07211538461538461
0 0.1310096153846154 0.35096153846153844 0.09375 0.07692307692307693
2 0.6141826923076923 0.3425480769230769 0.10336538461538461 0.07211538461538461
2 0.4543269230769231 0.4519230769230769 0.0985576923076923 0.07211538461538461
2 0.3088942307692308 0.46033653846153844 0.0985576923076923 0.07692307692307693
0 0.1346153846153846 0.47836538461538464 0.09375 0.07692307692307693
2 0.6274038461538461 0.46274038461538464 0.11298076923076923 0.08413461538461539
2 0.8473557692307693 0.45552884615384615 0.11298076923076923 0.07932692307692307
2 0.3125 0.6033653846153846 0.10336538461538461 0.07932692307692307
2 0.5060096153846154 0.6069711538461539 0.10336538461538461 0.08173076923076923
0 0.125 0.6225961538461539 0.09375 0.07211538461538461
2 0.6538461538461539 0.6105769230769231 0.10817307692307693 0.08653846153846154
2 0.8088942307692307 0.6081730769230769 0.10336538461538461 0.08173076923076923
2 0.30408653846153844 0.7463942307692307 0.0985576923076923 0.08653846153846154
2 0.640625 0.7415865384615384 0.10817307692307693 0.08413461538461539
2 0.8197115384615384 0.7415865384615384 0.11778846153846154 0.09134615384615384
2 0.5024038461538461 0.7536057692307693 0.10336538461538461 0.08173076923076923
0 0.140625 0.7848557692307693 0.09375 0.08653846153846154
2 0.8064903846153846 0.8401442307692307 0.11298076923076923 0.09615384615384616