2 0.8185096153846154 0.30288461538461536 0.07692307692307693 0.09615384615384616
2 0.8064903846153846 0.7992788461538461 0.07211538461538461 0.0985576923076923
2 0.8040865384615384 0.6033653846153846 0.06971153846153846 0.09375
0 0.8100961538461539 0.13581730769230768 0.0673076923076923 0.07932692307692307
2 0.7956730769230769 0.46274038461538464 0.07692307692307693 0.10576923076923077
2 0.7067307692307693 0.3088942307692308 0.07692307692307693 0.0985576923076923
2 0.6959134615384616 0.4543269230769231 0.07932692307692307 0.10576923076923077
2 0.6862980769230769 0.7872596153846154 0.07211538461538461 0.10096153846153846
0 0.6887019230769231 0.14182692307692307 0.07692307692307693 0.09134615384615384
2 0.6730769230769231 0.6262019230769231 0.07211538461538461 0.10096153846153846
2 0.5709134615384616 0.4567307692307692 0.07211538461538461 0.09615384615384616
2 0.5709134615384616 0.31490384615384615 0.07692307692307693 0.0985576923076923
0 0.5600961538461539 0.13822115384615385 0.07692307692307693 0.09375
2 0.5516826923076923 0.6286057692307693 0.08173076923076923 0.11298076923076923
2 0.5480769230769231 0.8497596153846154 0.07692307692307693 0.11298076923076923
2 0.43028846153846156 0.31009615384615385 0.07932692307692307 0.10096153846153846
2 0.41346153846153844 0.5012019230769231 0.08173076923076923 0.10096153846153846
0 0.4170673076923077 0.12259615384615384 0.07211538461538461 0.09134615384615384
2 0.4026442307692308 0.6490384615384616 0.08413461538461539 0.10817307692307693
2 0.39903846153846156 0.8016826923076923 0.08173076923076923 0.10336538461538461
2 0.28846153846153844 0.2932692307692308 0.08653846153846154 0.09615384615384616
2 0.27524038461538464 0.6298076923076923 0.08173076923076923 0.10576923076923077
2 0.2668269230769231 0.8052884615384616 0.0889423076923077 0.11538461538461539
2 0.2692307692307692 0.49278846153846156 0.08173076923076923 0.10336538461538461
0 0.25841346153846156 0.12860576923076922 0.08653846153846154 0.09134615384615384
2 0.1658653846153846 0.7896634615384616 0.09134615384615384 0.11538461538461539