2 0.2764423076923077 0.7788461538461539 0.09615384615384616 0.07932692307692307
2 0.7704326923076923 0.8197115384615384 0.10336538461538461 0.07692307692307693
2 0.578125 0.7992788461538461 0.09615384615384616 0.07451923076923077
0 0.11538461538461539 0.7572115384615384 0.08173076923076923 0.06971153846153846
2 0.4387019230769231 0.7716346153846154 0.10817307692307693 0.08173076923076923
2 0.296875 0.6694711538461539 0.10096153846153846 0.07932692307692307
2 0.4375 0.6730769230769231 0.11057692307692307 0.08653846153846154
2 0.7668269230769231 0.6983173076923077 0.10576923076923077 0.07692307692307693
0 0.13341346153846154 0.6358173076923077 0.09375 0.08173076923076923
2 0.609375 0.6694711538461539 0.10576923076923077 0.07692307692307693
2 0.45552884615384615 0.5528846153846154 0.09615384615384616 0.07451923076923077
2 0.3137019230769231 0.5384615384615384 0.10096153846153846 0.07932692307692307
0 0.14302884615384615 0.5108173076923077 0.09615384615384616 0.07932692307692307
2 0.6274038461538461 0.5504807692307693 0.11778846153846154 0.08653846153846154
2 0.84375 0.5697115384615384 0.11298076923076923 0.08173076923076923
2 0.3245192307692308 0.39783653846153844 0.10576923076923077 0.08413461538461539
2 0.515625 0.4026442307692308 0.10576923076923077 0.08413461538461539
0 0.14182692307692307 0.36778846153846156 0.09134615384615384 0.07451923076923077
2 0.6610576923076923 0.40625 0.11298076923076923 0.09134615384615384
2 0.8137019230769231 0.41586538461538464 0.10817307692307693 0.08653846153846154
2 0.3245192307692308 0.25600961538461536 0.0985576923076923 0.0889423076923077
2 0.6550480769230769 0.2776442307692308 0.11057692307692307 0.08653846153846154
2 0.8317307692307693 0.2860576923076923 0.1201923076923077 0.09615384615384616
2 0.5204326923076923 0.25841346153846156 0.10817307692307693 0.08653846153846154
0 0.16466346153846154 0.21033653846153846 0.0985576923076923 0.0889423076923077
2 0.8245192307692307 0.18990384615384615 0.11778846153846154 0.09615384615384616