2 0.8161057692307693 0.7091346153846154 0.07692307692307693 0.0985576923076923
2 0.8052884615384616 0.20552884615384615 0.07211538461538461 0.10096153846153846
2 0.8028846153846154 0.4026442307692308 0.06971153846153846 0.09615384615384616
0 0.8088942307692307 0.875 0.0673076923076923 0.08173076923076923
2 0.7932692307692307 0.5456730769230769 0.07692307692307693 0.10817307692307693
2 0.703125 0.7007211538461539 0.07692307692307693 0.0985576923076923
2 0.6923076923076923 0.5564903846153846 0.07932692307692307 0.10817307692307693
2 0.6826923076923077 0.21995192307692307 0.07211538461538461 0.10096153846153846
0 0.6862980769230769 0.8689903846153846 0.07692307692307693 0.09375
2 0.6706730769230769 0.38341346153846156 0.07211538461538461 0.10096153846153846
2 0.5661057692307693 0.5516826923076923 0.07211538461538461 0.0985576923076923
2 0.5661057692307693 0.6971153846153846 0.07692307692307693 0.0985576923076923
0 0.5564903846153846 0.8725961538461539 0.07692307692307693 0.09375
2 0.5480769230769231 0.37740384615384615 0.08413461538461539 0.11538461538461539
2 0.5444711538461539 0.15625 0.07692307692307693 0.11298076923076923
2 0.42427884615384615 0.7007211538461539 0.07932692307692307 0.10336538461538461
2 0.4074519230769231 0.5060096153846154 0.08413461538461539 0.10336538461538461
0 0.41225961538461536 0.8882211538461539 0.07211538461538461 0.09375
2 0.39663461538461536 0.35697115384615385 0.08413461538461539 0.10817307692307693
2 0.39302884615384615 0.203125 0.08413461538461539 0.10336538461538461
2 0.28125 0.7163461538461539 0.08653846153846154 0.0985576923076923
2 0.26802884615384615 0.3786057692307692 0.08413461538461539 0.10817307692307693
2 0.25841346153846156 0.19831730769230768 0.0889423076923077 0.11778846153846154
2 0.2620192307692308 0.5168269230769231 0.08413461538461539 0.10336538461538461
0 0.25240384615384615 0.8834134615384616 0.0889423076923077 0.09375
2 0.15745192307692307 0.21754807692307693 0.09375 0.11538461538461539