2 0.6814903846153846 0.19110576923076922 0.09375 0.07451923076923077
2 0.18870192307692307 0.21033653846153846 0.0985576923076923 0.06971153846153846
2 0.38221153846153844 0.20673076923076922 0.09375 0.06971153846153846
0 0.8425480769230769 0.19230769230769232 0.07932692307692307 0.06490384615384616
2 0.5216346153846154 0.21634615384615385 0.10336538461538461 0.07451923076923077
2 0.6742788461538461 0.3016826923076923 0.0985576923076923 0.07451923076923077
2 0.5348557692307693 0.31490384615384615 0.10336538461538461 0.07932692307692307
2 0.20793269230769232 0.3293269230769231 0.10336538461538461 0.06971153846153846
0 0.8401442307692307 0.31490384615384615 0.0889423076923077 0.07451923076923077
2 0.36538461538461536 0.3389423076923077 0.10336538461538461 0.06971153846153846
2 0.53125 0.43509615384615385 0.09375 0.06971153846153846
2 0.6742788461538461 0.4326923076923077 0.0985576923076923 0.07451923076923077
0 0.8449519230769231 0.4387019230769231 0.09375 0.07451923076923077
2 0.3629807692307692 0.4579326923076923 0.11298076923076923 0.08173076923076923
2 0.14783653846153846 0.4651442307692308 0.10817307692307693 0.07692307692307693
2 0.6802884615384616 0.5733173076923077 0.0985576923076923 0.07932692307692307
2 0.49158653846153844 0.5901442307692307 0.0985576923076923 0.07932692307692307
0 0.8641826923076923 0.5793269230769231 0.0889423076923077 0.06971153846153846
2 0.34615384615384615 0.6045673076923077 0.10817307692307693 0.08653846153846154
2 0.19471153846153846 0.6129807692307693 0.10336538461538461 0.07932692307692307
2 0.6971153846153846 0.7127403846153846 0.09375 0.08413461538461539
2 0.36899038461538464 0.7319711538461539 0.10336538461538461 0.07932692307692307
2 0.1935096153846154 0.7439903846153846 0.11298076923076923 0.09134615384615384
2 0.5048076923076923 0.734375 0.10336538461538461 0.07932692307692307
0 0.8605769230769231 0.7391826923076923 0.09375 0.08413461538461539
2 0.2127403846153846 0.8401442307692307 0.11298076923076923 0.09375