2 0.3161057692307692 0.8100961538461539 0.09375 0.07451923076923077
2 0.8064903846153846 0.7896634615384616 0.0985576923076923 0.07211538461538461
2 0.6141826923076923 0.7908653846153846 0.09375 0.06971153846153846
0 0.15625 0.8052884615384616 0.07932692307692307 0.06490384615384616
2 0.47596153846153844 0.7848557692307693 0.10336538461538461 0.07451923076923077
2 0.3245192307692308 0.7007211538461539 0.0985576923076923 0.07451923076923077
2 0.46274038461538464 0.6862980769230769 0.10336538461538461 0.07932692307692307
2 0.7884615384615384 0.671875 0.10336538461538461 0.07211538461538461
0 0.15865384615384615 0.6862980769230769 0.0889423076923077 0.07451923076923077
2 0.6310096153846154 0.6622596153846154 0.10336538461538461 0.06971153846153846
2 0.46634615384615385 0.5649038461538461 0.09375 0.06971153846153846
2 0.3245192307692308 0.5661057692307693 0.0985576923076923 0.07451923076923077
0 0.15384615384615385 0.5600961538461539 0.09375 0.07451923076923077
2 0.6334134615384616 0.5432692307692307 0.11298076923076923 0.08173076923076923
2 0.8485576923076923 0.5360576923076923 0.10817307692307693 0.07692307692307693
2 0.31850961538461536 0.42908653846153844 0.0985576923076923 0.07932692307692307
2 0.5060096153846154 0.4098557692307692 0.0985576923076923 0.07932692307692307
0 0.1346153846153846 0.4206730769230769 0.0889423076923077 0.06971153846153846
2 0.6502403846153846 0.39663461538461536 0.10817307692307693 0.08653846153846154
2 0.8004807692307693 0.3894230769230769 0.10336538461538461 0.07932692307692307
2 0.3004807692307692 0.29086538461538464 0.09375 0.08413461538461539
2 0.6274038461538461 0.27163461538461536 0.10336538461538461 0.07932692307692307
2 0.8016826923076923 0.25961538461538464 0.11298076923076923 0.09134615384615384
2 0.49278846153846156 0.2692307692307692 0.10336538461538461 0.07932692307692307
0 0.13822115384615385 0.2644230769230769 0.09375 0.08413461538461539
2 0.7824519230769231 0.1622596153846154 0.11298076923076923 0.09134615384615384