2 0.671875 0.15144230769230768 0.11057692307692307 0.09134615384615384
2 0.13822115384615385 0.21995192307692307 0.11298076923076923 0.08653846153846154
2 0.3485576923076923 0.20192307692307693 0.10817307692307693 0.08413461538461539
0 0.8473557692307693 0.14182692307692307 0.09375 0.07932692307692307
2 0.5 0.19471153846153846 0.1201923076923077 0.09134615384615384
2 0.6742788461538461 0.27283653846153844 0.11298076923076923 0.09134615384615384
2 0.5240384615384616 0.29927884615384615 0.1201923076923077 0.09375
2 0.16947115384615385 0.3485576923076923 0.11778846153846154 0.08653846153846154
0 0.8545673076923077 0.27163461538461536 0.10576923076923077 0.09134615384615384
2 0.3425480769230769 0.3425480769230769 0.11778846153846154 0.08653846153846154
2 0.5324519230769231 0.4338942307692308 0.10817307692307693 0.08653846153846154
2 0.6875 0.4182692307692308 0.11298076923076923 0.09134615384615384
0 0.8737980769230769 0.40865384615384615 0.10817307692307693 0.09134615384615384
2 0.34975961538461536 0.4723557692307692 0.12980769230769232 0.10096153846153846
2 0.11778846153846154 0.5012019230769231 0.125 0.09375
2 0.7067307692307693 0.5661057692307693 0.11538461538461539 0.09375
2 0.5024038461538461 0.6069711538461539 0.11538461538461539 0.0985576923076923
0 0.9074519230769231 0.5600961538461539 0.10336538461538461 0.08653846153846154
2 0.34615384615384615 0.6346153846153846 0.125 0.10096153846153846
2 0.18269230769230768 0.65625 0.1201923076923077 0.0985576923076923
2 0.7391826923076923 0.7175480769230769 0.11057692307692307 0.10336538461538461
2 0.38341346153846156 0.7692307692307693 0.1201923076923077 0.0985576923076923
2 0.1935096153846154 0.7992788461538461 0.13221153846153846 0.10817307692307693
2 0.5300480769230769 0.7596153846153846 0.1201923076923077 0.0985576923076923
0 0.9182692307692307 0.7295673076923077 0.10817307692307693 0.10336538461538461
2 0.22355769230769232 0.9038461538461539 0.13221153846153846 0.11057692307692307