2 0.8954326923076923 0.7908653846153846 0.08653846153846154 0.11057692307692307
2 0.9206730769230769 0.23557692307692307 0.08173076923076923 0.11538461538461539
2 0.9038461538461539 0.453125 0.07932692307692307 0.11057692307692307
0 0.8725961538461539 0.9627403846153846 0.07692307692307693 0.07451923076923077
2 0.8822115384615384 0.6081730769230769 0.08653846153846154 0.1201923076923077
2 0.7716346153846154 0.7716346153846154 0.08653846153846154 0.11057692307692307
2 0.7704326923076923 0.6129807692307693 0.09134615384615384 0.1201923076923077
2 0.7848557692307693 0.2439903846153846 0.08173076923076923 0.11778846153846154
0 0.7379807692307693 0.9519230769230769 0.08653846153846154 0.09615384615384616
2 0.7608173076923077 0.4206730769230769 0.08173076923076923 0.11778846153846154
2 0.6322115384615384 0.5973557692307693 0.08173076923076923 0.11057692307692307
2 0.6213942307692307 0.7584134615384616 0.08653846153846154 0.11057692307692307
0 0.5985576923076923 0.9483173076923077 0.08653846153846154 0.10336538461538461
2 0.6262019230769231 0.40625 0.09375 0.12980769230769232
2 0.6394230769230769 0.16346153846153846 0.09134615384615384 0.125
2 0.46634615384615385 0.7512019230769231 0.09134615384615384 0.11538461538461539
2 0.46153846153846156 0.5360576923076923 0.09134615384615384 0.11538461538461539
0 0.4375 0.9519230769230769 0.08173076923076923 0.09615384615384616
2 0.46033653846153844 0.37259615384615385 0.0985576923076923 0.12259615384615384
2 0.46875 0.20192307692307693 0.09375 0.11778846153846154
2 0.3076923076923077 0.7572115384615384 0.0985576923076923 0.11057692307692307
2 0.31971153846153844 0.3858173076923077 0.09375 0.1201923076923077
2 0.32211538461538464 0.18870192307692307 0.10336538461538461 0.12980769230769232
2 0.30288461538461536 0.5372596153846154 0.09134615384615384 0.11778846153846154
0 0.2620192307692308 0.9362980769230769 0.0985576923076923 0.10817307692307693
2 0.21033653846153846 0.19951923076923078 0.10576923076923077 0.12980769230769232