2 0.33533653846153844 0.8329326923076923 0.10336538461538461 0.08653846153846154
2 0.8377403846153846 0.7776442307692307 0.10817307692307693 0.08173076923076923
2 0.6394230769230769 0.7920673076923077 0.10336538461538461 0.07692307692307693
0 0.16706730769230768 0.8401442307692307 0.0889423076923077 0.07211538461538461
2 0.4963942307692308 0.796875 0.11298076923076923 0.08653846153846154
2 0.3317307692307692 0.7199519230769231 0.10576923076923077 0.08653846153846154
2 0.47716346153846156 0.6959134615384616 0.11298076923076923 0.08653846153846154
2 0.8137019230769231 0.65625 0.11057692307692307 0.08173076923076923
0 0.16105769230769232 0.7175480769230769 0.0985576923076923 0.08653846153846154
2 0.6490384615384616 0.6586538461538461 0.11057692307692307 0.08173076923076923
2 0.4699519230769231 0.5685096153846154 0.10336538461538461 0.08173076923076923
2 0.3245192307692308 0.5817307692307693 0.10576923076923077 0.08653846153846154
0 0.1466346153846154 0.5877403846153846 0.0985576923076923 0.08653846153846154
2 0.6418269230769231 0.5360576923076923 0.1201923076923077 0.09375
2 0.8653846153846154 0.5120192307692307 0.11778846153846154 0.0889423076923077
2 0.3088942307692308 0.43990384615384615 0.10817307692307693 0.08653846153846154
2 0.5 0.4074519230769231 0.10817307692307693 0.09134615384615384
0 0.11778846153846154 0.44471153846153844 0.0985576923076923 0.08173076923076923
2 0.6478365384615384 0.38221153846153844 0.11538461538461539 0.09375
2 0.8028846153846154 0.3641826923076923 0.11057692307692307 0.09134615384615384
2 0.27884615384615385 0.2980769230769231 0.10576923076923077 0.09615384615384616
2 0.6177884615384616 0.25600961538461536 0.11298076923076923 0.09134615384615384
2 0.7956730769230769 0.22956730769230768 0.125 0.0985576923076923
2 0.47836538461538464 0.2620192307692308 0.11057692307692307 0.09134615384615384
0 0.11057692307692307 0.28365384615384615 0.10096153846153846 0.09615384615384616
2 0.7704326923076923 0.1310096153846154 0.12259615384615384 0.10336538461538461