2 0.7127403846153846 0.18509615384615385 0.0985576923076923 0.07932692307692307
2 0.1935096153846154 0.19591346153846154 0.10576923076923077 0.07451923076923077
2 0.39783653846153844 0.19591346153846154 0.0985576923076923 0.07211538461538461
0 0.8846153846153846 0.18870192307692307 0.08173076923076923 0.06971153846153846
2 0.5444711538461539 0.20793269230769232 0.11057692307692307 0.07932692307692307
2 0.7043269230769231 0.3004807692307692 0.10336538461538461 0.07932692307692307
2 0.5552884615384616 0.3125 0.11057692307692307 0.08173076923076923
2 0.2091346153846154 0.32211538461538464 0.10817307692307693 0.07451923076923077
0 0.8774038461538461 0.3173076923076923 0.09375 0.07932692307692307
2 0.37740384615384615 0.33533653846153844 0.10817307692307693 0.07451923076923077
2 0.5504807692307693 0.43990384615384615 0.0985576923076923 0.07451923076923077
2 0.7007211538461539 0.43990384615384615 0.10336538461538461 0.07932692307692307
0 0.8810096153846154 0.4495192307692308 0.0985576923076923 0.07932692307692307
2 0.3713942307692308 0.46153846153846156 0.11778846153846154 0.08413461538461539
2 0.14302884615384615 0.4651442307692308 0.11538461538461539 0.07932692307692307
2 0.7043269230769231 0.5877403846153846 0.10576923076923077 0.08173076923076923
2 0.5048076923076923 0.6033653846153846 0.10576923076923077 0.08413461538461539
0 0.8978365384615384 0.5985576923076923 0.09375 0.07451923076923077
2 0.35216346153846156 0.6141826923076923 0.11298076923076923 0.0889423076923077
2 0.19230769230769232 0.6201923076923077 0.10817307692307693 0.08413461538461539
2 0.7199519230769231 0.7355769230769231 0.0985576923076923 0.0889423076923077
2 0.3737980769230769 0.75 0.11057692307692307 0.08413461538461539
2 0.1875 0.7596153846153846 0.12259615384615384 0.09375
2 0.5168269230769231 0.7548076923076923 0.10817307692307693 0.08413461538461539
0 0.8930288461538461 0.765625 0.0985576923076923 0.0889423076923077
2 0.20552884615384615 0.8605769230769231 0.11778846153846154 0.09615384615384616