2 0.8557692307692307 0.3245192307692308 0.08653846153846154 0.10336538461538461
2 0.8004807692307693 0.8317307692307693 0.08173076923076923 0.10817307692307693
2 0.8149038461538461 0.6322115384615384 0.07692307692307693 0.10336538461538461
0 0.8629807692307693 0.15745192307692307 0.07451923076923077 0.0889423076923077
2 0.8197115384615384 0.4879807692307692 0.08653846153846154 0.11298076923076923
2 0.7415865384615384 0.3233173076923077 0.08653846153846154 0.10576923076923077
2 0.71875 0.4675480769230769 0.08653846153846154 0.11298076923076923
2 0.6778846153846154 0.8040865384615384 0.08173076923076923 0.11057692307692307
0 0.7391826923076923 0.15144230769230768 0.08653846153846154 0.0985576923076923
2 0.6814903846153846 0.6394230769230769 0.08173076923076923 0.11057692307692307
2 0.5901442307692307 0.46153846153846156 0.08173076923076923 0.10336538461538461
2 0.6033653846153846 0.3137019230769231 0.08653846153846154 0.10576923076923077
0 0.609375 0.13701923076923078 0.08653846153846154 0.10096153846153846
2 0.5576923076923077 0.6346153846153846 0.09375 0.12259615384615384
2 0.5336538461538461 0.8569711538461539 0.0889423076923077 0.11778846153846154
2 0.46153846153846156 0.2980769230769231 0.08653846153846154 0.10817307692307693
2 0.4266826923076923 0.49278846153846156 0.09134615384615384 0.10817307692307693
0 0.4651442307692308 0.10817307692307693 0.08173076923076923 0.0985576923076923
2 0.4026442307692308 0.640625 0.09375 0.11538461538461539
2 0.3858173076923077 0.7956730769230769 0.09134615384615384 0.11057692307692307
2 0.31850961538461536 0.2704326923076923 0.09615384615384616 0.10576923076923077
2 0.2764423076923077 0.6081730769230769 0.09134615384615384 0.11298076923076923
2 0.25 0.7896634615384616 0.10096153846153846 0.125
2 0.2824519230769231 0.46875 0.09134615384615384 0.11057692307692307
0 0.30408653846153844 0.09975961538461539 0.09615384615384616 0.10336538461538461
2 0.1502403846153846 0.7620192307692307 0.10336538461538461 0.125