2 0.7584134615384616 0.22596153846153846 0.11057692307692307 0.09375
2 0.21875 0.1622596153846154 0.11538461538461539 0.0889423076923077
2 0.43028846153846156 0.19230769230769232 0.10817307692307693 0.08413461538461539
0 0.9326923076923077 0.2548076923076923 0.09375 0.07932692307692307
2 0.5793269230769231 0.2247596153846154 0.12259615384615384 0.09375
2 0.7319711538461539 0.3449519230769231 0.11538461538461539 0.09375
2 0.5769230769230769 0.33533653846153844 0.12259615384615384 0.09375
2 0.21754807692307693 0.29447115384615385 0.1201923076923077 0.0889423076923077
0 0.9098557692307693 0.38822115384615385 0.10576923076923077 0.09375
2 0.3894230769230769 0.3329326923076923 0.1201923076923077 0.0889423076923077
2 0.5528846153846154 0.4651442307692308 0.11057692307692307 0.0889423076923077
2 0.7091346153846154 0.4879807692307692 0.11538461538461539 0.09375
0 0.8942307692307693 0.5240384615384616 0.11057692307692307 0.09375
2 0.36538461538461536 0.46153846153846156 0.12980769230769232 0.10096153846153846
2 0.12980769230769232 0.4326923076923077 0.12740384615384615 0.09615384615384616
2 0.6911057692307693 0.640625 0.11538461538461539 0.09375
2 0.48197115384615385 0.6274038461538461 0.11538461538461539 0.0985576923076923
0 0.8894230769230769 0.6814903846153846 0.10576923076923077 0.0889423076923077
2 0.32211538461538464 0.6177884615384616 0.125 0.10336538461538461
2 0.15625 0.6021634615384616 0.1201923076923077 0.0985576923076923
2 0.6850961538461539 0.796875 0.11057692307692307 0.10336538461538461
2 0.3233173076923077 0.7608173076923077 0.12259615384615384 0.0985576923076923
2 0.1310096153846154 0.7427884615384616 0.1346153846153846 0.10817307692307693
2 0.4723557692307692 0.7860576923076923 0.1201923076923077 0.0985576923076923
0 0.8581730769230769 0.8533653846153846 0.11057692307692307 0.10336538461538461
2 0.13581730769230768 0.8509615384615384 0.13221153846153846 0.11298076923076923