2 0.6766826923076923 0.18269230769230768 0.10817307692307693 0.0889423076923077
2 0.14543269230769232 0.24278846153846154 0.11298076923076923 0.08413461538461539
2 0.35336538461538464 0.22355769230769232 0.10817307692307693 0.08173076923076923
0 0.8509615384615384 0.17307692307692307 0.09134615384615384 0.07692307692307693
2 0.5060096153846154 0.22235576923076922 0.11778846153846154 0.09134615384615384
2 0.6778846153846154 0.30408653846153844 0.11057692307692307 0.0889423076923077
2 0.5264423076923077 0.328125 0.11778846153846154 0.09375
2 0.17307692307692307 0.3701923076923077 0.11538461538461539 0.08653846153846154
0 0.8581730769230769 0.30528846153846156 0.10336538461538461 0.0889423076923077
2 0.34615384615384615 0.36778846153846156 0.11538461538461539 0.08653846153846154
2 0.5336538461538461 0.45913461538461536 0.10817307692307693 0.08413461538461539
2 0.6875 0.44471153846153844 0.11057692307692307 0.0889423076923077
0 0.8725961538461539 0.4387019230769231 0.10336538461538461 0.0889423076923077
2 0.35216346153846156 0.49759615384615385 0.12740384615384615 0.09615384615384616
2 0.11899038461538461 0.5216346153846154 0.12259615384615384 0.09134615384615384
2 0.7043269230769231 0.5973557692307693 0.11298076923076923 0.09134615384615384
2 0.5 0.6310096153846154 0.11298076923076923 0.09375
0 0.9038461538461539 0.5901442307692307 0.10336538461538461 0.08413461538461539
2 0.3449519230769231 0.65625 0.125 0.0985576923076923
2 0.18269230769230768 0.6766826923076923 0.11538461538461539 0.09615384615384616
2 0.734375 0.7475961538461539 0.11057692307692307 0.10096153846153846
2 0.3798076923076923 0.7920673076923077 0.11778846153846154 0.09615384615384616
2 0.18990384615384615 0.8185096153846154 0.12980769230769232 0.10336538461538461
2 0.5264423076923077 0.7848557692307693 0.11538461538461539 0.09615384615384616
0 0.9122596153846154 0.7620192307692307 0.10576923076923077 0.10096153846153846
2 0.21754807692307693 0.9206730769230769 0.12980769230769232 0.10817307692307693