2 0.890625 0.7463942307692307 0.07451923076923077 0.10817307692307693
1 0.8930288461538461 0.9182692307692307 0.0673076923076923 0.11057692307692307
2 0.8653846153846154 0.40384615384615385 0.07932692307692307 0.12740384615384615
2 0.8581730769230769 0.18509615384615385 0.07932692307692307 0.11778846153846154
2 0.8617788461538461 0.5745192307692307 0.07451923076923077 0.125
2 0.7848557692307693 0.7692307692307693 0.07451923076923077 0.10576923076923077
1 0.7752403846153846 0.9519230769230769 0.07932692307692307 0.0889423076923077
2 0.765625 0.6021634615384616 0.07451923076923077 0.10336538461538461
2 0.7367788461538461 0.2091346153846154 0.08413461538461539 0.14182692307692307
2 0.7355769230769231 0.41225961538461536 0.08413461538461539 0.12740384615384615
1 0.6502403846153846 0.9795673076923077 0.07211538461538461 0.038461538461538464
2 0.6430288461538461 0.8112980769230769 0.08173076923076923 0.1201923076923077
2 0.6298076923076923 0.6394230769230769 0.08413461538461539 0.12259615384615384
2 0.5961538461538461 0.44471153846153844 0.09375 0.13221153846153846
2 0.578125 0.1622596153846154 0.09375 0.14423076923076922
2 0.4807692307692308 0.8617788461538461 0.09375 0.13221153846153846
2 0.4483173076923077 0.6346153846153846 0.09375 0.13221153846153846
2 0.421875 0.4387019230769231 0.10817307692307693 0.13701923076923078
2 0.3942307692307692 0.24158653846153846 0.10576923076923077 0.1466346153846154
2 0.3016826923076923 0.9375 0.10336538461538461 0.125
2 0.2536057692307692 0.6983173076923077 0.11057692307692307 0.13701923076923078
2 0.24278846153846154 0.5120192307692307 0.11298076923076923 0.14182692307692307
2 0.20793269230769232 0.2644230769230769 0.11778846153846154 0.15625
2 0.06129807692307692 0.30649038461538464 0.12259615384615384 0.16105769230769232