2 0.9675480769230769 0.3137019230769231 0.06490384615384616 0.11298076923076923
1 0.9783653846153846 0.14182692307692307 0.04326923076923077 0.1201923076923077
2 0.9158653846153846 0.6538461538461539 0.09134615384615384 0.1346153846153846
2 0.8858173076923077 0.8737980769230769 0.09134615384615384 0.12980769230769232
2 0.9290865384615384 0.484375 0.0889423076923077 0.13221153846153846
2 0.8737980769230769 0.2800480769230769 0.08413461538461539 0.11298076923076923
1 0.8822115384615384 0.09134615384615384 0.0889423076923077 0.10576923076923077
2 0.8365384615384616 0.44350961538461536 0.08413461538461539 0.10817307692307693
2 0.7668269230769231 0.8353365384615384 0.0985576923076923 0.15144230769230768
2 0.7848557692307693 0.6346153846153846 0.09615384615384616 0.1346153846153846
1 0.7608173076923077 0.05048076923076923 0.07692307692307693 0.052884615384615384
2 0.7355769230769231 0.22235576923076922 0.09375 0.12740384615384615
2 0.7043269230769231 0.3954326923076923 0.09615384615384616 0.12980769230769232
2 0.6502403846153846 0.5877403846153846 0.10817307692307693 0.14182692307692307
2 0.6009615384615384 0.8701923076923077 0.11057692307692307 0.15384615384615385
2 0.578125 0.15264423076923078 0.10576923076923077 0.14182692307692307
2 0.5204326923076923 0.3798076923076923 0.10817307692307693 0.14182692307692307
2 0.4735576923076923 0.5721153846153846 0.12259615384615384 0.14903846153846154
2 0.4266826923076923 0.765625 0.12259615384615384 0.15625
2 0.4074519230769231 0.0625 0.11778846153846154 0.125
2 0.3317307692307692 0.29447115384615385 0.12740384615384615 0.14903846153846154
2 0.3016826923076923 0.4795673076923077 0.12980769230769232 0.15144230769230768
2 0.23918269230769232 0.7259615384615384 0.13221153846153846 0.1658653846153846
2 0.09254807692307693 0.6646634615384616 0.15144230769230768 0.17548076923076922