2 0.11658653846153846 0.7115384615384616 0.07692307692307693 0.10576923076923077
1 0.09134615384615384 0.8641826923076923 0.07211538461538461 0.10817307692307693
2 0.18028846153846154 0.41346153846153844 0.08413461538461539 0.1201923076923077
2 0.21394230769230768 0.21754807692307693 0.08413461538461539 0.11538461538461539
2 0.16346153846153846 0.5612980769230769 0.08413461538461539 0.1201923076923077
2 0.20673076923076922 0.7439903846153846 0.07692307692307693 0.10336538461538461
1 0.19230769230769232 0.9122596153846154 0.07932692307692307 0.09615384615384616
2 0.2439903846153846 0.6021634615384616 0.07692307692307693 0.10096153846153846
2 0.31850961538461536 0.2548076923076923 0.09134615384615384 0.1346153846153846
2 0.2956730769230769 0.4338942307692308 0.0889423076923077 0.1201923076923077
1 0.29927884615384615 0.9543269230769231 0.0673076923076923 0.05048076923076923
2 0.328125 0.8004807692307693 0.0889423076923077 0.11538461538461539
2 0.3605769230769231 0.6478365384615384 0.0889423076923077 0.11538461538461539
2 0.41466346153846156 0.4795673076923077 0.0985576923076923 0.12740384615384615
2 0.46634615384615385 0.23076923076923078 0.10096153846153846 0.13942307692307693
2 0.4651442307692308 0.8665865384615384 0.0985576923076923 0.12740384615384615
2 0.5240384615384616 0.6670673076923077 0.0985576923076923 0.12740384615384615
2 0.5709134615384616 0.4987980769230769 0.11298076923076923 0.1346153846153846
2 0.6189903846153846 0.328125 0.11057692307692307 0.14182692307692307
2 0.6117788461538461 0.9471153846153846 0.10817307692307693 0.10576923076923077
2 0.6875 0.75 0.11298076923076923 0.1346153846153846
2 0.7199519230769231 0.5865384615384616 0.1201923076923077 0.13942307692307693
2 0.7824519230769231 0.36899038461538464 0.1201923076923077 0.15144230769230768
2 0.9122596153846154 0.42788461538461536 0.13701923076923078 0.16105769230769232