2 0.12379807692307693 0.9411057692307693 0.0889423076923077 0.11778846153846154
2 0.08413461538461539 0.5973557692307693 0.0985576923076923 0.13701923076923078
2 0.04927884615384615 0.38100961538461536 0.09615384615384616 0.12980769230769232
2 0.12139423076923077 0.765625 0.09134615384615384 0.13221153846153846
2 0.234375 0.9423076923076923 0.0889423076923077 0.11538461538461539
2 0.22115384615384615 0.7752403846153846 0.0889423076923077 0.11298076923076923
2 0.17427884615384615 0.38221153846153844 0.10576923076923077 0.15144230769230768
2 0.21394230769230768 0.5805288461538461 0.10336538461538461 0.13701923076923078
2 0.38100961538461536 0.9459134615384616 0.0985576923076923 0.10817307692307693
2 0.36177884615384615 0.7860576923076923 0.10096153846153846 0.13221153846153846
2 0.35697115384615385 0.5865384615384616 0.11298076923076923 0.14423076923076922
2 0.32091346153846156 0.30408653846153844 0.11538461538461539 0.15625
2 0.546875 0.9507211538461539 0.10336538461538461 0.0985576923076923
2 0.5408653846153846 0.7451923076923077 0.11298076923076923 0.14423076923076922
2 0.5288461538461539 0.546875 0.12740384615384615 0.15384615384615385
2 0.5168269230769231 0.3485576923076923 0.12740384615384615 0.16105769230769232
2 0.7439903846153846 0.7704326923076923 0.13221153846153846 0.15384615384615385
2 0.71875 0.5841346153846154 0.13221153846153846 0.15625
2 0.7067307692307693 0.33413461538461536 0.14182692307692307 0.17307692307692307
2 0.8653846153846154 0.3473557692307692 0.15625 0.18028846153846154