2 0.8112980769230769 0.18629807692307693 0.10576923076923077 0.07451923076923077
1 0.9615384615384616 0.19471153846153846 0.07692307692307693 0.0673076923076923
2 0.47716346153846156 0.1875 0.12740384615384615 0.08173076923076923
2 0.2620192307692308 0.1778846153846154 0.1201923076923077 0.07932692307692307
2 0.6394230769230769 0.203125 0.125 0.07932692307692307
2 0.8245192307692307 0.29086538461538464 0.10336538461538461 0.07451923076923077
1 0.9783653846153846 0.3125 0.04326923076923077 0.07692307692307693
2 0.6634615384615384 0.2980769230769231 0.10096153846153846 0.07451923076923077
2 0.2764423076923077 0.29927884615384615 0.14182692307692307 0.08653846153846154
2 0.4723557692307692 0.31490384615384615 0.12740384615384615 0.08653846153846154
2 0.8557692307692307 0.43149038461538464 0.1201923076923077 0.08173076923076923
2 0.6875 0.4326923076923077 0.1201923076923077 0.08413461538461539
2 0.49399038461538464 0.4519230769230769 0.13221153846153846 0.0985576923076923
2 0.21754807692307693 0.45072115384615385 0.14423076923076922 0.0985576923076923
2 0.8966346153846154 0.59375 0.13221153846153846 0.09615384615384616
2 0.6694711538461539 0.6105769230769231 0.13221153846153846 0.0985576923076923
2 0.4807692307692308 0.6225961538461539 0.13942307692307693 0.11057692307692307
2 0.28725961538461536 0.6358173076923077 0.14423076923076922 0.10817307692307693
2 0.9423076923076923 0.7728365384615384 0.09134615384615384 0.10336538461538461
2 0.7211538461538461 0.8040865384615384 0.13942307692307693 0.11298076923076923
2 0.5384615384615384 0.8016826923076923 0.13942307692307693 0.11778846153846154
2 0.29447115384615385 0.8185096153846154 0.15384615384615385 0.11778846153846154
2 0.3293269230769231 0.9483173076923077 0.16346153846153846 0.09375