2 0.27524038461538464 0.12259615384615384 0.10336538461538461 0.07451923076923077
1 0.12139423076923077 0.10096153846153846 0.10817307692307693 0.07211538461538461
2 0.5769230769230769 0.1814903846153846 0.1201923076923077 0.08173076923076923
2 0.7740384615384616 0.21153846153846154 0.11538461538461539 0.08173076923076923
2 0.4266826923076923 0.16706730769230768 0.11778846153846154 0.08173076923076923
2 0.24278846153846154 0.21394230769230768 0.0985576923076923 0.07451923076923077
1 0.078125 0.203125 0.09134615384615384 0.07692307692307693
2 0.38822115384615385 0.24879807692307693 0.0985576923076923 0.07451923076923077
2 0.7367788461538461 0.31850961538461536 0.1346153846153846 0.0889423076923077
2 0.5576923076923077 0.2980769230769231 0.12259615384615384 0.08653846153846154
1 0.038461538461538464 0.31009615384615385 0.04326923076923077 0.06971153846153846
2 0.18990384615384615 0.33653846153846156 0.11538461538461539 0.08653846153846154
2 0.3425480769230769 0.36658653846153844 0.11778846153846154 0.08653846153846154
2 0.5144230769230769 0.4182692307692308 0.12740384615384615 0.09615384615384616
2 0.7644230769230769 0.4651442307692308 0.13701923076923078 0.0985576923076923
2 0.125 0.47475961538461536 0.12740384615384615 0.09615384615384616
2 0.3269230769230769 0.5300480769230769 0.12740384615384615 0.09615384615384616
2 0.4963942307692308 0.5745192307692307 0.1346153846153846 0.11298076923076923
2 0.6694711538461539 0.6213942307692307 0.14182692307692307 0.10817307692307693
2 0.04927884615384615 0.625 0.0985576923076923 0.10576923076923077
2 0.24639423076923078 0.6971153846153846 0.1346153846153846 0.11538461538461539
2 0.41225961538461536 0.7271634615384616 0.13701923076923078 0.11778846153846154
2 0.6310096153846154 0.7848557692307693 0.14903846153846154 0.12259615384615384
2 0.5733173076923077 0.9158653846153846 0.15865384615384615 0.13701923076923078