2 0.18509615384615385 0.8088942307692307 0.07451923076923077 0.10336538461538461
1 0.1971153846153846 0.9567307692307693 0.0673076923076923 0.08653846153846154
2 0.18028846153846154 0.49278846153846156 0.07932692307692307 0.1201923076923077
2 0.16826923076923078 0.28846153846153844 0.07932692307692307 0.11538461538461539
2 0.19831730769230768 0.6466346153846154 0.07451923076923077 0.1201923076923077
2 0.2848557692307692 0.8209134615384616 0.07451923076923077 0.10096153846153846
1 0.3076923076923077 0.9735576923076923 0.07692307692307693 0.052884615384615384
2 0.28846153846153844 0.6682692307692307 0.07451923076923077 0.0985576923076923
2 0.28365384615384615 0.3004807692307692 0.08653846153846154 0.1346153846153846
2 0.3016826923076923 0.4855769230769231 0.08413461538461539 0.1201923076923077
1 0.42427884615384615 0.9927884615384616 0.06490384615384616 0.014423076923076924
2 0.41947115384615385 0.8485576923076923 0.07932692307692307 0.11298076923076923
2 0.4170673076923077 0.6875 0.08413461538461539 0.11538461538461539
2 0.43149038461538464 0.5048076923076923 0.09375 0.125
2 0.4266826923076923 0.24158653846153846 0.09615384615384616 0.1346153846153846
2 0.5745192307692307 0.8846153846153846 0.0889423076923077 0.125
2 0.5853365384615384 0.6682692307692307 0.09375 0.125
2 0.5949519230769231 0.4879807692307692 0.10817307692307693 0.13221153846153846
2 0.6033653846153846 0.30408653846153844 0.10576923076923077 0.14182692307692307
2 0.7451923076923077 0.9338942307692307 0.10096153846153846 0.10817307692307693
2 0.7704326923076923 0.7139423076923077 0.11057692307692307 0.13221153846153846
2 0.7644230769230769 0.5408653846153846 0.11298076923076923 0.13701923076923078
2 0.7776442307692307 0.3076923076923077 0.11538461538461539 0.14903846153846154
2 0.9206730769230769 0.33774038461538464 0.12980769230769232 0.15625