2 0.7740384615384616 0.11057692307692307 0.10817307692307693 0.07451923076923077
1 0.9375 0.1045673076923077 0.10096153846153846 0.06490384615384616
2 0.4375 0.14182692307692307 0.125 0.07932692307692307
2 0.22235576923076922 0.15144230769230768 0.11778846153846154 0.07932692307692307
2 0.6045673076923077 0.14182692307692307 0.12259615384615384 0.07692307692307693
2 0.7980769230769231 0.21394230769230768 0.10336538461538461 0.07211538461538461
1 0.9615384615384616 0.21995192307692307 0.06009615384615385 0.07692307692307693
2 0.6334134615384616 0.23557692307692307 0.10096153846153846 0.07211538461538461
2 0.24639423076923078 0.2704326923076923 0.13701923076923078 0.08653846153846154
2 0.44591346153846156 0.26802884615384615 0.125 0.08653846153846154
2 0.8413461538461539 0.35336538461538464 0.11778846153846154 0.08173076923076923
2 0.671875 0.36778846153846156 0.1201923076923077 0.08653846153846154
2 0.4807692307692308 0.4050480769230769 0.13221153846153846 0.09615384615384616
2 0.203125 0.42788461538461536 0.14182692307692307 0.09615384615384616
2 0.8942307692307693 0.5120192307692307 0.13221153846153846 0.09134615384615384
2 0.6694711538461539 0.546875 0.13221153846153846 0.09615384615384616
2 0.47836538461538464 0.5769230769230769 0.13942307692307693 0.11057692307692307
2 0.2860576923076923 0.6057692307692307 0.14423076923076922 0.10576923076923077
2 0.9543269230769231 0.6850961538461539 0.09134615384615384 0.10096153846153846
2 0.7355769230769231 0.7379807692307693 0.13942307692307693 0.11057692307692307
2 0.5528846153846154 0.7512019230769231 0.13942307692307693 0.11538461538461539
2 0.31009615384615385 0.7908653846153846 0.15865384615384615 0.11538461538461539
2 0.3557692307692308 0.9350961538461539 0.16346153846153846 0.12980769230769232