2 0.20432692307692307 0.8076923076923077 0.07932692307692307 0.10576923076923077
1 0.22596153846153846 0.9543269230769231 0.07692307692307693 0.09134615384615384
2 0.1778846153846154 0.4855769230769231 0.08653846153846154 0.125
2 0.15144230769230768 0.28365384615384615 0.08653846153846154 0.1201923076923077
2 0.20552884615384615 0.6418269230769231 0.08173076923076923 0.12259615384615384
2 0.30528846153846156 0.8112980769230769 0.07932692307692307 0.10576923076923077
1 0.3425480769230769 0.9663461538461539 0.08413461538461539 0.0673076923076923
2 0.2980769230769231 0.65625 0.07932692307692307 0.10336538461538461
2 0.26802884615384615 0.28725961538461536 0.09375 0.13942307692307693
2 0.2980769230769231 0.47475961538461536 0.09134615384615384 0.125
1 0.45913461538461536 0.9819711538461539 0.07211538461538461 0.036057692307692304
2 0.4423076923076923 0.8293269230769231 0.08653846153846154 0.1201923076923077
2 0.42908653846153844 0.6694711538461539 0.09134615384615384 0.1201923076923077
2 0.43149038461538464 0.484375 0.10336538461538461 0.13221153846153846
2 0.4074519230769231 0.21995192307692307 0.10336538461538461 0.14182692307692307
2 0.5997596153846154 0.8521634615384616 0.10096153846153846 0.12980769230769232
2 0.5961538461538461 0.6382211538461539 0.10336538461538461 0.13221153846153846
2 0.5913461538461539 0.4543269230769231 0.11538461538461539 0.13942307692307693
2 0.5877403846153846 0.26802884615384615 0.11298076923076923 0.1466346153846154
2 0.7764423076923077 0.9014423076923077 0.11057692307692307 0.13942307692307693
2 0.7848557692307693 0.6670673076923077 0.11778846153846154 0.13942307692307693
2 0.7668269230769231 0.49399038461538464 0.12259615384615384 0.14423076923076922
2 0.7644230769230769 0.2620192307692308 0.125 0.15865384615384615
2 0.9098557692307693 0.2800480769230769 0.13942307692307693 0.16346153846153846