2 0.20192307692307693 0.8473557692307693 0.10336538461538461 0.07451923076923077
1 0.04927884615384615 0.8353365384615384 0.0985576923076923 0.06971153846153846
2 0.5240384615384616 0.8521634615384616 0.1201923076923077 0.07932692307692307
2 0.7271634615384616 0.8641826923076923 0.11538461538461539 0.07932692307692307
2 0.36538461538461536 0.8353365384615384 0.1201923076923077 0.07451923076923077
2 0.18990384615384615 0.7487980769230769 0.10096153846153846 0.07451923076923077
1 0.03125 0.7235576923076923 0.0625 0.07692307692307693
2 0.3473557692307692 0.7439903846153846 0.0985576923076923 0.07451923076923077
2 0.7151442307692307 0.7487980769230769 0.1346153846153846 0.08653846153846154
2 0.5276442307692307 0.7307692307692307 0.1201923076923077 0.08413461538461539
1 0.01201923076923077 0.6045673076923077 0.02403846153846154 0.06971153846153846
2 0.16346153846153846 0.6129807692307693 0.11538461538461539 0.07932692307692307
2 0.3245192307692308 0.6153846153846154 0.11538461538461539 0.08413461538461539
2 0.5084134615384616 0.5997596153846154 0.125 0.09375
2 0.7716346153846154 0.6057692307692307 0.13701923076923078 0.09615384615384616
2 0.12980769230769232 0.4567307692307692 0.125 0.09134615384615384
2 0.34375 0.44591346153846156 0.125 0.09375
2 0.5276442307692307 0.4362980769230769 0.1346153846153846 0.10817307692307693
2 0.7127403846153846 0.42788461538461536 0.14182692307692307 0.10576923076923077
2 0.0733173076923077 0.2860576923076923 0.12259615384615384 0.10096153846153846
2 0.3016826923076923 0.25961538461538464 0.1346153846153846 0.11057692307692307
2 0.47475961538461536 0.265625 0.13701923076923078 0.11538461538461539
2 0.7067307692307693 0.2512019230769231 0.15144230769230768 0.11538461538461539
2 0.6790865384615384 0.10817307692307693 0.15625 0.12980769230769232