2 0.9278846153846154 0.7427884615384616 0.08413461538461539 0.10817307692307693
1 0.953125 0.8870192307692307 0.07451923076923077 0.08653846153846154
2 0.8533653846153846 0.43028846153846156 0.09134615384615384 0.125
2 0.8161057692307693 0.22956730769230768 0.09134615384615384 0.12259615384615384
2 0.875 0.5877403846153846 0.08653846153846154 0.125
2 0.8329326923076923 0.7800480769230769 0.08413461538461539 0.10576923076923077
1 0.8461538461538461 0.9266826923076923 0.07692307692307693 0.05048076923076923
2 0.7908653846153846 0.6286057692307693 0.08173076923076923 0.10336538461538461
2 0.7067307692307693 0.2692307692307692 0.0985576923076923 0.14182692307692307
2 0.734375 0.4567307692307692 0.09615384615384616 0.12740384615384615
2 0.7067307692307693 0.8377403846153846 0.09134615384615384 0.12259615384615384
2 0.6706730769230769 0.6814903846153846 0.09615384615384616 0.12259615384615384
2 0.6117788461538461 0.5060096153846154 0.10576923076923077 0.13221153846153846
2 0.5528846153846154 0.24879807692307693 0.10817307692307693 0.14423076923076922
2 0.5661057692307693 0.9086538461538461 0.10336538461538461 0.13221153846153846
2 0.5024038461538461 0.703125 0.10576923076923077 0.13221153846153846
2 0.4495192307692308 0.5276442307692307 0.1201923076923077 0.14182692307692307
2 0.39663461538461536 0.34975961538461536 0.11778846153846154 0.14903846153846154
2 0.40865384615384615 0.96875 0.10576923076923077 0.0625
2 0.3329326923076923 0.7896634615384616 0.12259615384615384 0.14182692307692307
2 0.2956730769230769 0.6201923076923077 0.12740384615384615 0.1466346153846154
2 0.22716346153846154 0.39663461538461536 0.12980769230769232 0.16105769230769232
2 0.09375 0.45913461538461536 0.14423076923076922 0.16826923076923078