2 0.8737980769230769 0.17307692307692307 0.07211538461538461 0.10336538461538461
1 0.8653846153846154 0.03245192307692308 0.0673076923076923 0.06490384615384616
2 0.8737980769230769 0.5048076923076923 0.07932692307692307 0.125
2 0.8822115384615384 0.7139423076923077 0.07692307692307693 0.11538461538461539
2 0.8581730769230769 0.34134615384615385 0.07692307692307693 0.1201923076923077
2 0.7704326923076923 0.15985576923076922 0.07211538461538461 0.10096153846153846
1 0.7524038461538461 0.015625 0.07692307692307693 0.03125
2 0.7644230769230769 0.31971153846153844 0.07211538461538461 0.0985576923076923
2 0.7632211538461539 0.6995192307692307 0.08413461538461539 0.13701923076923078
2 0.7487980769230769 0.5048076923076923 0.08413461538461539 0.125
2 0.6334134615384616 0.12980769230769232 0.08173076923076923 0.11538461538461539
2 0.6322115384615384 0.29447115384615385 0.08173076923076923 0.1201923076923077
2 0.6129807692307693 0.4831730769230769 0.09615384615384616 0.12980769230769232
2 0.6141826923076923 0.7548076923076923 0.09615384615384616 0.13942307692307693
2 0.47475961538461536 0.09254807692307693 0.09375 0.12980769230769232
2 0.45913461538461536 0.3125 0.09615384615384616 0.12980769230769232
2 0.44711538461538464 0.5 0.10817307692307693 0.1346153846153846
2 0.4338942307692308 0.6899038461538461 0.10576923076923077 0.14423076923076922
2 0.3004807692307692 0.05048076923076923 0.10096153846153846 0.08653846153846154
2 0.26802884615384615 0.2644230769230769 0.11298076923076923 0.1346153846153846
2 0.27163461538461536 0.44350961538461536 0.11298076923076923 0.13701923076923078
2 0.2548076923076923 0.6814903846153846 0.11778846153846154 0.15384615384615385
2 0.10576923076923077 0.6490384615384616 0.13221153846153846 0.16105769230769232