2 0.15264423076923078 0.2247596153846154 0.0625 0.09615384615384616
1 0.15264423076923078 0.07211538461538461 0.057692307692307696 0.10096153846153846
2 0.16947115384615385 0.53125 0.0673076923076923 0.11057692307692307
2 0.171875 0.7271634615384616 0.0673076923076923 0.10576923076923077
2 0.17548076923076922 0.3798076923076923 0.0673076923076923 0.11057692307692307
2 0.24759615384615385 0.20673076923076922 0.0625 0.09134615384615384
1 0.25841346153846156 0.042067307692307696 0.06971153846153846 0.08413461538461539
2 0.2620192307692308 0.3557692307692308 0.0625 0.09134615384615384
2 0.28125 0.7079326923076923 0.07211538461538461 0.125
2 0.2860576923076923 0.5264423076923077 0.07211538461538461 0.11057692307692307
1 0.3713942307692308 0.018028846153846152 0.0625 0.036057692307692304
2 0.375 0.17067307692307693 0.07211538461538461 0.10576923076923077
2 0.38341346153846156 0.32572115384615385 0.07211538461538461 0.10576923076923077
2 0.4098557692307692 0.5 0.08173076923076923 0.11538461538461539
2 0.421875 0.7524038461538461 0.08173076923076923 0.125
2 0.5204326923076923 0.12860576923076922 0.08173076923076923 0.11538461538461539
2 0.5456730769230769 0.3329326923076923 0.08173076923076923 0.11538461538461539
2 0.5673076923076923 0.5072115384615384 0.09615384615384616 0.1201923076923077
2 0.5877403846153846 0.6826923076923077 0.09134615384615384 0.12980769230769232
2 0.6790865384615384 0.06009615384615385 0.0889423076923077 0.1201923076923077
2 0.7211538461538461 0.27884615384615385 0.09615384615384616 0.1201923076923077
2 0.7271634615384616 0.44591346153846156 0.10096153846153846 0.125
2 0.7548076923076923 0.6658653846153846 0.10096153846153846 0.13942307692307693
2 0.890625 0.6298076923076923 0.11538461538461539 0.14182692307692307