2 0.7548076923076923 0.09735576923076923 0.10576923076923077 0.07932692307692307
1 0.90625 0.078125 0.0985576923076923 0.06971153846153846
2 0.43990384615384615 0.15384615384615385 0.12259615384615384 0.08653846153846154
2 0.23798076923076922 0.1814903846153846 0.11538461538461539 0.08413461538461539
2 0.5973557692307693 0.140625 0.12259615384615384 0.08173076923076923
2 0.7860576923076923 0.19230769230769232 0.10336538461538461 0.07932692307692307
1 0.9399038461538461 0.18629807692307693 0.057692307692307696 0.07692307692307693
2 0.6334134615384616 0.22716346153846154 0.10096153846153846 0.07932692307692307
2 0.27163461538461536 0.2920673076923077 0.13701923076923078 0.09134615384615384
2 0.45913461538461536 0.27403846153846156 0.125 0.09134615384615384
2 0.8377403846153846 0.31971153846153844 0.11538461538461539 0.08413461538461539
2 0.6802884615384616 0.3485576923076923 0.1201923076923077 0.0889423076923077
2 0.5036057692307693 0.39783653846153844 0.12980769230769232 0.10096153846153846
2 0.2439903846153846 0.4423076923076923 0.13942307692307693 0.10096153846153846
2 0.9002403846153846 0.4651442307692308 0.12980769230769232 0.09615384615384616
2 0.6935096153846154 0.5168269230769231 0.12980769230769232 0.10096153846153846
2 0.5144230769230769 0.5600961538461539 0.13701923076923078 0.11298076923076923
2 0.33533653846153844 0.6033653846153846 0.14423076923076922 0.11298076923076923
2 0.9615384615384616 0.6237980769230769 0.07692307692307693 0.10336538461538461
2 0.7704326923076923 0.6911057692307693 0.13701923076923078 0.11538461538461539
2 0.5997596153846154 0.7175480769230769 0.14182692307692307 0.11778846153846154
2 0.375 0.7740384615384616 0.15625 0.12259615384615384
2 0.42908653846153844 0.9110576923076923 0.16346153846153846 0.13701923076923078