2 0.12620192307692307 0.7415865384615384 0.07211538461538461 0.10096153846153846
1 0.11057692307692307 0.8942307692307693 0.0673076923076923 0.10576923076923077
2 0.17548076923076922 0.4362980769230769 0.07932692307692307 0.11778846153846154
2 0.19831730769230768 0.24158653846153846 0.07692307692307693 0.11298076923076923
2 0.1658653846153846 0.5877403846153846 0.07932692307692307 0.11778846153846154
2 0.21875 0.7704326923076923 0.07211538461538461 0.10096153846153846
1 0.2127403846153846 0.9326923076923077 0.07451923076923077 0.08653846153846154
2 0.24879807692307693 0.6225961538461539 0.07211538461538461 0.0985576923076923
2 0.30528846153846156 0.27283653846153844 0.08413461538461539 0.13221153846153846
2 0.29086538461538464 0.4543269230769231 0.08413461538461539 0.11778846153846154
1 0.32211538461538464 0.96875 0.06490384615384616 0.038461538461538464
2 0.34375 0.8185096153846154 0.08173076923076923 0.11298076923076923
2 0.36778846153846156 0.6646634615384616 0.08173076923076923 0.11298076923076923
2 0.41225961538461536 0.49278846153846156 0.09375 0.12259615384615384
2 0.45072115384615385 0.24278846153846154 0.09375 0.1346153846153846
2 0.4831730769230769 0.8762019230769231 0.09375 0.12259615384615384
2 0.53125 0.6754807692307693 0.09375 0.12259615384615384
2 0.5697115384615384 0.5024038461538461 0.10817307692307693 0.12980769230769232
2 0.6081730769230769 0.3293269230769231 0.10336538461538461 0.13942307692307693
2 0.6358173076923077 0.9483173076923077 0.10336538461538461 0.10336538461538461
2 0.6995192307692307 0.7475961538461539 0.10817307692307693 0.12980769230769232
2 0.7235576923076923 0.5817307692307693 0.11298076923076923 0.1346153846153846
2 0.7740384615384616 0.3629807692307692 0.11538461538461539 0.14903846153846154
2 0.90625 0.41346153846153844 0.12980769230769232 0.15625