2 0.9038461538461539 0.3954326923076923 0.0889423076923077 0.10096153846153846
2 0.8425480769230769 0.5444711538461539 0.07932692307692307 0.06971153846153846
2 0.8185096153846154 0.640625 0.07932692307692307 0.06490384615384616
2 0.796875 0.7247596153846154 0.07211538461538461 0.06009615384615385
2 0.8149038461538461 0.24519230769230768 0.0889423076923077 0.10576923076923077
2 0.7908653846153846 0.3858173076923077 0.08653846153846154 0.09615384615384616
2 0.7415865384615384 0.5228365384615384 0.07451923076923077 0.06971153846153846
2 0.7199519230769231 0.6105769230769231 0.06490384615384616 0.06009615384615385
2 0.6899038461538461 0.703125 0.06009615384615385 0.06009615384615385
2 0.7151442307692307 0.22596153846153846 0.0889423076923077 0.10576923076923077
2 0.6935096153846154 0.38341346153846156 0.08173076923076923 0.0889423076923077
2 0.6382211538461539 0.5120192307692307 0.06490384615384616 0.06971153846153846
2 0.6189903846153846 0.6105769230769231 0.06490384615384616 0.06490384615384616
2 0.6105769230769231 0.6766826923076923 0.06490384615384616 0.06009615384615385
2 0.5877403846153846 0.23076923076923078 0.0889423076923077 0.11057692307692307
2 0.5384615384615384 0.6009615384615384 0.06490384615384616 0.06490384615384616
2 0.5504807692307693 0.4951923076923077 0.07451923076923077 0.06971153846153846
2 0.5252403846153846 0.6778846153846154 0.06490384615384616 0.06490384615384616
2 0.5576923076923077 0.3786057692307692 0.07211538461538461 0.07692307692307693
1 0.42908653846153844 0.6706730769230769 0.06490384615384616 0.06490384615384616
1 0.43149038461538464 0.5901442307692307 0.06490384615384616 0.06490384615384616
1 0.4567307692307692 0.36538461538461536 0.08173076923076923 0.09375
1 0.4326923076923077 0.4807692307692308 0.07451923076923077 0.07932692307692307
1 0.46274038461538464 0.17548076923076922 0.09375 0.11298076923076923
1 0.3401442307692308 0.6550480769230769 0.06490384615384616 0.06490384615384616
1 0.3473557692307692 0.5841346153846154 0.06490384615384616 0.06009615384615385
1 0.35216346153846156 0.47836538461538464 0.07451923076923077 0.07692307692307693
1 0.34375 0.33052884615384615 0.08173076923076923 0.0889423076923077
1 0.3449519230769231 0.171875 0.0889423076923077 0.10576923076923077
1 0.2764423076923077 0.5685096153846154 0.06490384615384616 0.06971153846153846
1 0.265625 0.4483173076923077 0.07451923076923077 0.07451923076923077
1 0.23918269230769232 0.31971153846153844 0.08653846153846154 0.09134615384615384
1 0.23918269230769232 0.17668269230769232 0.09134615384615384 0.10576923076923077
1 0.1310096153846154 0.1622596153846154 0.0889423076923077 0.10576923076923077
2 0.9459134615384616 0.2536057692307692 0.09375 0.10576923076923077