2 0.890625 0.4423076923076923 0.09615384615384616 0.10817307692307693
2 0.8221153846153846 0.5949519230769231 0.08653846153846154 0.07692307692307693
2 0.7932692307692307 0.6935096153846154 0.08413461538461539 0.06971153846153846
2 0.7680288461538461 0.78125 0.07692307692307693 0.0673076923076923
2 0.8040865384615384 0.28125 0.09615384615384616 0.11298076923076923
2 0.7752403846153846 0.4266826923076923 0.09615384615384616 0.10336538461538461
2 0.7175480769230769 0.5673076923076923 0.07932692307692307 0.07451923076923077
2 0.6923076923076923 0.6586538461538461 0.06490384615384616 0.06009615384615385
2 0.65625 0.7548076923076923 0.06490384615384616 0.06490384615384616
2 0.7019230769230769 0.25841346153846156 0.09615384615384616 0.11298076923076923
2 0.6730769230769231 0.421875 0.0889423076923077 0.0985576923076923
2 0.609375 0.5528846153846154 0.07211538461538461 0.07451923076923077
2 0.5877403846153846 0.6550480769230769 0.06490384615384616 0.06490384615384616
2 0.5769230769230769 0.7235576923076923 0.06490384615384616 0.06009615384615385
2 0.5685096153846154 0.25841346153846156 0.09615384615384616 0.11778846153846154
2 0.5036057692307693 0.6418269230769231 0.06971153846153846 0.0673076923076923
2 0.5192307692307693 0.5336538461538461 0.07932692307692307 0.07451923076923077
2 0.48677884615384615 0.7211538461538461 0.06490384615384616 0.06490384615384616
2 0.5324519230769231 0.4110576923076923 0.07692307692307693 0.08173076923076923
1 0.3870192307692308 0.7115384615384616 0.06490384615384616 0.06490384615384616
1 0.3918269230769231 0.6274038461538461 0.06490384615384616 0.06490384615384616
1 0.4266826923076923 0.39302884615384615 0.09134615384615384 0.10336538461538461
1 0.39663461538461536 0.5144230769230769 0.08173076923076923 0.08653846153846154
1 0.43990384615384615 0.19591346153846154 0.10096153846153846 0.11778846153846154
1 0.2956730769230769 0.6899038461538461 0.06490384615384616 0.06490384615384616
1 0.30528846153846156 0.6177884615384616 0.06490384615384616 0.06490384615384616
1 0.3137019230769231 0.5072115384615384 0.07932692307692307 0.08173076923076923
1 0.3112980769230769 0.35336538461538464 0.0889423076923077 0.0985576923076923
1 0.31850961538461536 0.1875 0.09615384615384616 0.11298076923076923
1 0.23076923076923078 0.5985576923076923 0.0673076923076923 0.07211538461538461
1 0.2247596153846154 0.4723557692307692 0.07932692307692307 0.07932692307692307
1 0.20192307692307693 0.3389423076923077 0.09375 0.0985576923076923
1 0.20793269230769232 0.18870192307692307 0.09615384615384616 0.11298076923076923
1 0.09495192307692307 0.17067307692307693 0.09615384615384616 0.11298076923076923
2 0.9399038461538461 0.29447115384615385 0.10096153846153846 0.11298076923076923