2 0.3161057692307692 0.10576923076923077 0.09615384615384616 0.08173076923076923
2 0.46875 0.13942307692307693 0.06490384615384616 0.07451923076923077
2 0.5649038461538461 0.1466346153846154 0.06009615384615385 0.07451923076923077
2 0.6490384615384616 0.15264423076923078 0.055288461538461536 0.0673076923076923
2 0.18509615384615385 0.21634615384615385 0.10096153846153846 0.08173076923076923
2 0.3233173076923077 0.21394230769230768 0.09134615384615384 0.08173076923076923
2 0.4639423076923077 0.2403846153846154 0.0625 0.0673076923076923
2 0.5516826923076923 0.24519230769230768 0.052884615384615384 0.057692307692307696
2 0.6478365384615384 0.25961538461538464 0.055288461538461536 0.055288461538461536
2 0.18509615384615385 0.3161057692307692 0.09615384615384616 0.08173076923076923
2 0.3401442307692308 0.31009615384615385 0.08653846153846154 0.07692307692307693
2 0.47115384615384615 0.34134615384615385 0.0625 0.06009615384615385
2 0.5697115384615384 0.3425480769230769 0.057692307692307696 0.057692307692307696
2 0.6346153846153846 0.3389423076923077 0.052884615384615384 0.057692307692307696
2 0.21153846153846154 0.4362980769230769 0.10336538461538461 0.08173076923076923
2 0.5745192307692307 0.421875 0.057692307692307696 0.06009615384615385
2 0.47115384615384615 0.42788461538461536 0.0625 0.0673076923076923
2 0.6502403846153846 0.4206730769230769 0.057692307692307696 0.057692307692307696
2 0.35697115384615385 0.4411057692307692 0.06971153846153846 0.06490384615384616
1 0.6598557692307693 0.5144230769230769 0.057692307692307696 0.057692307692307696
1 0.5817307692307693 0.5252403846153846 0.057692307692307696 0.057692307692307696
1 0.36177884615384615 0.5396634615384616 0.09134615384615384 0.07692307692307693
1 0.47716346153846156 0.5444711538461539 0.07451923076923077 0.06971153846153846
1 0.17908653846153846 0.5673076923076923 0.10576923076923077 0.08653846153846154
1 0.6598557692307693 0.6021634615384616 0.057692307692307696 0.057692307692307696
1 0.5901442307692307 0.6081730769230769 0.055288461538461536 0.057692307692307696
1 0.48677884615384615 0.6213942307692307 0.06971153846153846 0.0673076923076923
1 0.3473557692307692 0.6538461538461539 0.08653846153846154 0.07692307692307693
1 0.19471153846153846 0.6790865384615384 0.10096153846153846 0.08173076923076923
1 0.5877403846153846 0.6790865384615384 0.0625 0.057692307692307696
1 0.4735576923076923 0.7103365384615384 0.0673076923076923 0.0673076923076923
1 0.3545673076923077 0.7572115384615384 0.08653846153846154 0.08173076923076923
1 0.21634615384615385 0.78125 0.09615384615384616 0.08173076923076923
1 0.22235576923076922 0.8870192307692307 0.09615384615384616 0.08173076923076923
2 0.171875 0.09014423076923077 0.10096153846153846 0.08653846153846154