2 0.3473557692307692 0.9423076923076923 0.10336538461538461 0.09134615384615384
2 0.5 0.8834134615384616 0.06971153846153846 0.08173076923076923
2 0.5997596153846154 0.859375 0.06490384615384616 0.07932692307692307
2 0.6850961538461539 0.8389423076923077 0.0625 0.07211538461538461
2 0.1935096153846154 0.8485576923076923 0.10817307692307693 0.0889423076923077
2 0.33774038461538464 0.8293269230769231 0.0985576923076923 0.0889423076923077
2 0.47836538461538464 0.7788461538461539 0.07211538461538461 0.07451923076923077
2 0.5697115384615384 0.7584134615384616 0.057692307692307696 0.0625
2 0.6670673076923077 0.7295673076923077 0.06009615384615385 0.06009615384615385
2 0.17668269230769232 0.7463942307692307 0.10576923076923077 0.0889423076923077
2 0.33774038461538464 0.7271634615384616 0.09134615384615384 0.08173076923076923
2 0.4699519230769231 0.671875 0.06971153846153846 0.06971153846153846
2 0.5721153846153846 0.6538461538461539 0.0625 0.0625
2 0.6394230769230769 0.6466346153846154 0.057692307692307696 0.0625
2 0.18389423076923078 0.6153846153846154 0.11057692307692307 0.0889423076923077
2 0.5637019230769231 0.5721153846153846 0.06490384615384616 0.0673076923076923
2 0.45552884615384615 0.5817307692307693 0.06971153846153846 0.07451923076923077
2 0.6418269230769231 0.5600961538461539 0.0625 0.0625
2 0.33533653846153844 0.5877403846153846 0.07932692307692307 0.07451923076923077
1 0.6370192307692307 0.46153846153846156 0.0625 0.0625
1 0.5540865384615384 0.46274038461538464 0.0625 0.0625
1 0.3233173076923077 0.4831730769230769 0.0985576923076923 0.08413461538461539
1 0.4423076923076923 0.46153846153846156 0.08173076923076923 0.07451923076923077
1 0.12860576923076922 0.4855769230769231 0.11298076923076923 0.09375
1 0.6213942307692307 0.3701923076923077 0.0625 0.0625
1 0.5492788461538461 0.375 0.06009615384615385 0.0625
1 0.43990384615384615 0.3786057692307692 0.07932692307692307 0.07451923076923077
1 0.28966346153846156 0.36778846153846156 0.09134615384615384 0.08173076923076923
1 0.12740384615384615 0.36658653846153844 0.10817307692307693 0.0889423076923077
1 0.5348557692307693 0.3016826923076923 0.0673076923076923 0.06490384615384616
1 0.4110576923076923 0.28846153846153844 0.07451923076923077 0.07451923076923077
1 0.2800480769230769 0.25961538461538464 0.09134615384615384 0.08653846153846154
1 0.13221153846153846 0.25841346153846156 0.10336538461538461 0.09134615384615384
1 0.1201923076923077 0.14543269230769232 0.10576923076923077 0.0889423076923077
2 0.19831730769230768 0.9675480769230769 0.10817307692307693 0.06490384615384616