2 0.8978365384615384 0.6117788461538461 0.08653846153846154 0.09615384615384616
2 0.8413461538461539 0.46875 0.07211538461538461 0.06490384615384616
2 0.8197115384615384 0.37740384615384615 0.07211538461538461 0.06009615384615385
2 0.8004807692307693 0.296875 0.0673076923076923 0.06009615384615385
2 0.8100961538461539 0.7548076923076923 0.08173076923076923 0.10096153846153846
2 0.7908653846153846 0.6201923076923077 0.07932692307692307 0.09134615384615384
2 0.7439903846153846 0.4891826923076923 0.0673076923076923 0.06490384615384616
2 0.7259615384615384 0.4050480769230769 0.057692307692307696 0.052884615384615384
2 0.6971153846153846 0.31490384615384615 0.057692307692307696 0.057692307692307696
2 0.7151442307692307 0.7716346153846154 0.08173076923076923 0.0985576923076923
2 0.6959134615384616 0.6201923076923077 0.07451923076923077 0.08653846153846154
2 0.6442307692307693 0.4963942307692308 0.0625 0.0625
2 0.6286057692307693 0.4014423076923077 0.057692307692307696 0.057692307692307696
2 0.6225961538461539 0.3389423076923077 0.057692307692307696 0.052884615384615384
2 0.5925480769230769 0.7632211538461539 0.08653846153846154 0.10336538461538461
2 0.5504807692307693 0.4098557692307692 0.0625 0.057692307692307696
2 0.5600961538461539 0.5108173076923077 0.0673076923076923 0.06490384615384616
2 0.5396634615384616 0.33774038461538464 0.057692307692307696 0.057692307692307696
2 0.5661057692307693 0.6237980769230769 0.06971153846153846 0.07451923076923077
1 0.4483173076923077 0.3425480769230769 0.057692307692307696 0.057692307692307696
1 0.4495192307692308 0.4182692307692308 0.057692307692307696 0.057692307692307696
1 0.4699519230769231 0.6346153846153846 0.07692307692307693 0.09134615384615384
1 0.4483173076923077 0.5228365384615384 0.06971153846153846 0.07451923076923077
1 0.47115384615384615 0.8149038461538461 0.0889423076923077 0.10576923076923077
1 0.3641826923076923 0.3545673076923077 0.057692307692307696 0.0625
1 0.36899038461538464 0.4230769230769231 0.057692307692307696 0.057692307692307696
1 0.3713942307692308 0.5240384615384616 0.06971153846153846 0.07451923076923077
1 0.36177884615384615 0.6658653846153846 0.07451923076923077 0.08653846153846154
1 0.3605769230769231 0.8173076923076923 0.08173076923076923 0.10096153846153846
1 0.3004807692307692 0.4362980769230769 0.057692307692307696 0.0625
1 0.28846153846153844 0.5528846153846154 0.06971153846153846 0.06971153846153846
1 0.2608173076923077 0.6742788461538461 0.07932692307692307 0.08653846153846154
1 0.25961538461538464 0.8112980769230769 0.08653846153846154 0.0985576923076923
1 0.15264423076923078 0.8233173076923077 0.08653846153846154 0.0985576923076923
2 0.9350961538461539 0.7487980769230769 0.0889423076923077 0.10096153846153846