2 0.38221153846153844 0.8834134615384616 0.09375 0.08173076923076923
2 0.5348557692307693 0.8341346153846154 0.06490384615384616 0.07451923076923077
2 0.6310096153846154 0.8185096153846154 0.057692307692307696 0.07451923076923077
2 0.7175480769230769 0.8052884615384616 0.055288461538461536 0.06971153846153846
2 0.2403846153846154 0.78125 0.0985576923076923 0.07932692307692307
2 0.38100961538461536 0.7716346153846154 0.09134615384615384 0.07932692307692307
2 0.5216346153846154 0.7319711538461539 0.06490384615384616 0.06971153846153846
2 0.609375 0.7199519230769231 0.055288461538461536 0.06009615384615385
2 0.7055288461538461 0.6971153846153846 0.055288461538461536 0.055288461538461536
2 0.23076923076923078 0.6814903846153846 0.0985576923076923 0.07932692307692307
2 0.38822115384615385 0.6730769230769231 0.08413461538461539 0.07451923076923077
2 0.5204326923076923 0.6286057692307693 0.06490384615384616 0.06009615384615385
2 0.6201923076923077 0.6189903846153846 0.06009615384615385 0.06009615384615385
2 0.6850961538461539 0.6165865384615384 0.055288461538461536 0.06009615384615385
2 0.24639423076923078 0.5540865384615384 0.10336538461538461 0.07932692307692307
2 0.6165865384615384 0.5384615384615384 0.06009615384615385 0.06009615384615385
2 0.5120192307692307 0.5408653846153846 0.06490384615384616 0.06971153846153846
2 0.6935096153846154 0.53125 0.06009615384615385 0.06009615384615385
2 0.3942307692307692 0.5384615384615384 0.07211538461538461 0.06490384615384616
1 0.6947115384615384 0.4362980769230769 0.06009615384615385 0.06009615384615385
1 0.6153846153846154 0.4326923076923077 0.06009615384615385 0.06009615384615385
1 0.3894230769230769 0.4375 0.0889423076923077 0.07451923076923077
1 0.5084134615384616 0.4230769230769231 0.07451923076923077 0.06971153846153846
1 0.203125 0.4266826923076923 0.10336538461538461 0.08413461538461539
1 0.6875 0.34615384615384615 0.06009615384615385 0.06009615384615385
1 0.6165865384615384 0.3473557692307692 0.055288461538461536 0.06009615384615385
1 0.5108173076923077 0.34375 0.07211538461538461 0.06971153846153846
1 0.36538461538461536 0.3233173076923077 0.08413461538461539 0.07451923076923077
1 0.20793269230769232 0.31009615384615385 0.0985576923076923 0.07932692307692307
1 0.6081730769230769 0.2764423076923077 0.06490384615384616 0.06009615384615385
1 0.4891826923076923 0.2536057692307692 0.06971153846153846 0.06971153846153846
1 0.3641826923076923 0.21754807692307693 0.08413461538461539 0.07932692307692307
1 0.22115384615384615 0.20552884615384615 0.0985576923076923 0.08173076923076923
1 0.21754807692307693 0.09735576923076923 0.0985576923076923 0.07932692307692307
2 0.23798076923076922 0.9122596153846154 0.10096153846153846 0.08413461538461539