2 0.15504807692307693 0.32572115384615385 0.09375 0.10336538461538461
2 0.17548076923076922 0.4855769230769231 0.07932692307692307 0.07211538461538461
2 0.17427884615384615 0.5853365384615384 0.07932692307692307 0.0673076923076923
2 0.17307692307692307 0.6742788461538461 0.07451923076923077 0.06490384615384616
2 0.2824519230769231 0.20072115384615385 0.0889423076923077 0.10817307692307693
2 0.2668269230769231 0.34375 0.0889423076923077 0.0985576923076923
2 0.2800480769230769 0.49038461538461536 0.07451923076923077 0.07211538461538461
2 0.27884615384615385 0.5817307692307693 0.06490384615384616 0.06009615384615385
2 0.28365384615384615 0.6802884615384616 0.0625 0.0625
2 0.38341346153846156 0.2091346153846154 0.0889423076923077 0.10576923076923077
2 0.3629807692307692 0.36778846153846156 0.08173076923076923 0.09134615384615384
2 0.38461538461538464 0.5084134615384616 0.0673076923076923 0.06971153846153846
2 0.3762019230769231 0.609375 0.06490384615384616 0.06490384615384616
2 0.36778846153846156 0.6754807692307693 0.06490384615384616 0.06009615384615385
2 0.5060096153846154 0.24759615384615385 0.09134615384615384 0.11057692307692307
2 0.4579326923076923 0.6201923076923077 0.0673076923076923 0.06490384615384616
2 0.47475961538461536 0.5144230769230769 0.07451923076923077 0.07211538461538461
2 0.4519230769230769 0.6983173076923077 0.06490384615384616 0.06490384615384616
2 0.49759615384615385 0.39903846153846156 0.07451923076923077 0.07692307692307693
1 0.5456730769230769 0.7163461538461539 0.06490384615384616 0.06490384615384616
1 0.5649038461538461 0.6382211538461539 0.06490384615384616 0.06490384615384616
1 0.5997596153846154 0.41225961538461536 0.08413461538461539 0.0985576923076923
1 0.5925480769230769 0.53125 0.07692307692307693 0.08173076923076923
1 0.6442307692307693 0.2247596153846154 0.09615384615384616 0.11538461538461539
1 0.6370192307692307 0.7247596153846154 0.06490384615384616 0.06490384615384616
1 0.6490384615384616 0.6538461538461539 0.06490384615384616 0.0625
1 0.671875 0.5492788461538461 0.07692307692307693 0.07932692307692307
1 0.71875 0.4074519230769231 0.08173076923076923 0.09134615384615384
1 0.7584134615384616 0.25240384615384615 0.0889423076923077 0.10817307692307693
1 0.7235576923076923 0.6574519230769231 0.06490384615384616 0.06971153846153846
1 0.7644230769230769 0.5420673076923077 0.07692307692307693 0.07692307692307693
1 0.8233173076923077 0.42427884615384615 0.08653846153846154 0.09134615384615384
1 0.8605769230769231 0.28365384615384615 0.09375 0.10576923076923077
1 0.9627403846153846 0.2980769230769231 0.07451923076923077 0.10576923076923077
2 0.15144230769230768 0.17427884615384615 0.09375 0.10817307692307693