2 0.6634615384615384 0.8990384615384616 0.0985576923076923 0.0889423076923077
2 0.5048076923076923 0.8725961538461539 0.06971153846153846 0.07932692307692307
2 0.4074519230769231 0.8701923076923077 0.06490384615384616 0.07692307692307693
2 0.31971153846153844 0.8677884615384616 0.0625 0.07211538461538461
2 0.7908653846153846 0.7776442307692307 0.10336538461538461 0.08653846153846154
2 0.6502403846153846 0.7872596153846154 0.09375 0.08653846153846154
2 0.5048076923076923 0.7692307692307693 0.06971153846153846 0.07451923076923077
2 0.41466346153846156 0.7680288461538461 0.057692307692307696 0.0625
2 0.3161057692307692 0.7584134615384616 0.057692307692307696 0.057692307692307696
2 0.7872596153846154 0.6778846153846154 0.10336538461538461 0.08653846153846154
2 0.6286057692307693 0.6911057692307693 0.0889423076923077 0.07932692307692307
2 0.49158653846153844 0.6646634615384616 0.0673076923076923 0.06490384615384616
2 0.390625 0.6694711538461539 0.0625 0.0625
2 0.3245192307692308 0.6766826923076923 0.057692307692307696 0.0625
2 0.7536057692307693 0.5528846153846154 0.10817307692307693 0.08653846153846154
2 0.38221153846153844 0.5889423076923077 0.0625 0.0625
2 0.4879807692307692 0.5757211538461539 0.06971153846153846 0.07451923076923077
2 0.30528846153846156 0.5925480769230769 0.0625 0.0625
2 0.6033653846153846 0.5576923076923077 0.07692307692307693 0.07211538461538461
1 0.28966346153846156 0.4987980769230769 0.0625 0.0625
1 0.36899038461538464 0.48197115384615385 0.0625 0.0625
1 0.59375 0.4567307692307692 0.09375 0.08173076923076923
1 0.47475961538461536 0.45913461538461536 0.07932692307692307 0.07451923076923077
1 0.7788461538461539 0.4182692307692308 0.11057692307692307 0.09375
1 0.2860576923076923 0.40865384615384615 0.0625 0.0625
1 0.35697115384615385 0.39903846153846156 0.057692307692307696 0.0625
1 0.45913461538461536 0.3798076923076923 0.07692307692307693 0.07451923076923077
1 0.6021634615384616 0.3389423076923077 0.0889423076923077 0.07932692307692307
1 0.7560096153846154 0.30528846153846156 0.10336538461538461 0.08653846153846154
1 0.3545673076923077 0.32572115384615385 0.0673076923076923 0.06490384615384616
1 0.4699519230769231 0.28846153846153844 0.07451923076923077 0.07451923076923077
1 0.5877403846153846 0.234375 0.09134615384615384 0.08413461538461539
1 0.7295673076923077 0.203125 0.10336538461538461 0.0889423076923077
1 0.71875 0.09375 0.10336538461538461 0.08653846153846154
2 0.8125 0.9086538461538461 0.10336538461538461 0.09134615384615384