2 0.6754807692307693 0.8665865384615384 0.10336538461538461 0.09375
2 0.5144230769230769 0.8088942307692307 0.07211538461538461 0.08173076923076923
2 0.4110576923076923 0.7884615384615384 0.06490384615384616 0.08173076923076923
2 0.31971153846153844 0.7704326923076923 0.0625 0.07692307692307693
2 0.8305288461538461 0.7632211538461539 0.11057692307692307 0.0889423076923077
2 0.6814903846153846 0.7463942307692307 0.0985576923076923 0.0889423076923077
2 0.5324519230769231 0.7007211538461539 0.07211538461538461 0.07692307692307693
2 0.4375 0.6826923076923077 0.06009615384615385 0.06490384615384616
2 0.33653846153846156 0.6550480769230769 0.0625 0.0625
2 0.8461538461538461 0.65625 0.10576923076923077 0.09134615384615384
2 0.6766826923076923 0.6418269230769231 0.09134615384615384 0.08173076923076923
2 0.5384615384615384 0.5889423076923077 0.07211538461538461 0.0673076923076923
2 0.43149038461538464 0.5745192307692307 0.06490384615384616 0.06490384615384616
2 0.3605769230769231 0.5697115384615384 0.06009615384615385 0.06490384615384616
2 0.8329326923076923 0.5204326923076923 0.11057692307692307 0.0889423076923077
2 0.4375 0.4879807692307692 0.06490384615384616 0.0673076923076923
2 0.5492788461538461 0.4951923076923077 0.07211538461538461 0.07692307692307693
2 0.3557692307692308 0.4795673076923077 0.06490384615384616 0.06490384615384616
2 0.6754807692307693 0.4963942307692308 0.07932692307692307 0.07211538461538461
1 0.35697115384615385 0.3762019230769231 0.06490384615384616 0.06490384615384616
1 0.4423076923076923 0.3737980769230769 0.06490384615384616 0.06490384615384616
1 0.6838942307692307 0.38822115384615385 0.0985576923076923 0.08413461538461539
1 0.5588942307692307 0.36899038461538464 0.08173076923076923 0.07692307692307693
1 0.8858173076923077 0.38341346153846156 0.11538461538461539 0.09375
1 0.36899038461538464 0.28125 0.06490384615384616 0.06490384615384616
1 0.44471153846153844 0.28365384615384615 0.0625 0.06490384615384616
1 0.5576923076923077 0.28365384615384615 0.07932692307692307 0.07692307692307693
1 0.7151442307692307 0.2668269230769231 0.09134615384615384 0.08173076923076923
1 0.8834134615384616 0.25961538461538464 0.11057692307692307 0.0889423076923077
1 0.4567307692307692 0.20793269230769232 0.07211538461538461 0.06490384615384616
1 0.5853365384615384 0.18870192307692307 0.07692307692307693 0.07692307692307693
1 0.71875 0.15504807692307693 0.09134615384615384 0.08653846153846154
1 0.8725961538461539 0.14783653846153846 0.10576923076923077 0.09375
1 0.8786057692307693 0.04807692307692308 0.10336538461538461 0.052884615384615384
2 0.8293269230769231 0.9026442307692307 0.11057692307692307 0.09375