2 0.34134615384615385 0.8317307692307693 0.11298076923076923 0.10096153846153846
2 0.5120192307692307 0.8125 0.07932692307692307 0.08653846153846154
2 0.6177884615384616 0.8161057692307693 0.07451923076923077 0.08653846153846154
2 0.7115384615384616 0.8185096153846154 0.0673076923076923 0.07932692307692307
2 0.2127403846153846 0.6959134615384616 0.11778846153846154 0.09615384615384616
2 0.3629807692307692 0.7127403846153846 0.10576923076923077 0.09615384615384616
2 0.5180288461538461 0.7007211538461539 0.07692307692307693 0.08173076923076923
2 0.6153846153846154 0.7055288461538461 0.06490384615384616 0.06971153846153846
2 0.7211538461538461 0.7019230769230769 0.06490384615384616 0.06490384615384616
2 0.22235576923076922 0.5877403846153846 0.11538461538461539 0.09615384615384616
2 0.3894230769230769 0.6117788461538461 0.10096153846153846 0.0889423076923077
2 0.5396634615384616 0.5913461538461539 0.07692307692307693 0.07211538461538461
2 0.6454326923076923 0.6009615384615384 0.07211538461538461 0.07211538461538461
2 0.7175480769230769 0.6117788461538461 0.06490384615384616 0.06971153846153846
2 0.2644230769230769 0.4567307692307692 0.1201923076923077 0.10096153846153846
2 0.6598557692307693 0.515625 0.07211538461538461 0.07211538461538461
2 0.5480769230769231 0.4963942307692308 0.07692307692307693 0.08173076923076923
2 0.7415865384615384 0.5252403846153846 0.07211538461538461 0.07211538461538461
2 0.42427884615384615 0.4699519230769231 0.08413461538461539 0.07932692307692307
1 0.7644230769230769 0.42427884615384615 0.07211538461538461 0.07211538461538461
1 0.6802884615384616 0.40384615384615385 0.07211538461538461 0.07211538461538461
1 0.43990384615384615 0.36177884615384615 0.10576923076923077 0.09134615384615384
1 0.5685096153846154 0.3713942307692308 0.08653846153846154 0.08413461538461539
1 0.24519230769230768 0.3112980769230769 0.12259615384615384 0.10576923076923077
1 0.7728365384615384 0.328125 0.07211538461538461 0.07211538461538461
1 0.6983173076923077 0.3137019230769231 0.0673076923076923 0.06971153846153846
1 0.5889423076923077 0.28725961538461536 0.08413461538461539 0.08173076923076923
1 0.4387019230769231 0.23557692307692307 0.10096153846153846 0.0889423076923077
1 0.27524038461538464 0.19110576923076922 0.11778846153846154 0.0985576923076923
1 0.7043269230769231 0.23557692307692307 0.07692307692307693 0.07211538461538461
1 0.5829326923076923 0.18870192307692307 0.08173076923076923 0.08173076923076923
1 0.4579326923076923 0.125 0.10096153846153846 0.09375
1 0.31009615384615385 0.0829326923076923 0.11538461538461539 0.10096153846153846
1 0.3245192307692308 0.007211538461538462 0.10576923076923077 0.014423076923076924
2 0.1814903846153846 0.8329326923076923 0.11778846153846154 0.10336538461538461