2 0.6322115384615384 0.0673076923076923 0.0985576923076923 0.08413461538461539
2 0.47475961538461536 0.11298076923076923 0.06490384615384616 0.07211538461538461
2 0.375 0.12860576923076922 0.06009615384615385 0.07211538461538461
2 0.28725961538461536 0.140625 0.055288461538461536 0.0673076923076923
2 0.7752403846153846 0.17427884615384615 0.10336538461538461 0.08173076923076923
2 0.6310096153846154 0.1814903846153846 0.09134615384615384 0.08173076923076923
2 0.48677884615384615 0.21875 0.0625 0.0673076923076923
2 0.3954326923076923 0.22956730769230768 0.052884615384615384 0.057692307692307696
2 0.296875 0.25240384615384615 0.055288461538461536 0.055288461538461536
2 0.7848557692307693 0.2764423076923077 0.0985576923076923 0.08173076923076923
2 0.6225961538461539 0.28125 0.08653846153846154 0.07451923076923077
2 0.4855769230769231 0.3245192307692308 0.0625 0.06009615384615385
2 0.38461538461538464 0.33413461538461536 0.057692307692307696 0.057692307692307696
2 0.3161057692307692 0.33533653846153844 0.052884615384615384 0.057692307692307696
2 0.765625 0.40384615384615385 0.10336538461538461 0.08413461538461539
2 0.3858173076923077 0.4170673076923077 0.057692307692307696 0.06009615384615385
2 0.49399038461538464 0.41586538461538464 0.0625 0.0673076923076923
2 0.30649038461538464 0.421875 0.057692307692307696 0.057692307692307696
2 0.6129807692307693 0.41947115384615385 0.07211538461538461 0.06971153846153846
1 0.30288461538461536 0.5192307692307693 0.057692307692307696 0.057692307692307696
1 0.38461538461538464 0.5264423076923077 0.057692307692307696 0.057692307692307696
1 0.6153846153846154 0.5240384615384616 0.09134615384615384 0.07451923076923077
1 0.4963942307692308 0.5372596153846154 0.07211538461538461 0.06971153846153846
1 0.8088942307692307 0.5396634615384616 0.10817307692307693 0.08653846153846154
1 0.3088942307692308 0.6117788461538461 0.06009615384615385 0.057692307692307696
1 0.38221153846153844 0.6129807692307693 0.055288461538461536 0.057692307692307696
1 0.49038461538461536 0.6189903846153846 0.07211538461538461 0.06971153846153846
1 0.6394230769230769 0.6418269230769231 0.08653846153846154 0.07451923076923077
1 0.7992788461538461 0.6586538461538461 0.10336538461538461 0.08173076923076923
1 0.390625 0.6862980769230769 0.0625 0.057692307692307696
1 0.5120192307692307 0.7103365384615384 0.0673076923076923 0.0673076923076923
1 0.6394230769230769 0.75 0.08653846153846154 0.08173076923076923
1 0.7848557692307693 0.7644230769230769 0.0985576923076923 0.08413461538461539
1 0.7872596153846154 0.8786057692307693 0.0985576923076923 0.08413461538461539
2 0.7800480769230769 0.040865384615384616 0.10336538461538461 0.08173076923076923