2 0.10336538461538461 0.6430288461538461 0.08173076923076923 0.09375
2 0.14302884615384615 0.4879807692307692 0.07211538461538461 0.06490384615384616
2 0.15384615384615385 0.390625 0.07211538461538461 0.06009615384615385
2 0.16346153846153846 0.30528846153846156 0.0673076923076923 0.052884615384615384
2 0.2127403846153846 0.7788461538461539 0.07932692307692307 0.10096153846153846
2 0.21514423076923078 0.6382211538461539 0.07932692307692307 0.0889423076923077
2 0.24639423076923078 0.49759615384615385 0.0673076923076923 0.0625
2 0.2548076923076923 0.4074519230769231 0.057692307692307696 0.052884615384615384
2 0.27163461538461536 0.31009615384615385 0.052884615384615384 0.052884615384615384
2 0.3125 0.7848557692307693 0.07932692307692307 0.0985576923076923
2 0.3125 0.6262019230769231 0.07451923076923077 0.08413461538461539
2 0.34975961538461536 0.49158653846153844 0.057692307692307696 0.0625
2 0.3545673076923077 0.3918269230769231 0.057692307692307696 0.057692307692307696
2 0.35336538461538464 0.32572115384615385 0.057692307692307696 0.052884615384615384
2 0.4387019230769231 0.7620192307692307 0.07932692307692307 0.10336538461538461
2 0.43509615384615385 0.390625 0.057692307692307696 0.057692307692307696
2 0.4387019230769231 0.4963942307692308 0.0673076923076923 0.0625
2 0.4375 0.3137019230769231 0.057692307692307696 0.057692307692307696
2 0.44711538461538464 0.6129807692307693 0.06490384615384616 0.06971153846153846
1 0.5324519230769231 0.3076923076923077 0.057692307692307696 0.057692307692307696
1 0.5408653846153846 0.3858173076923077 0.057692307692307696 0.057692307692307696
1 0.5480769230769231 0.6117788461538461 0.07451923076923077 0.0889423076923077
1 0.5564903846153846 0.49399038461538464 0.06971153846153846 0.07211538461538461
1 0.5685096153846154 0.7992788461538461 0.08413461538461539 0.10336538461538461
1 0.6225961538461539 0.31009615384615385 0.057692307692307696 0.057692307692307696
1 0.6262019230769231 0.38100961538461536 0.057692307692307696 0.052884615384615384
1 0.6358173076923077 0.4855769230769231 0.06971153846153846 0.06971153846153846
1 0.6634615384615384 0.6310096153846154 0.07451923076923077 0.08413461538461539
1 0.6838942307692307 0.7860576923076923 0.07932692307692307 0.0985576923076923
1 0.6971153846153846 0.3858173076923077 0.057692307692307696 0.0625
1 0.7259615384615384 0.5036057692307693 0.0673076923076923 0.0673076923076923
1 0.7692307692307693 0.6262019230769231 0.07932692307692307 0.08413461538461539
1 0.7884615384615384 0.7680288461538461 0.08173076923076923 0.0985576923076923
1 0.8966346153846154 0.765625 0.07932692307692307 0.0985576923076923
2 0.08173076923076923 0.7896634615384616 0.08413461538461539 0.0985576923076923