2 0.9591346153846154 0.47716346153846156 0.08173076923076923 0.10817307692307693
2 0.9026442307692307 0.6346153846153846 0.08653846153846154 0.07692307692307693
2 0.875 0.7367788461538461 0.08413461538461539 0.07211538461538461
2 0.8497596153846154 0.8269230769230769 0.07932692307692307 0.0673076923076923
2 0.8786057692307693 0.3125 0.09615384615384616 0.11538461538461539
2 0.8509615384615384 0.46274038461538464 0.09375 0.10336538461538461
2 0.7944711538461539 0.6081730769230769 0.08173076923076923 0.07692307692307693
2 0.7704326923076923 0.703125 0.06971153846153846 0.0625
2 0.7355769230769231 0.8028846153846154 0.06490384615384616 0.06490384615384616
2 0.7716346153846154 0.2920673076923077 0.09615384615384616 0.11057692307692307
2 0.7463942307692307 0.45913461538461536 0.0889423076923077 0.0985576923076923
2 0.6826923076923077 0.5949519230769231 0.07211538461538461 0.07451923076923077
2 0.6610576923076923 0.7007211538461539 0.06971153846153846 0.06971153846153846
2 0.6514423076923077 0.7728365384615384 0.06971153846153846 0.0625
2 0.6358173076923077 0.29447115384615385 0.10096153846153846 0.1201923076923077
2 0.5757211538461539 0.6887019230769231 0.06971153846153846 0.06971153846153846
2 0.5901442307692307 0.5769230769230769 0.08173076923076923 0.07692307692307693
2 0.5588942307692307 0.7704326923076923 0.06971153846153846 0.06971153846153846
2 0.5997596153846154 0.45072115384615385 0.07692307692307693 0.08413461538461539
1 0.4567307692307692 0.7620192307692307 0.06971153846153846 0.06971153846153846
1 0.46153846153846156 0.6754807692307693 0.06971153846153846 0.06971153846153846
1 0.49278846153846156 0.43509615384615385 0.0889423076923077 0.10336538461538461
1 0.4639423076923077 0.5588942307692307 0.08173076923076923 0.08653846153846154
1 0.5012019230769231 0.23197115384615385 0.10336538461538461 0.12259615384615384
1 0.3629807692307692 0.7439903846153846 0.06971153846153846 0.06971153846153846
1 0.3713942307692308 0.6670673076923077 0.06971153846153846 0.06490384615384616
1 0.3786057692307692 0.5540865384615384 0.08173076923076923 0.08413461538461539
1 0.37259615384615385 0.3954326923076923 0.0889423076923077 0.0985576923076923
1 0.37740384615384615 0.22716346153846154 0.09615384615384616 0.11538461538461539
1 0.29447115384615385 0.6490384615384616 0.07211538461538461 0.07451923076923077
1 0.2848557692307692 0.5192307692307693 0.08173076923076923 0.08173076923076923
1 0.2608173076923077 0.38221153846153844 0.09375 0.0985576923076923
1 0.2644230769230769 0.22716346153846154 0.0985576923076923 0.11298076923076923
1 0.1466346153846154 0.21153846153846154 0.0985576923076923 0.11298076923076923
2 0.9831730769230769 0.32091346153846156 0.03365384615384615 0.11298076923076923