2 0.11658653846153846 0.5661057692307693 0.09134615384615384 0.10336538461538461
2 0.1814903846153846 0.42427884615384615 0.07932692307692307 0.06971153846153846
2 0.20793269230769232 0.3317307692307692 0.07692307692307693 0.06490384615384616
2 0.23076923076923078 0.25 0.07211538461538461 0.0625
2 0.19831730769230768 0.7151442307692307 0.0889423076923077 0.10576923076923077
2 0.2247596153846154 0.5805288461538461 0.08653846153846154 0.09615384615384616
2 0.2776442307692308 0.45072115384615385 0.07451923076923077 0.06971153846153846
2 0.3016826923076923 0.36538461538461536 0.0625 0.057692307692307696
2 0.33533653846153844 0.27524038461538464 0.06009615384615385 0.06009615384615385
2 0.2932692307692308 0.7379807692307693 0.0889423076923077 0.10096153846153846
2 0.31971153846153844 0.5853365384615384 0.08173076923076923 0.09134615384615384
2 0.3786057692307692 0.46274038461538464 0.0673076923076923 0.0673076923076923
2 0.39903846153846156 0.36778846153846156 0.0625 0.0625
2 0.4098557692307692 0.30288461538461536 0.0625 0.057692307692307696
2 0.41586538461538464 0.7367788461538461 0.09134615384615384 0.10817307692307693
2 0.47716346153846156 0.3798076923076923 0.06490384615384616 0.0625
2 0.46274038461538464 0.48197115384615385 0.07451923076923077 0.06971153846153846
2 0.49278846153846156 0.30649038461538464 0.0625 0.0625
2 0.45072115384615385 0.5949519230769231 0.07211538461538461 0.07692307692307693
1 0.5853365384615384 0.3161057692307692 0.0625 0.0625
1 0.5805288461538461 0.39302884615384615 0.0625 0.0625
1 0.5480769230769231 0.6105769230769231 0.08173076923076923 0.09615384615384616
1 0.5757211538461539 0.5 0.07451923076923077 0.07932692307692307
1 0.5372596153846154 0.7944711538461539 0.09615384615384616 0.11298076923076923
1 0.6706730769230769 0.33413461538461536 0.0625 0.06490384615384616
1 0.6622596153846154 0.4026442307692308 0.0625 0.06009615384615385
1 0.6538461538461539 0.5048076923076923 0.07451923076923077 0.07692307692307693
1 0.65625 0.6490384615384616 0.08173076923076923 0.09134615384615384
1 0.6490384615384616 0.8028846153846154 0.0889423076923077 0.10576923076923077
1 0.7307692307692307 0.41947115384615385 0.06490384615384616 0.0673076923076923
1 0.7379807692307693 0.5372596153846154 0.07451923076923077 0.07451923076923077
1 0.7572115384615384 0.6622596153846154 0.08653846153846154 0.09134615384615384
1 0.7512019230769231 0.8016826923076923 0.09134615384615384 0.10576923076923077
1 0.8581730769230769 0.8185096153846154 0.09134615384615384 0.10336538461538461
2 0.06971153846153846 0.703125 0.09615384615384616 0.10817307692307693