2 0.9002403846153846 0.6033653846153846 0.08413461538461539 0.09375
2 0.8485576923076923 0.45913461538461536 0.07451923076923077 0.0625
2 0.8305288461538461 0.36538461538461536 0.07211538461538461 0.057692307692307696
2 0.8149038461538461 0.2824519230769231 0.0673076923076923 0.057692307692307696
2 0.8076923076923077 0.7439903846153846 0.08173076923076923 0.0985576923076923
2 0.7932692307692307 0.6081730769230769 0.07932692307692307 0.0889423076923077
2 0.7512019230769231 0.47475961538461536 0.06971153846153846 0.0625
2 0.7355769230769231 0.3894230769230769 0.055288461538461536 0.05048076923076923
2 0.7103365384615384 0.2980769230769231 0.055288461538461536 0.055288461538461536
2 0.7115384615384616 0.7572115384615384 0.08173076923076923 0.09615384615384616
2 0.6995192307692307 0.6057692307692307 0.07451923076923077 0.08413461538461539
2 0.6514423076923077 0.4795673076923077 0.0625 0.0625
2 0.6382211538461539 0.38341346153846156 0.055288461538461536 0.055288461538461536
2 0.6346153846153846 0.31971153846153844 0.055288461538461536 0.05048076923076923
2 0.5901442307692307 0.7451923076923077 0.08413461538461539 0.10096153846153846
2 0.5612980769230769 0.38822115384615385 0.06009615384615385 0.057692307692307696
2 0.5673076923076923 0.49038461538461536 0.06971153846153846 0.0625
2 0.5516826923076923 0.3161057692307692 0.055288461538461536 0.055288461538461536
2 0.5673076923076923 0.6033653846153846 0.0673076923076923 0.07211538461538461
1 0.45913461538461536 0.3173076923076923 0.055288461538461536 0.055288461538461536
1 0.4579326923076923 0.39302884615384615 0.055288461538461536 0.055288461538461536
1 0.4699519230769231 0.6117788461538461 0.07451923076923077 0.0889423076923077
1 0.453125 0.4987980769230769 0.06971153846153846 0.07451923076923077
1 0.46634615384615385 0.7932692307692307 0.08653846153846154 0.10336538461538461
1 0.3737980769230769 0.3269230769230769 0.057692307692307696 0.06009615384615385
1 0.3762019230769231 0.3954326923076923 0.055288461538461536 0.055288461538461536
1 0.3762019230769231 0.49759615384615385 0.06971153846153846 0.07211538461538461
1 0.3605769230769231 0.6382211538461539 0.07451923076923077 0.08413461538461539
1 0.3545673076923077 0.7908653846153846 0.08173076923076923 0.0985576923076923
1 0.3076923076923077 0.40625 0.057692307692307696 0.06009615384615385
1 0.29086538461538464 0.5216346153846154 0.06971153846153846 0.06971153846153846
1 0.25961538461538464 0.6430288461538461 0.07932692307692307 0.08413461538461539
1 0.2536057692307692 0.78125 0.08413461538461539 0.09615384615384616
1 0.1466346153846154 0.7884615384615384 0.08413461538461539 0.09615384615384616
2 0.9338942307692307 0.7427884615384616 0.08653846153846154 0.0985576923076923