2 0.11057692307692307 0.5769230769230769 0.09375 0.10336538461538461
2 0.1778846153846154 0.43028846153846156 0.08173076923076923 0.07211538461538461
2 0.20432692307692307 0.33653846153846156 0.07932692307692307 0.0673076923076923
2 0.2283653846153846 0.25240384615384615 0.07451923076923077 0.0625
2 0.19471153846153846 0.7307692307692307 0.09134615384615384 0.11057692307692307
2 0.22115384615384615 0.5925480769230769 0.0889423076923077 0.0985576923076923
2 0.2764423076923077 0.4579326923076923 0.07692307692307693 0.07211538461538461
2 0.3016826923076923 0.3701923076923077 0.06490384615384616 0.06009615384615385
2 0.33533653846153844 0.2764423076923077 0.06009615384615385 0.06009615384615385
2 0.2932692307692308 0.7536057692307693 0.09134615384615384 0.10817307692307693
2 0.32091346153846156 0.5973557692307693 0.08413461538461539 0.09134615384615384
2 0.38100961538461536 0.4699519230769231 0.0673076923076923 0.06971153846153846
2 0.40384615384615385 0.37259615384615385 0.06490384615384616 0.06490384615384616
2 0.41346153846153844 0.30649038461538464 0.06490384615384616 0.06009615384615385
2 0.41947115384615385 0.7524038461538461 0.09375 0.11298076923076923
2 0.4831730769230769 0.3858173076923077 0.06490384615384616 0.06490384615384616
2 0.4675480769230769 0.49038461538461536 0.07692307692307693 0.07211538461538461
2 0.4987980769230769 0.3088942307692308 0.06490384615384616 0.06490384615384616
2 0.45552884615384615 0.6057692307692307 0.07451923076923077 0.07932692307692307
1 0.5949519230769231 0.31850961538461536 0.06490384615384616 0.06490384615384616
1 0.5889423076923077 0.40024038461538464 0.06490384615384616 0.06490384615384616
1 0.5564903846153846 0.6237980769230769 0.08413461538461539 0.09615384615384616
1 0.5853365384615384 0.5084134615384616 0.07692307692307693 0.08173076923076923
1 0.5444711538461539 0.8125 0.09615384615384616 0.11538461538461539
1 0.6826923076923077 0.33653846153846156 0.06490384615384616 0.06490384615384616
1 0.6742788461538461 0.40865384615384615 0.06490384615384616 0.06009615384615385
1 0.6646634615384616 0.5144230769230769 0.07692307692307693 0.07932692307692307
1 0.6682692307692307 0.6622596153846154 0.08413461538461539 0.09134615384615384
1 0.6610576923076923 0.8197115384615384 0.09134615384615384 0.10817307692307693
1 0.7439903846153846 0.4266826923076923 0.0673076923076923 0.06971153846153846
1 0.75 0.546875 0.07692307692307693 0.07692307692307693
1 0.7728365384615384 0.6754807692307693 0.0889423076923077 0.09375
1 0.7668269230769231 0.8197115384615384 0.09375 0.10817307692307693
1 0.8762019230769231 0.8365384615384616 0.09375 0.10817307692307693
2 0.06370192307692307 0.7175480769230769 0.09615384615384616 0.10817307692307693