2 0.9519230769230769 0.4375 0.09615384615384616 0.11057692307692307
2 0.8858173076923077 0.5949519230769231 0.08653846153846154 0.07692307692307693
2 0.8581730769230769 0.6971153846153846 0.08413461538461539 0.06971153846153846
2 0.8341346153846154 0.7872596153846154 0.07932692307692307 0.0673076923076923
2 0.8617788461538461 0.2764423076923077 0.09615384615384616 0.11538461538461539
2 0.8341346153846154 0.42427884615384615 0.09375 0.10336538461538461
2 0.7788461538461539 0.5697115384615384 0.08173076923076923 0.07692307692307693
2 0.7548076923076923 0.6634615384615384 0.0673076923076923 0.0625
2 0.71875 0.7632211538461539 0.06490384615384616 0.06490384615384616
2 0.7572115384615384 0.2548076923076923 0.09615384615384616 0.11057692307692307
2 0.7307692307692307 0.421875 0.0889423076923077 0.09615384615384616
2 0.6682692307692307 0.5564903846153846 0.07211538461538461 0.07451923076923077
2 0.6454326923076923 0.6622596153846154 0.0673076923076923 0.0673076923076923
2 0.6358173076923077 0.7331730769230769 0.0673076923076923 0.0625
2 0.6213942307692307 0.25721153846153844 0.10096153846153846 0.11778846153846154
2 0.5600961538461539 0.6502403846153846 0.06971153846153846 0.0673076923076923
2 0.5745192307692307 0.5384615384615384 0.08173076923076923 0.07692307692307693
2 0.5456730769230769 0.7307692307692307 0.0673076923076923 0.0673076923076923
2 0.5865384615384616 0.41346153846153844 0.07692307692307693 0.08413461538461539
1 0.44350961538461536 0.7223557692307693 0.0673076923076923 0.0673076923076923
1 0.4483173076923077 0.6370192307692307 0.0673076923076923 0.0673076923076923
1 0.47836538461538464 0.39783653846153844 0.0889423076923077 0.10336538461538461
1 0.4495192307692308 0.5204326923076923 0.08173076923076923 0.08653846153846154
1 0.48677884615384615 0.19591346153846154 0.10096153846153846 0.12259615384615384
1 0.3485576923076923 0.7043269230769231 0.0673076923076923 0.06971153846153846
1 0.35697115384615385 0.6274038461538461 0.0673076923076923 0.06490384615384616
1 0.3641826923076923 0.515625 0.08173076923076923 0.08413461538461539
1 0.3581730769230769 0.35697115384615385 0.0889423076923077 0.09615384615384616
1 0.3629807692307692 0.18990384615384615 0.09615384615384616 0.11538461538461539
1 0.28125 0.6117788461538461 0.06971153846153846 0.07451923076923077
1 0.27163461538461536 0.4807692307692308 0.08173076923076923 0.08173076923076923
1 0.24759615384615385 0.34615384615384615 0.09375 0.09615384615384616
1 0.2512019230769231 0.19230769230769232 0.0985576923076923 0.11298076923076923
1 0.1346153846153846 0.17548076923076922 0.0985576923076923 0.11298076923076923
2 0.9747596153846154 0.2860576923076923 0.05048076923076923 0.11538461538461539