2 0.3798076923076923 0.1045673076923077 0.10336538461538461 0.09375
2 0.5408653846153846 0.1622596153846154 0.07211538461538461 0.08173076923076923
2 0.6442307692307693 0.18269230769230768 0.06490384615384616 0.08173076923076923
2 0.734375 0.19951923076923078 0.0625 0.07692307692307693
2 0.22235576923076922 0.20793269230769232 0.11057692307692307 0.09134615384615384
2 0.3737980769230769 0.22355769230769232 0.0985576923076923 0.0889423076923077
2 0.5216346153846154 0.2704326923076923 0.07211538461538461 0.07692307692307693
2 0.6177884615384616 0.28725961538461536 0.06009615384615385 0.06490384615384616
2 0.7175480769230769 0.31490384615384615 0.0625 0.0625
2 0.20793269230769232 0.31490384615384615 0.10817307692307693 0.09134615384615384
2 0.37740384615384615 0.3293269230769231 0.09134615384615384 0.08173076923076923
2 0.5168269230769231 0.38221153846153844 0.07211538461538461 0.0673076923076923
2 0.6225961538461539 0.3954326923076923 0.06490384615384616 0.06490384615384616
2 0.6935096153846154 0.40024038461538464 0.06009615384615385 0.06490384615384616
2 0.22115384615384615 0.4495192307692308 0.11057692307692307 0.09375
2 0.6165865384615384 0.48197115384615385 0.06490384615384616 0.0673076923076923
2 0.5036057692307693 0.47475961538461536 0.07211538461538461 0.07692307692307693
2 0.6995192307692307 0.49278846153846156 0.06490384615384616 0.06490384615384616
2 0.3786057692307692 0.4735576923076923 0.07932692307692307 0.07211538461538461
1 0.6971153846153846 0.59375 0.06490384615384616 0.06490384615384616
1 0.6117788461538461 0.5961538461538461 0.06490384615384616 0.06490384615384616
1 0.3701923076923077 0.5817307692307693 0.0985576923076923 0.08413461538461539
1 0.4951923076923077 0.6021634615384616 0.08173076923076923 0.07692307692307693
1 0.16826923076923078 0.5865384615384616 0.11538461538461539 0.09375
1 0.6862980769230769 0.6887019230769231 0.0673076923076923 0.06490384615384616
1 0.609375 0.6875 0.0625 0.06490384615384616
1 0.4963942307692308 0.6862980769230769 0.07932692307692307 0.07692307692307693
1 0.3401442307692308 0.703125 0.09134615384615384 0.08173076923076923
1 0.17067307692307693 0.7103365384615384 0.11057692307692307 0.0889423076923077
1 0.5973557692307693 0.7632211538461539 0.07211538461538461 0.06490384615384616
1 0.4699519230769231 0.78125 0.07692307692307693 0.07692307692307693
1 0.33413461538461536 0.8161057692307693 0.09134615384615384 0.08653846153846154
1 0.1814903846153846 0.8233173076923077 0.10576923076923077 0.09375
1 0.17307692307692307 0.9387019230769231 0.10817307692307693 0.08653846153846154
2 0.2247596153846154 0.0673076923076923 0.11057692307692307 0.09615384615384616