2 0.8665865384615384 0.3088942307692308 0.08653846153846154 0.0985576923076923
2 0.8413461538461539 0.46153846153846156 0.07451923076923077 0.0673076923076923
2 0.8389423076923077 0.5576923076923077 0.07451923076923077 0.0625
2 0.8377403846153846 0.640625 0.06971153846153846 0.06009615384615385
2 0.75 0.18629807692307693 0.08413461538461539 0.10336538461538461
2 0.7596153846153846 0.3233173076923077 0.08173076923076923 0.09134615384615384
2 0.7415865384615384 0.46274038461538464 0.06971153846153846 0.0673076923076923
2 0.7403846153846154 0.5492788461538461 0.06009615384615385 0.052884615384615384
2 0.7319711538461539 0.6454326923076923 0.057692307692307696 0.057692307692307696
2 0.6526442307692307 0.18990384615384615 0.08413461538461539 0.0985576923076923
2 0.6658653846153846 0.3425480769230769 0.07692307692307693 0.08653846153846154
2 0.6418269230769231 0.47596153846153844 0.0625 0.06490384615384616
2 0.6454326923076923 0.5721153846153846 0.06009615384615385 0.06009615384615385
2 0.6526442307692307 0.6358173076923077 0.06009615384615385 0.052884615384615384
2 0.5348557692307693 0.22235576923076922 0.08653846153846154 0.10336538461538461
2 0.5673076923076923 0.5793269230769231 0.0625 0.06009615384615385
2 0.5552884615384616 0.4795673076923077 0.06971153846153846 0.0673076923076923
2 0.5721153846153846 0.6550480769230769 0.06009615384615385 0.06009615384615385
2 0.5372596153846154 0.36658653846153844 0.06971153846153846 0.07451923076923077
1 0.4807692307692308 0.6694711538461539 0.06009615384615385 0.06009615384615385
1 0.4651442307692308 0.59375 0.06009615384615385 0.06009615384615385
1 0.43990384615384615 0.3762019230769231 0.07692307692307693 0.09134615384615384
1 0.4411057692307692 0.49158653846153844 0.07211538461538461 0.07692307692307693
1 0.4026442307692308 0.1971153846153846 0.0889423076923077 0.10817307692307693
1 0.3942307692307692 0.6754807692307693 0.06009615384615385 0.0625
1 0.38341346153846156 0.6069711538461539 0.06009615384615385 0.057692307692307696
1 0.36538461538461536 0.5060096153846154 0.07211538461538461 0.07451923076923077
1 0.3269230769230769 0.36778846153846156 0.07692307692307693 0.08653846153846154
1 0.2932692307692308 0.21995192307692307 0.08413461538461539 0.10336538461538461
1 0.3125 0.6069711538461539 0.06009615384615385 0.06490384615384616
1 0.2776442307692308 0.4951923076923077 0.07211538461538461 0.07211538461538461
1 0.2247596153846154 0.38100961538461536 0.08173076923076923 0.08653846153846154
1 0.1935096153846154 0.24519230769230768 0.08653846153846154 0.0985576923076923
1 0.08774038461538461 0.25721153846153844 0.08653846153846154 0.0985576923076923
2 0.875 0.1658653846153846 0.0889423076923077 0.10336538461538461