2 0.6370192307692307 0.11177884615384616 0.09375 0.07932692307692307
2 0.48197115384615385 0.15504807692307693 0.0625 0.07211538461538461
2 0.38461538461538464 0.16706730769230768 0.057692307692307696 0.07211538461538461
2 0.2980769230769231 0.1778846153846154 0.052884615384615384 0.0673076923076923
2 0.7752403846153846 0.21875 0.09615384615384616 0.07692307692307693
2 0.6346153846153846 0.2247596153846154 0.0889423076923077 0.07692307692307693
2 0.49278846153846156 0.25721153846153844 0.0625 0.0673076923076923
2 0.4026442307692308 0.26802884615384615 0.052884615384615384 0.057692307692307696
2 0.30528846153846156 0.28725961538461536 0.055288461538461536 0.052884615384615384
2 0.7824519230769231 0.31971153846153844 0.09615384615384616 0.07692307692307693
2 0.6237980769230769 0.32211538461538464 0.08173076923076923 0.07211538461538461
2 0.4891826923076923 0.36177884615384615 0.0625 0.057692307692307696
2 0.3894230769230769 0.36899038461538464 0.057692307692307696 0.057692307692307696
2 0.32211538461538464 0.36899038461538464 0.052884615384615384 0.057692307692307696
2 0.7620192307692307 0.44471153846153844 0.10096153846153846 0.07932692307692307
2 0.3894230769230769 0.4495192307692308 0.057692307692307696 0.057692307692307696
2 0.4951923076923077 0.45072115384615385 0.0625 0.0673076923076923
2 0.3112980769230769 0.453125 0.057692307692307696 0.057692307692307696
2 0.6117788461538461 0.4579326923076923 0.06971153846153846 0.06490384615384616
1 0.30649038461538464 0.5492788461538461 0.057692307692307696 0.057692307692307696
1 0.3870192307692308 0.5564903846153846 0.057692307692307696 0.057692307692307696
1 0.6129807692307693 0.5588942307692307 0.08653846153846154 0.07211538461538461
1 0.4951923076923077 0.5697115384615384 0.07211538461538461 0.0673076923076923
1 0.8016826923076923 0.5769230769230769 0.10336538461538461 0.08413461538461539
1 0.31009615384615385 0.6394230769230769 0.057692307692307696 0.057692307692307696
1 0.38221153846153844 0.6418269230769231 0.052884615384615384 0.057692307692307696
1 0.4879807692307692 0.6490384615384616 0.06971153846153846 0.0673076923076923
1 0.6346153846153846 0.6754807692307693 0.08173076923076923 0.07211538461538461
1 0.7908653846153846 0.6935096153846154 0.09615384615384616 0.07692307692307693
1 0.3894230769230769 0.7139423076923077 0.0625 0.057692307692307696
1 0.5072115384615384 0.7391826923076923 0.0673076923076923 0.0673076923076923
1 0.6310096153846154 0.78125 0.08173076923076923 0.07692307692307693
1 0.7740384615384616 0.7980769230769231 0.09615384615384616 0.07932692307692307
1 0.7740384615384616 0.9086538461538461 0.09615384615384616 0.07932692307692307
2 0.7836538461538461 0.08774038461538461 0.09615384615384616 0.08413461538461539