1 0.3786057692307692 0.15745192307692307 0.17067307692307693 0.13221153846153846
2 0.9074519230769231 0.10216346153846154 0.11778846153846154 0.1201923076923077
1 0.6141826923076923 0.13221153846153846 0.1778846153846154 0.13701923076923078
1 0.17908653846153846 0.1971153846153846 0.17067307692307693 0.13701923076923078
1 0.02283653846153846 0.2608173076923077 0.04567307692307692 0.12740384615384615
1 0.43990384615384615 0.35697115384615385 0.18269230769230768 0.14423076923076922
2 0.9495192307692307 0.3112980769230769 0.07932692307692307 0.12740384615384615
1 0.671875 0.3425480769230769 0.1778846153846154 0.14423076923076922
1 0.20072115384615385 0.421875 0.17067307692307693 0.14182692307692307
1 0.03365384615384615 0.453125 0.0673076923076923 0.12259615384615384
1 0.5865384615384616 0.015625 0.16826923076923078 0.03125
2 0.9723557692307693 0.5144230769230769 0.055288461538461536 0.125
1 0.7728365384615384 0.5456730769230769 0.18028846153846154 0.14423076923076922
1 0.47596153846153844 0.609375 0.18509615384615385 0.1466346153846154
1 0.21514423076923078 0.6394230769230769 0.17067307692307693 0.1466346153846154
1 0.039663461538461536 0.6850961538461539 0.06009615384615385 0.13701923076923078
1 0.2668269230769231 0.859375 0.18269230769230768 0.15625
1 0.06129807692307692 0.8822115384615384 0.0625 0.14423076923076922
1 0.5492788461538461 0.8545673076923077 0.21634615384615385 0.17067307692307693
1 0.33653846153846156 0.04447115384615385 0.15865384615384615 0.07692307692307693
1 0.8305288461538461 0.8389423076923077 0.20192307692307693 0.1658653846153846
1 0.14783653846153846 0.06610576923076923 0.15865384615384615 0.07932692307692307
1 0.015625 0.09495192307692307 0.03125 0.0985576923076923