1 0.2127403846153846 0.453125 0.11057692307692307 0.1466346153846154
2 0.19471153846153846 0.9375 0.10096153846153846 0.10576923076923077
1 0.20552884615384615 0.6670673076923077 0.11538461538461539 0.15384615384615385
1 0.234375 0.27163461538461536 0.11057692307692307 0.1466346153846154
1 0.28365384615384615 0.07451923076923077 0.11538461538461539 0.14423076923076922
1 0.3954326923076923 0.4963942307692308 0.1201923076923077 0.15865384615384615
2 0.3870192307692308 0.9615384615384616 0.11298076923076923 0.07451923076923077
1 0.39783653846153844 0.7055288461538461 0.1201923076923077 0.15384615384615385
1 0.4387019230769231 0.2764423076923077 0.11538461538461539 0.14903846153846154
1 0.4567307692307692 0.078125 0.11057692307692307 0.1466346153846154
1 0.054086538461538464 0.6478365384615384 0.10817307692307693 0.15144230769230768
2 0.5685096153846154 0.9711538461538461 0.11298076923076923 0.057692307692307696
1 0.5877403846153846 0.7836538461538461 0.1201923076923077 0.15625
1 0.6262019230769231 0.5132211538461539 0.1201923076923077 0.16105769230769232
1 0.6370192307692307 0.2764423076923077 0.1201923076923077 0.14903846153846154
1 0.6670673076923077 0.07091346153846154 0.125 0.1346153846153846
2 0.05889423076923077 0.9146634615384616 0.10096153846153846 0.13701923076923078
1 0.8365384615384616 0.3088942307692308 0.13221153846153846 0.15625
1 0.8449519230769231 0.078125 0.12980769230769232 0.13701923076923078
1 0.8497596153846154 0.5625 0.14423076923076922 0.1875
1 0.08774038461538461 0.4206730769230769 0.10096153846153846 0.14182692307692307
1 0.8533653846153846 0.8149038461538461 0.13701923076923078 0.17307692307692307
1 0.09495192307692307 0.24879807692307693 0.10576923076923077 0.14182692307692307
1 0.12139423076923077 0.07211538461538461 0.11538461538461539 0.14182692307692307