1 0.8293269230769231 0.5084134615384616 0.11057692307692307 0.15144230769230768
2 0.8209134615384616 0.9783653846153846 0.10336538461538461 0.04326923076923077
1 0.8257211538461539 0.7307692307692307 0.11538461538461539 0.15865384615384615
1 0.8173076923076923 0.32091346153846156 0.11298076923076923 0.15144230769230768
1 0.7776442307692307 0.11298076923076923 0.11538461538461539 0.1466346153846154
1 0.6382211538461539 0.5432692307692307 0.12259615384615384 0.16105769230769232
1 0.6237980769230769 0.7596153846153846 0.12259615384615384 0.15625
1 0.6057692307692307 0.3137019230769231 0.11778846153846154 0.15144230769230768
1 0.5973557692307693 0.10697115384615384 0.11057692307692307 0.15144230769230768
1 0.9627403846153846 0.7199519230769231 0.06971153846153846 0.15625
1 0.42427884615384615 0.8305288461538461 0.12259615384615384 0.16105769230769232
1 0.39903846153846156 0.5492788461538461 0.12259615384615384 0.1658653846153846
1 0.4014423076923077 0.30288461538461536 0.12259615384615384 0.15144230769230768
1 0.38100961538461536 0.07932692307692307 0.12740384615384615 0.15625
2 0.953125 0.9627403846153846 0.07932692307692307 0.07451923076923077
1 0.19230769230769232 0.3269230769230769 0.13221153846153846 0.16105769230769232
1 0.19591346153846154 0.08052884615384616 0.13221153846153846 0.15144230769230768
1 0.16466346153846154 0.5877403846153846 0.14423076923076922 0.18990384615384615
1 0.953125 0.48197115384615385 0.09375 0.1466346153846154
1 0.14783653846153846 0.8497596153846154 0.13942307692307693 0.1778846153846154
1 0.9543269230769231 0.30408653846153844 0.09134615384615384 0.1466346153846154
1 0.9435096153846154 0.11778846153846154 0.11298076923076923 0.14423076923076922