1 0.7932692307692307 0.5204326923076923 0.11298076923076923 0.15625
1 0.7884615384615384 0.7475961538461539 0.11778846153846154 0.16105769230769232
1 0.7800480769230769 0.328125 0.11778846153846154 0.15625
1 0.7403846153846154 0.1141826923076923 0.11778846153846154 0.15144230769230768
1 0.5961538461538461 0.5564903846153846 0.12259615384615384 0.1658653846153846
1 0.5829326923076923 0.7788461538461539 0.12259615384615384 0.16105769230769232
1 0.5637019230769231 0.32091346153846156 0.12259615384615384 0.15625
1 0.5552884615384616 0.109375 0.11298076923076923 0.15625
1 0.9459134615384616 0.7367788461538461 0.10336538461538461 0.16105769230769232
1 0.37740384615384615 0.8509615384615384 0.12259615384615384 0.16346153846153846
1 0.35216346153846156 0.5625 0.12740384615384615 0.17067307692307693
1 0.3545673076923077 0.31009615384615385 0.12740384615384615 0.15625
1 0.3329326923076923 0.08052884615384616 0.12980769230769232 0.15865384615384615
2 0.9314903846153846 0.9735576923076923 0.10336538461538461 0.052884615384615384
1 0.13822115384615385 0.33413461538461536 0.13701923076923078 0.16346153846153846
1 0.14182692307692307 0.08173076923076923 0.1346153846153846 0.15625
1 0.11057692307692307 0.6021634615384616 0.1466346153846154 0.1971153846153846
1 0.9266826923076923 0.49399038461538464 0.10576923076923077 0.15144230769230768
1 0.09375 0.8713942307692307 0.14182692307692307 0.18269230769230768
1 0.9290865384615384 0.3112980769230769 0.10817307692307693 0.15144230769230768
1 0.9122596153846154 0.12259615384615384 0.11778846153846154 0.1466346153846154