1 0.08413461538461539 0.5132211538461539 0.12740384615384615 0.16826923076923078
2 0.1201923076923077 0.016826923076923076 0.11538461538461539 0.03365384615384615
1 0.10096153846153846 0.27403846153846156 0.1346153846153846 0.17548076923076922
1 0.0889423076923077 0.7163461538461539 0.13221153846153846 0.16826923076923078
1 0.1201923076923077 0.9194711538461539 0.12980769230769232 0.11778846153846154
1 0.2920673076923077 0.4855769230769231 0.13942307692307693 0.18269230769230768
2 0.33533653846153844 0.004807692307692308 0.12259615384615384 0.009615384615384616
1 0.31971153846153844 0.2536057692307692 0.13942307692307693 0.1778846153846154
1 0.31490384615384615 0.7355769230769231 0.13701923076923078 0.16826923076923078
1 0.31490384615384615 0.9326923076923077 0.12259615384615384 0.11778846153846154
1 0.5384615384615384 0.18990384615384615 0.13942307692307693 0.1778846153846154
1 0.5480769230769231 0.49399038461538464 0.14182692307692307 0.18509615384615385
1 0.5336538461538461 0.7584134615384616 0.14182692307692307 0.17067307692307693
1 0.5456730769230769 0.9567307692307693 0.13942307692307693 0.08653846153846154
1 0.7596153846153846 0.7451923076923077 0.15384615384615385 0.1778846153846154
1 0.7451923076923077 0.9615384615384616 0.14423076923076922 0.07692307692307693
1 0.8052884615384616 0.4651442307692308 0.16826923076923078 0.21153846153846154
1 0.8377403846153846 0.18389423076923078 0.15865384615384615 0.1971153846153846