1 0.8497596153846154 0.07932692307692307 0.18028846153846154 0.125
1 0.5697115384615384 0.06129807692307692 0.1875 0.12259615384615384
1 0.2283653846153846 0.1875 0.17307692307692307 0.14423076923076922
1 0.8557692307692307 0.2439903846153846 0.17307692307692307 0.13942307692307693
1 0.5372596153846154 0.22716346153846154 0.16826923076923078 0.13701923076923078
1 0.234375 0.390625 0.18269230769230768 0.14423076923076922
1 0.53125 0.4387019230769231 0.18990384615384615 0.13942307692307693
1 0.8209134615384616 0.45913461538461536 0.1778846153846154 0.14423076923076922
1 0.2127403846153846 0.6262019230769231 0.1658653846153846 0.13221153846153846
1 0.484375 0.6466346153846154 0.16346153846153846 0.13701923076923078
1 0.7896634615384616 0.6706730769230769 0.17067307692307693 0.14423076923076922
1 0.1935096153846154 0.8737980769230769 0.1778846153846154 0.13942307692307693
1 0.49038461538461536 0.8966346153846154 0.16105769230769232 0.12980769230769232
1 0.7608173076923077 0.9242788461538461 0.17067307692307693 0.13942307692307693
1 0.2127403846153846 0.04326923076923077 0.17067307692307693 0.08653846153846154