1 0.8545673076923077 0.18629807692307693 0.15865384615384615 0.18269230769230768
1 0.8942307692307693 0.4495192307692308 0.15865384615384615 0.18990384615384615
1 0.7920673076923077 0.7872596153846154 0.14903846153846154 0.17307692307692307
1 0.6862980769230769 0.19831730769230768 0.14423076923076922 0.17307692307692307
1 0.7283653846153846 0.4963942307692308 0.14182692307692307 0.1658653846153846
1 0.5985576923076923 0.796875 0.14903846153846154 0.18269230769230768
1 0.5288461538461539 0.5204326923076923 0.14423076923076922 0.1875
1 0.4855769230769231 0.24759615384615385 0.14903846153846154 0.1778846153846154
1 0.3786057692307692 0.8365384615384616 0.13701923076923078 0.1658653846153846
1 0.33533653846153844 0.5817307692307693 0.14182692307692307 0.16105769230769232
1 0.28725961538461536 0.296875 0.1466346153846154 0.17067307692307693
1 0.14423076923076922 0.8762019230769231 0.14423076923076922 0.1778846153846154
1 0.09735576923076923 0.5961538461538461 0.13701923076923078 0.16105769230769232
1 0.06009615384615385 0.3425480769230769 0.1201923076923077 0.17067307692307693
1 0.9399038461538461 0.7860576923076923 0.1201923076923077 0.17307692307692307