1 0.7475961538461539 0.0733173076923077 0.18028846153846154 0.13701923076923078
1 0.4651442307692308 0.06610576923076923 0.18509615384615385 0.13221153846153846
1 0.12139423076923077 0.2091346153846154 0.17067307692307693 0.13942307692307693
1 0.7584134615384616 0.2439903846153846 0.17067307692307693 0.1346153846153846
1 0.43509615384615385 0.2403846153846154 0.16346153846153846 0.1346153846153846
1 0.13341346153846154 0.4170673076923077 0.18269230769230768 0.14182692307692307
1 0.4375 0.4519230769230769 0.1875 0.13701923076923078
1 0.7283653846153846 0.46274038461538464 0.17548076923076922 0.13942307692307693
1 0.12259615384615384 0.6550480769230769 0.16346153846153846 0.12740384615384615
1 0.3954326923076923 0.6646634615384616 0.15865384615384615 0.1346153846153846
1 0.7043269230769231 0.6814903846153846 0.16826923076923078 0.13942307692307693
1 0.10817307692307693 0.90625 0.17548076923076922 0.1346153846153846
1 0.4110576923076923 0.9194711538461539 0.15865384615384615 0.12740384615384615
1 0.6826923076923077 0.9350961538461539 0.16826923076923078 0.12980769230769232
1 0.09975961538461539 0.052884615384615384 0.17067307692307693 0.10576923076923077