1 0.8786057692307693 0.7920673076923077 0.14903846153846154 0.1778846153846154
1 0.8774038461538461 0.5024038461538461 0.14423076923076922 0.1875
1 0.7091346153846154 0.15625 0.13701923076923078 0.17067307692307693
1 0.6947115384615384 0.8100961538461539 0.13221153846153846 0.17067307692307693
1 0.6862980769230769 0.47836538461538464 0.13221153846153846 0.16346153846153846
1 0.49399038461538464 0.17548076923076922 0.13701923076923078 0.18269230769230768
1 0.4699519230769231 0.4891826923076923 0.13221153846153846 0.1875
1 0.4699519230769231 0.7884615384615384 0.13701923076923078 0.17548076923076922
1 0.25 0.17307692307692307 0.125 0.16346153846153846
1 0.25 0.453125 0.13221153846153846 0.15865384615384615
1 0.2439903846153846 0.7704326923076923 0.13701923076923078 0.16826923076923078
1 0.028846153846153848 0.16706730769230768 0.057692307692307696 0.17548076923076922
1 0.026442307692307692 0.47836538461538464 0.052884615384615384 0.15865384615384615
1 0.02283653846153846 0.7608173076923077 0.04567307692307692 0.1658653846153846
1 0.8846153846153846 0.12860576923076922 0.13701923076923078 0.17067307692307693