1 0.17668269230769232 0.11177884615384616 0.1778846153846154 0.14903846153846154
1 0.4567307692307692 0.10336538461538461 0.18509615384615385 0.1466346153846154
1 0.796875 0.2548076923076923 0.16826923076923078 0.13942307692307693
1 0.1658653846153846 0.29086538461538464 0.16826923076923078 0.13221153846153846
1 0.4879807692307692 0.28725961538461536 0.16346153846153846 0.13221153846153846
1 0.7860576923076923 0.4639423076923077 0.18028846153846154 0.14182692307692307
1 0.484375 0.49759615384615385 0.18509615384615385 0.1346153846153846
1 0.19471153846153846 0.5084134615384616 0.17548076923076922 0.13942307692307693
1 0.796875 0.6995192307692307 0.16346153846153846 0.12740384615384615
1 0.5252403846153846 0.7091346153846154 0.15865384615384615 0.13221153846153846
1 0.21875 0.7247596153846154 0.16826923076923078 0.13942307692307693
1 0.8112980769230769 0.9375 0.17307692307692307 0.10817307692307693
1 0.5108173076923077 0.9495192307692307 0.15625 0.10096153846153846
1 0.23677884615384615 0.9567307692307693 0.1658653846153846 0.08653846153846154
1 0.8185096153846154 0.08533653846153846 0.16826923076923078 0.13942307692307693