1 0.6995192307692307 0.07692307692307693 0.1778846153846154 0.15384615384615385
1 0.4338942307692308 0.11057692307692307 0.1875 0.15384615384615385
1 0.13581730769230768 0.30528846153846156 0.17307692307692307 0.1466346153846154
1 0.7367788461538461 0.24278846153846154 0.17307692307692307 0.14182692307692307
1 0.4326923076923077 0.28846153846153844 0.16826923076923078 0.13701923076923078
1 0.1778846153846154 0.4987980769230769 0.18269230769230768 0.1466346153846154
1 0.4675480769230769 0.4855769230769231 0.1875 0.13942307692307693
1 0.7427884615384616 0.4519230769230769 0.1778846153846154 0.1466346153846154
1 0.203125 0.7235576923076923 0.1658653846153846 0.13221153846153846
1 0.45913461538461536 0.6911057692307693 0.16105769230769232 0.13701923076923078
1 0.7512019230769231 0.6610576923076923 0.16826923076923078 0.14423076923076922
1 0.22596153846153846 0.9459134615384616 0.1778846153846154 0.10817307692307693
1 0.5120192307692307 0.9278846153846154 0.15865384615384615 0.13221153846153846
1 0.7716346153846154 0.9038461538461539 0.16826923076923078 0.13701923076923078
1 0.09134615384615384 0.14543269230769232 0.17307692307692307 0.1466346153846154