1 0.8245192307692307 0.15625 0.18509615384615385 0.16346153846153846
1 0.5588942307692307 0.11538461538461539 0.19230769230769232 0.16105769230769232
1 0.21634615384615385 0.21995192307692307 0.17548076923076922 0.15144230769230768
1 0.8149038461538461 0.3269230769230769 0.17548076923076922 0.1466346153846154
1 0.5084134615384616 0.28725961538461536 0.17067307692307693 0.14423076923076922
1 0.203125 0.4182692307692308 0.18509615384615385 0.15144230769230768
1 0.4855769230769231 0.4879807692307692 0.18990384615384615 0.14903846153846154
1 0.7620192307692307 0.53125 0.18028846153846154 0.15144230769230768
1 0.16466346153846154 0.6430288461538461 0.17067307692307693 0.13942307692307693
1 0.421875 0.6838942307692307 0.1658653846153846 0.14423076923076922
1 0.7127403846153846 0.7355769230769231 0.17307692307692307 0.14903846153846154
1 0.12259615384615384 0.8798076923076923 0.18028846153846154 0.1466346153846154
1 0.40625 0.9266826923076923 0.1658653846153846 0.13942307692307693
1 0.6622596153846154 0.9507211538461539 0.17067307692307693 0.0985576923076923
1 0.21514423076923078 0.06490384615384616 0.17548076923076922 0.12980769230769232