1 0.8942307692307693 0.21394230769230768 0.14903846153846154 0.18028846153846154
1 0.8978365384615384 0.5012019230769231 0.1466346153846154 0.1875
1 0.7367788461538461 0.8473557692307693 0.13701923076923078 0.17067307692307693
1 0.7127403846153846 0.20072115384615385 0.13221153846153846 0.17067307692307693
1 0.7091346153846154 0.5288461538461539 0.13221153846153846 0.1658653846153846
1 0.5252403846153846 0.8317307692307693 0.13701923076923078 0.18028846153846154
1 0.49399038461538464 0.5216346153846154 0.13221153846153846 0.1875
1 0.4891826923076923 0.22596153846153846 0.13701923076923078 0.17548076923076922
1 0.28365384615384615 0.8377403846153846 0.12740384615384615 0.1658653846153846
1 0.27884615384615385 0.5600961538461539 0.13221153846153846 0.16105769230769232
1 0.2668269230769231 0.24639423076923078 0.13701923076923078 0.16826923076923078
1 0.04927884615384615 0.8485576923076923 0.0889423076923077 0.17548076923076922
1 0.042067307692307696 0.5408653846153846 0.08413461538461539 0.16105769230769232
1 0.036057692307692304 0.2620192307692308 0.07211538461538461 0.16826923076923078
1 0.9110576923076923 0.8701923076923077 0.13701923076923078 0.17067307692307693