1 0.08413461538461539 0.27403846153846156 0.15865384615384615 0.18509615384615385
1 0.11899038461538461 0.5420673076923077 0.15384615384615385 0.1875
1 0.31490384615384615 0.84375 0.14903846153846154 0.17307692307692307
1 0.2536057692307692 0.23557692307692307 0.14182692307692307 0.17307692307692307
1 0.2980769230769231 0.5432692307692307 0.13942307692307693 0.16826923076923078
1 0.5120192307692307 0.8016826923076923 0.14903846153846154 0.18269230769230768
1 0.4987980769230769 0.5072115384615384 0.14182692307692307 0.1875
1 0.4639423076923077 0.23076923076923078 0.14903846153846154 0.1778846153846154
1 0.7379807692307693 0.7764423076923077 0.1346153846153846 0.1658653846153846
1 0.7067307692307693 0.515625 0.13942307692307693 0.16346153846153846
1 0.6754807692307693 0.22115384615384615 0.14903846153846154 0.17067307692307693
1 0.953125 0.7512019230769231 0.09375 0.17548076923076922
1 0.9387019230769231 0.46274038461538464 0.12259615384615384 0.16105769230769232
1 0.9122596153846154 0.20192307692307693 0.12740384615384615 0.16826923076923078
1 0.15504807692307693 0.8882211538461539 0.14903846153846154 0.17307692307692307