1 0.9194711538461539 0.7872596153846154 0.14182692307692307 0.16826923076923078
1 0.9278846153846154 0.5192307692307693 0.13942307692307693 0.1778846153846154
1 0.7824519230769231 0.19471153846153846 0.13221153846153846 0.16346153846153846
1 0.7475961538461539 0.7980769230769231 0.125 0.16346153846153846
1 0.7512019230769231 0.49038461538461536 0.125 0.15865384615384615
1 0.5841346153846154 0.20552884615384615 0.13221153846153846 0.17307692307692307
1 0.5504807692307693 0.49399038461538464 0.125 0.1778846153846154
1 0.5408653846153846 0.7704326923076923 0.13221153846153846 0.16826923076923078
1 0.3581730769230769 0.19591346153846154 0.1201923076923077 0.15865384615384615
1 0.3485576923076923 0.4543269230769231 0.125 0.15144230769230768
1 0.33413461538461536 0.7463942307692307 0.13221153846153846 0.15865384615384615
1 0.1201923076923077 0.18269230769230768 0.125 0.16826923076923078
1 0.10817307692307693 0.46875 0.1201923076923077 0.15144230769230768
1 0.09014423076923077 0.7283653846153846 0.125 0.15865384615384615
1 0.9399038461538461 0.17548076923076922 0.1201923076923077 0.16346153846153846