1 0.2247596153846154 0.8954326923076923 0.17548076923076922 0.14903846153846154
1 0.5120192307692307 0.8990384615384616 0.18509615384615385 0.1466346153846154
1 0.8533653846153846 0.7403846153846154 0.17067307692307693 0.13701923076923078
1 0.21394230769230768 0.7151442307692307 0.17067307692307693 0.13221153846153846
1 0.5372596153846154 0.7163461538461539 0.16346153846153846 0.13221153846153846
1 0.8365384615384616 0.5324519230769231 0.18028846153846154 0.13701923076923078
1 0.5324519230769231 0.5 0.18509615384615385 0.13221153846153846
1 0.23677884615384615 0.4951923076923077 0.17548076923076922 0.13701923076923078
1 0.8449519230769231 0.2932692307692308 0.16346153846153846 0.12740384615384615
1 0.5685096153846154 0.2860576923076923 0.15865384615384615 0.13221153846153846
1 0.25721153846153844 0.2776442307692308 0.1658653846153846 0.13701923076923078
1 0.8521634615384616 0.056490384615384616 0.17307692307692307 0.10336538461538461
1 0.5492788461538461 0.04807692307692308 0.15865384615384615 0.09615384615384616
1 0.27283653846153844 0.04326923076923077 0.1658653846153846 0.08653846153846154
1 0.8774038461538461 0.9134615384615384 0.17067307692307693 0.13701923076923078