1 0.7475961538461539 0.9038461538461539 0.1658653846153846 0.13701923076923078
1 0.4831730769230769 0.8978365384615384 0.17307692307692307 0.13701923076923078
1 0.16826923076923078 0.7379807692307693 0.15865384615384615 0.12740384615384615
1 0.7680288461538461 0.7355769230769231 0.15865384615384615 0.12259615384615384
1 0.4639423076923077 0.7235576923076923 0.15384615384615385 0.12259615384615384
1 0.18990384615384615 0.5432692307692307 0.16826923076923078 0.12980769230769232
1 0.47716346153846156 0.5252403846153846 0.17307692307692307 0.12259615384615384
1 0.7512019230769231 0.5300480769230769 0.16346153846153846 0.12980769230769232
1 0.19230769230769232 0.31971153846153844 0.15384615384615385 0.11778846153846154
1 0.4483173076923077 0.3233173076923077 0.1466346153846154 0.12259615384615384
1 0.7379807692307693 0.32211538461538464 0.15625 0.12980769230769232
1 0.19110576923076922 0.08173076923076923 0.16346153846153846 0.12259615384615384
1 0.47475961538461536 0.08533653846153846 0.1466346153846154 0.11778846153846154
1 0.7319711538461539 0.08173076923076923 0.15625 0.12259615384615384
1 0.140625 0.8990384615384616 0.15865384615384615 0.12740384615384615