1 0.109375 0.23918269230769232 0.12980769230769232 0.15865384615384615
1 0.11057692307692307 0.4951923076923077 0.12980769230769232 0.16346153846153846
1 0.25961538461538464 0.8004807692307693 0.1201923076923077 0.15144230769230768
1 0.27163461538461536 0.22355769230769232 0.11538461538461539 0.14903846153846154
1 0.27884615384615385 0.5168269230769231 0.11538461538461539 0.14423076923076922
1 0.4495192307692308 0.7836538461538461 0.1201923076923077 0.15865384615384615
1 0.47115384615384615 0.5072115384615384 0.11538461538461539 0.16346153846153846
1 0.47115384615384615 0.24278846153846154 0.1201923076923077 0.15384615384615385
1 0.6646634615384616 0.7860576923076923 0.11057692307692307 0.1466346153846154
1 0.6646634615384616 0.5384615384615384 0.11538461538461539 0.13942307692307693
1 0.6694711538461539 0.25841346153846156 0.1201923076923077 0.14903846153846154
1 0.8930288461538461 0.7908653846153846 0.11538461538461539 0.15384615384615385
1 0.8954326923076923 0.5168269230769231 0.11057692307692307 0.13942307692307693
1 0.9026442307692307 0.26802884615384615 0.11538461538461539 0.14903846153846154
1 0.1045673076923077 0.8257211538461539 0.1201923076923077 0.15144230769230768