1 0.9447115384615384 0.2439903846153846 0.11057692307692307 0.17067307692307693
1 0.9447115384615384 0.5216346153846154 0.11057692307692307 0.1778846153846154
1 0.796875 0.8521634615384616 0.12980769230769232 0.16346153846153846
1 0.7836538461538461 0.22596153846153846 0.125 0.16346153846153846
1 0.7764423076923077 0.5444711538461539 0.125 0.15865384615384615
1 0.5925480769230769 0.8341346153846154 0.12980769230769232 0.17307692307692307
1 0.5685096153846154 0.5336538461538461 0.125 0.1778846153846154
1 0.5685096153846154 0.24759615384615385 0.12980769230769232 0.16826923076923078
1 0.3581730769230769 0.8365384615384616 0.1201923076923077 0.15865384615384615
1 0.3581730769230769 0.5685096153846154 0.125 0.15384615384615385
1 0.35216346153846156 0.2644230769230769 0.12980769230769232 0.16105769230769232
1 0.11057692307692307 0.8425480769230769 0.125 0.16826923076923078
1 0.10817307692307693 0.5444711538461539 0.1201923076923077 0.15384615384615385
1 0.09975961538461539 0.27524038461538464 0.125 0.16105769230769232
1 0.9495192307692307 0.8786057692307693 0.10096153846153846 0.16346153846153846