1 0.9230769230769231 0.26802884615384615 0.15384615384615385 0.18028846153846154
1 0.8882211538461539 0.5336538461538461 0.15625 0.18990384615384615
1 0.6887019230769231 0.8293269230769231 0.14903846153846154 0.17548076923076922
1 0.7608173076923077 0.22956730769230768 0.14182692307692307 0.17307692307692307
1 0.7103365384615384 0.5324519230769231 0.13942307692307693 0.16826923076923078
1 0.4963942307692308 0.7836538461538461 0.14903846153846154 0.18509615384615385
1 0.5144230769230769 0.4951923076923077 0.14423076923076922 0.1875
1 0.5528846153846154 0.21995192307692307 0.14903846153846154 0.18028846153846154
1 0.27283653846153844 0.7560096153846154 0.1346153846153846 0.16826923076923078
1 0.3088942307692308 0.4987980769230769 0.13942307692307693 0.16105769230769232
1 0.34375 0.20673076923076922 0.1466346153846154 0.17067307692307693
1 0.052884615384615384 0.7259615384615384 0.10576923076923077 0.1778846153846154
1 0.07211538461538461 0.4423076923076923 0.1346153846153846 0.16105769230769232
1 0.10096153846153846 0.18389423076923078 0.13942307692307693 0.16826923076923078
1 0.8461538461538461 0.8762019230769231 0.14903846153846154 0.17548076923076922