1 0.03485576923076923 0.7512019230769231 0.06971153846153846 0.18509615384615385
1 0.055288461538461536 0.4699519230769231 0.11057692307692307 0.19471153846153846
1 0.23677884615384615 0.15384615384615385 0.15625 0.18509615384615385
1 0.16105769230769232 0.7884615384615384 0.15144230769230768 0.18509615384615385
1 0.21394230769230768 0.46875 0.15144230769230768 0.1778846153846154
1 0.4411057692307692 0.20192307692307693 0.15865384615384615 0.19471153846153846
1 0.421875 0.5084134615384616 0.15384615384615385 0.19951923076923078
1 0.38221153846153844 0.7980769230769231 0.15625 0.18990384615384615
1 0.6790865384615384 0.23076923076923078 0.1466346153846154 0.1778846153846154
1 0.640625 0.5036057692307693 0.15144230769230768 0.17307692307692307
1 0.6033653846153846 0.8112980769230769 0.15625 0.18028846153846154
1 0.9266826923076923 0.2608173076923077 0.1466346153846154 0.18990384615384615
1 0.890625 0.5637019230769231 0.1466346153846154 0.17307692307692307
1 0.859375 0.8365384615384616 0.15144230769230768 0.18028846153846154
1 0.09375 0.10697115384615384 0.10817307692307693 0.1778846153846154