1 0.8533653846153846 0.9338942307692307 0.18269230769230768 0.10576923076923077
1 0.5661057692307693 0.9483173076923077 0.18990384615384615 0.10336538461538461
1 0.21754807692307693 0.8257211538461539 0.17548076923076922 0.1466346153846154
1 0.8617788461538461 0.7776442307692307 0.17548076923076922 0.14182692307692307
1 0.5348557692307693 0.7872596153846154 0.17067307692307693 0.13701923076923078
1 0.22596153846153846 0.6117788461538461 0.18509615384615385 0.14423076923076922
1 0.5336538461538461 0.5721153846153846 0.19230769230769232 0.13942307692307693
1 0.8293269230769231 0.5564903846153846 0.18028846153846154 0.14423076923076922
1 0.21033653846153846 0.3701923076923077 0.17067307692307693 0.13221153846153846
1 0.48677884615384615 0.3557692307692308 0.1658653846153846 0.13701923076923078
1 0.8004807692307693 0.33533653846153844 0.17307692307692307 0.14423076923076922
1 0.19110576923076922 0.11658653846153846 0.18028846153846154 0.13942307692307693
1 0.49759615384615385 0.09735576923076923 0.1658653846153846 0.13221153846153846
1 0.7764423076923077 0.07451923076923077 0.17307692307692307 0.13942307692307693
1 0.1971153846153846 0.9639423076923077 0.17307692307692307 0.07211538461538461