1 0.14182692307692307 0.18990384615384615 0.15144230769230768 0.17307692307692307
1 0.11177884615384616 0.44471153846153844 0.14903846153846154 0.18028846153846154
1 0.22355769230769232 0.7692307692307693 0.13942307692307693 0.1658653846153846
1 0.30649038461538464 0.1935096153846154 0.1346153846153846 0.1658653846153846
1 0.2776442307692308 0.48677884615384615 0.13221153846153846 0.15865384615384615
1 0.41466346153846156 0.7740384615384616 0.14182692307692307 0.17548076923076922
1 0.47115384615384615 0.5012019230769231 0.1346153846153846 0.1778846153846154
1 0.5036057692307693 0.23798076923076922 0.14182692307692307 0.17067307692307693
1 0.6298076923076923 0.8028846153846154 0.12740384615384615 0.15865384615384615
1 0.6598557692307693 0.5564903846153846 0.13221153846153846 0.15384615384615385
1 0.6995192307692307 0.2776442307692308 0.13942307692307693 0.16346153846153846
1 0.8569711538461539 0.8353365384615384 0.1346153846153846 0.16826923076923078
1 0.8930288461538461 0.5625 0.12740384615384615 0.15384615384615385
1 0.9302884615384616 0.3161057692307692 0.13221153846153846 0.16105769230769232
1 0.0673076923076923 0.7728365384615384 0.1346153846153846 0.1658653846153846