1 0.10576923076923077 0.9314903846153846 0.18509615384615385 0.09615384615384616
1 0.39903846153846156 0.9519230769230769 0.19230769230769232 0.09615384615384616
1 0.7572115384615384 0.8389423076923077 0.18269230769230768 0.15144230769230768
1 0.0985576923076923 0.7776442307692307 0.18269230769230768 0.1466346153846154
1 0.43509615384615385 0.7932692307692307 0.1778846153846154 0.1466346153846154
1 0.7524038461538461 0.6213942307692307 0.19230769230769232 0.15144230769230768
1 0.43990384615384615 0.5745192307692307 0.1971153846153846 0.1466346153846154
1 0.13701923076923078 0.5528846153846154 0.1875 0.15144230769230768
1 0.7740384615384616 0.375 0.1778846153846154 0.13942307692307693
1 0.49038461538461536 0.3545673076923077 0.17067307692307693 0.1466346153846154
1 0.17067307692307693 0.3269230769230769 0.1778846153846154 0.15144230769230768
1 0.796875 0.1141826923076923 0.1875 0.1466346153846154
1 0.484375 0.0889423076923077 0.17067307692307693 0.13942307692307693
1 0.19951923076923078 0.0673076923076923 0.1778846153846154 0.1346153846153846
1 0.7740384615384616 0.9711538461538461 0.1778846153846154 0.057692307692307696