1 0.8245192307692307 0.9122596153846154 0.17307692307692307 0.14903846153846154
1 0.5564903846153846 0.9254807692307693 0.18028846153846154 0.14423076923076922
1 0.22596153846153846 0.7848557692307693 0.1658653846153846 0.1346153846153846
1 0.8317307692307693 0.7403846153846154 0.1658653846153846 0.12980769230769232
1 0.5228365384615384 0.7487980769230769 0.16105769230769232 0.12980769230769232
1 0.23317307692307693 0.5853365384615384 0.17548076923076922 0.13701923076923078
1 0.5228365384615384 0.546875 0.18028846153846154 0.13221153846153846
1 0.8004807692307693 0.5324519230769231 0.17067307692307693 0.1346153846153846
1 0.21995192307692307 0.359375 0.15865384615384615 0.125
1 0.47836538461538464 0.34615384615384615 0.15625 0.12980769230769232
1 0.7740384615384616 0.3245192307692308 0.16105769230769232 0.1346153846153846
1 0.20192307692307693 0.1201923076923077 0.17067307692307693 0.12980769230769232
1 0.4891826923076923 0.10216346153846154 0.15384615384615385 0.125
1 0.75 0.08173076923076923 0.16105769230769232 0.12980769230769232
1 0.20793269230769232 0.9411057692307693 0.1658653846153846 0.11778846153846154