1 0.06850961538461539 0.7355769230769231 0.13701923076923078 0.16826923076923078
1 0.078125 0.4675480769230769 0.13942307692307693 0.1778846153846154
1 0.24519230769230768 0.15264423076923078 0.13221153846153846 0.16346153846153846
1 0.23677884615384615 0.7584134615384616 0.125 0.16346153846153846
1 0.2548076923076923 0.45072115384615385 0.125 0.15865384615384615
1 0.4423076923076923 0.1778846153846154 0.13221153846153846 0.17307692307692307
1 0.45552884615384615 0.46875 0.125 0.1778846153846154
1 0.44591346153846156 0.7451923076923077 0.13221153846153846 0.16826923076923078
1 0.6682692307692307 0.18389423076923078 0.1201923076923077 0.15865384615384615
1 0.6598557692307693 0.4423076923076923 0.125 0.15144230769230768
1 0.6538461538461539 0.7355769230769231 0.13221153846153846 0.15865384615384615
1 0.90625 0.1875 0.125 0.16826923076923078
1 0.9002403846153846 0.4735576923076923 0.1201923076923077 0.15144230769230768
1 0.8978365384615384 0.734375 0.125 0.16105769230769232
1 0.08413461538461539 0.12259615384615384 0.13221153846153846 0.16346153846153846