1 0.8353365384615384 0.14903846153846154 0.18028846153846154 0.15865384615384615
1 0.5745192307692307 0.109375 0.1875 0.15384615384615385
1 0.24278846153846154 0.21153846153846154 0.17067307692307693 0.1466346153846154
1 0.8221153846153846 0.31490384615384615 0.17067307692307693 0.14182692307692307
1 0.5288461538461539 0.27403846153846156 0.1658653846153846 0.14182692307692307
1 0.23197115384615385 0.4026442307692308 0.18028846153846154 0.14903846153846154
1 0.5048076923076923 0.4699519230769231 0.18509615384615385 0.14423076923076922
1 0.7740384615384616 0.5132211538461539 0.17548076923076922 0.14903846153846154
1 0.19230769230769232 0.6189903846153846 0.1658653846153846 0.13701923076923078
1 0.44350961538461536 0.6610576923076923 0.16105769230769232 0.14182692307692307
1 0.7259615384615384 0.7091346153846154 0.16826923076923078 0.1466346153846154
1 0.15384615384615385 0.8497596153846154 0.17548076923076922 0.14423076923076922
1 0.43028846153846156 0.8954326923076923 0.16105769230769232 0.13701923076923078
1 0.6778846153846154 0.9350961538461539 0.16826923076923078 0.12980769230769232
1 0.24158653846153846 0.06129807692307692 0.17067307692307693 0.12259615384615384