1 0.890625 0.7800480769230769 0.14423076923076922 0.17067307692307693
1 0.8990384615384616 0.5096153846153846 0.13942307692307693 0.1778846153846154
1 0.7536057692307693 0.1814903846153846 0.13221153846153846 0.16346153846153846
1 0.7199519230769231 0.7884615384615384 0.12740384615384615 0.16346153846153846
1 0.7259615384615384 0.4831730769230769 0.12740384615384615 0.15865384615384615
1 0.5564903846153846 0.19471153846153846 0.13221153846153846 0.17307692307692307
1 0.5216346153846154 0.4831730769230769 0.12740384615384615 0.1778846153846154
1 0.5108173076923077 0.7632211538461539 0.13221153846153846 0.16826923076923078
1 0.3293269230769231 0.18269230769230768 0.12259615384615384 0.15865384615384615
1 0.3173076923076923 0.44591346153846156 0.12740384615384615 0.15384615384615385
1 0.30528846153846156 0.7391826923076923 0.13221153846153846 0.15865384615384615
1 0.09014423076923077 0.171875 0.12740384615384615 0.16826923076923078
1 0.078125 0.46033653846153844 0.12259615384615384 0.15384615384615385
1 0.06129807692307692 0.71875 0.12259615384615384 0.15865384615384615
1 0.9170673076923077 0.1622596153846154 0.13221153846153846 0.16346153846153846