1 0.9314903846153846 0.7067307692307693 0.13701923076923078 0.18269230769230768
1 0.9014423076923077 0.44350961538461536 0.16105769230769232 0.19230769230769232
1 0.6971153846153846 0.15264423076923078 0.15144230769230768 0.17548076923076922
1 0.7788461538461539 0.7512019230769231 0.14423076923076922 0.17548076923076922
1 0.7235576923076923 0.4483173076923077 0.14182692307692307 0.17067307692307693
1 0.5036057692307693 0.20072115384615385 0.15144230769230768 0.18509615384615385
1 0.5264423076923077 0.49038461538461536 0.1466346153846154 0.18990384615384615
1 0.5697115384615384 0.7644230769230769 0.15144230769230768 0.18028846153846154
1 0.2800480769230769 0.234375 0.13701923076923078 0.17067307692307693
1 0.32091346153846156 0.4891826923076923 0.14182692307692307 0.16346153846153846
1 0.36177884615384615 0.7800480769230769 0.14903846153846154 0.17307692307692307
1 0.057692307692307696 0.265625 0.11538461538461539 0.18028846153846154
1 0.08653846153846154 0.5492788461538461 0.13701923076923078 0.16346153846153846
1 0.11899038461538461 0.8088942307692307 0.14182692307692307 0.17067307692307693
1 0.8533653846153846 0.10216346153846154 0.15144230769230768 0.17548076923076922