1 0.1935096153846154 0.35336538461538464 0.08413461538461539 0.11538461538461539
0 0.22716346153846154 0.6262019230769231 0.0673076923076923 0.10336538461538461
1 0.21033653846153846 0.484375 0.08413461538461539 0.11298076923076923
0 0.24278846153846154 0.7319711538461539 0.06971153846153846 0.0985576923076923
1 0.18509615384615385 0.21995192307692307 0.09134615384615384 0.125
2 0.28365384615384615 0.9795673076923077 0.07211538461538461 0.040865384615384616
0 0.2704326923076923 0.8581730769230769 0.07211538461538461 0.10336538461538461
1 0.29086538461538464 0.4675480769230769 0.08413461538461539 0.11298076923076923
1 0.28725961538461536 0.35096153846153844 0.0889423076923077 0.12259615384615384
2 0.3713942307692308 0.9711538461538461 0.08413461538461539 0.057692307692307696
0 0.34615384615384615 0.7355769230769231 0.07211538461538461 0.11057692307692307
0 0.3401442307692308 0.6189903846153846 0.08413461538461539 0.10336538461538461
0 0.37259615384615385 0.8641826923076923 0.08413461538461539 0.10336538461538461
1 0.2932692307692308 0.18870192307692307 0.09615384615384616 0.1201923076923077
0 0.46033653846153844 0.8762019230769231 0.08413461538461539 0.10817307692307693
0 0.44350961538461536 0.7415865384615384 0.08413461538461539 0.11298076923076923
0 0.44350961538461536 0.6189903846153846 0.08413461538461539 0.10817307692307693
1 0.43028846153846156 0.4807692307692308 0.10576923076923077 0.12980769230769232
2 0.4987980769230769 0.9903846153846154 0.0889423076923077 0.019230769230769232
1 0.42908653846153844 0.3137019230769231 0.11057692307692307 0.13221153846153846
1 0.4182692307692308 0.15504807692307693 0.10096153846153846 0.125
0 0.5661057692307693 0.8954326923076923 0.10096153846153846 0.13221153846153846
0 0.5600961538461539 0.7524038461538461 0.09134615384615384 0.11538461538461539
0 0.5504807692307693 0.6081730769230769 0.0889423076923077 0.1201923076923077
1 0.5985576923076923 0.4579326923076923 0.11538461538461539 0.13701923076923078
1 0.5757211538461539 0.26802884615384615 0.11298076923076923 0.14423076923076922
1 0.5685096153846154 0.09014423076923077 0.11538461538461539 0.13221153846153846
0 0.7175480769230769 0.9134615384615384 0.10096153846153846 0.12980769230769232
0 0.703125 0.7548076923076923 0.0985576923076923 0.12259615384615384
0 0.6899038461538461 0.6057692307692307 0.10576923076923077 0.125
1 0.7259615384615384 0.24519230769230768 0.1201923076923077 0.15384615384615385
1 0.7548076923076923 0.4362980769230769 0.12740384615384615 0.14903846153846154
1 0.7067307692307693 0.06370192307692307 0.1201923076923077 0.12740384615384615
0 0.8245192307692307 0.6117788461538461 0.11057692307692307 0.13221153846153846
0 0.8485576923076923 0.7596153846153846 0.1201923076923077 0.1346153846153846
0 0.8677884615384616 0.9158653846153846 0.10576923076923077 0.09615384615384616