1 0.7944711538461539 0.3076923076923077 0.07451923076923077 0.10817307692307693
0 0.7824519230769231 0.5817307692307693 0.055288461538461536 0.09615384615384616
1 0.7872596153846154 0.4375 0.07211538461538461 0.10576923076923077
0 0.7764423076923077 0.6826923076923077 0.06009615384615385 0.09134615384615384
1 0.7908653846153846 0.1778846153846154 0.07932692307692307 0.11778846153846154
2 0.7596153846153846 0.9567307692307693 0.0673076923076923 0.08653846153846154
0 0.7620192307692307 0.8088942307692307 0.06009615384615385 0.09615384615384616
1 0.7055288461538461 0.43028846153846156 0.07211538461538461 0.10576923076923077
1 0.6995192307692307 0.31490384615384615 0.07932692307692307 0.11298076923076923
2 0.6670673076923077 0.9543269230769231 0.07451923076923077 0.09134615384615384
0 0.6754807692307693 0.6959134615384616 0.06009615384615385 0.10336538461538461
0 0.6730769230769231 0.5829326923076923 0.07211538461538461 0.09615384615384616
0 0.6622596153846154 0.8257211538461539 0.07211538461538461 0.09615384615384616
1 0.6814903846153846 0.15504807692307693 0.08653846153846154 0.11298076923076923
0 0.5769230769230769 0.8461538461538461 0.07211538461538461 0.10096153846153846
0 0.5793269230769231 0.7103365384615384 0.07211538461538461 0.10576923076923077
0 0.5709134615384616 0.5889423076923077 0.07211538461538461 0.10096153846153846
1 0.5709134615384616 0.453125 0.09375 0.12259615384615384
2 0.5432692307692307 0.9783653846153846 0.08653846153846154 0.04326923076923077
1 0.5564903846153846 0.2920673076923077 0.0985576923076923 0.12259615384615384
1 0.5552884615384616 0.1346153846153846 0.0889423076923077 0.11778846153846154
0 0.47475961538461536 0.8737980769230769 0.0889423076923077 0.12259615384615384
0 0.4651442307692308 0.734375 0.07932692307692307 0.10576923076923077
0 0.46153846153846156 0.5901442307692307 0.07932692307692307 0.11298076923076923
1 0.40625 0.44471153846153844 0.10336538461538461 0.12740384615384615
1 0.4098557692307692 0.25841346153846156 0.0985576923076923 0.13701923076923078
1 0.4026442307692308 0.08052884615384616 0.10336538461538461 0.12259615384615384
0 0.3269230769230769 0.9026442307692307 0.0889423076923077 0.12259615384615384
0 0.32572115384615385 0.7475961538461539 0.0889423076923077 0.11298076923076923
0 0.328125 0.5973557692307693 0.09375 0.11778846153846154
1 0.2620192307692308 0.24879807692307693 0.10576923076923077 0.14182692307692307
1 0.25 0.43990384615384615 0.11538461538461539 0.13942307692307693
1 0.26322115384615385 0.06370192307692307 0.10817307692307693 0.12740384615384615
0 0.19591346153846154 0.6153846153846154 0.0985576923076923 0.12259615384615384
0 0.18389423076923078 0.7644230769230769 0.10817307692307693 0.12259615384615384
0 0.1778846153846154 0.9338942307692307 0.0985576923076923 0.11298076923076923