1 0.6814903846153846 0.11899038461538461 0.12740384615384615 0.09134615384615384
0 0.38100961538461536 0.15985576923076922 0.11057692307692307 0.07211538461538461
1 0.5384615384615384 0.140625 0.125 0.09134615384615384
0 0.2704326923076923 0.17548076923076922 0.10576923076923077 0.07932692307692307
1 0.8233173076923077 0.11057692307692307 0.1346153846153846 0.09615384615384616
2 0.009615384615384616 0.21754807692307693 0.019230769230769232 0.07932692307692307
0 0.13341346153846154 0.203125 0.11057692307692307 0.07932692307692307
1 0.5552884615384616 0.22956730769230768 0.125 0.09134615384615384
1 0.6814903846153846 0.2247596153846154 0.13221153846153846 0.09615384615384616
2 0.018028846153846152 0.3173076923076923 0.036057692307692304 0.08653846153846154
0 0.265625 0.2860576923076923 0.1201923076923077 0.08173076923076923
0 0.390625 0.2800480769230769 0.11298076923076923 0.0889423076923077
0 0.125 0.31490384615384615 0.11298076923076923 0.0889423076923077
1 0.8605769230769231 0.2283653846153846 0.12980769230769232 0.10576923076923077
0 0.10817307692307693 0.4098557692307692 0.1201923076923077 0.0889423076923077
0 0.25841346153846156 0.3954326923076923 0.125 0.09134615384615384
0 0.39302884615384615 0.3918269230769231 0.1201923076923077 0.0889423076923077
1 0.5432692307692307 0.3798076923076923 0.14182692307692307 0.11298076923076923
1 0.7211538461538461 0.3798076923076923 0.14182692307692307 0.11778846153846154
1 0.8942307692307693 0.36658653846153844 0.1346153846153846 0.10576923076923077
0 0.0889423076923077 0.5264423076923077 0.14423076923076922 0.10817307692307693
0 0.2439903846153846 0.5216346153846154 0.125 0.0985576923076923
0 0.4026442307692308 0.5120192307692307 0.12980769230769232 0.09615384615384616
1 0.5685096153846154 0.5600961538461539 0.14903846153846154 0.12740384615384615
1 0.7728365384615384 0.5384615384615384 0.16105769230769232 0.1201923076923077
1 0.9483173076923077 0.5276442307692307 0.10336538461538461 0.12259615384615384
0 0.07932692307692307 0.6899038461538461 0.12740384615384615 0.10576923076923077
0 0.24158653846153846 0.6766826923076923 0.13221153846153846 0.10576923076923077
0 0.4074519230769231 0.6598557692307693 0.13701923076923078 0.11298076923076923
1 0.796875 0.6983173076923077 0.1658653846153846 0.12740384615384615
1 0.5889423076923077 0.7307692307692307 0.16346153846153846 0.13701923076923078
1 0.9615384615384616 0.6838942307692307 0.07692307692307693 0.12740384615384615
0 0.39903846153846156 0.8064903846153846 0.14423076923076922 0.11778846153846154
0 0.23798076923076922 0.8353365384615384 0.14182692307692307 0.12980769230769232
0 0.07692307692307693 0.8545673076923077 0.08653846153846154 0.11057692307692307