1 0.7788461538461539 0.2920673076923077 0.07451923076923077 0.10817307692307693
0 0.7932692307692307 0.5649038461538461 0.06009615384615385 0.0985576923076923
1 0.7860576923076923 0.421875 0.07451923076923077 0.10817307692307693
0 0.796875 0.6694711538461539 0.06490384615384616 0.09375
1 0.7644230769230769 0.15865384615384615 0.07932692307692307 0.1201923076923077
2 0.8016826923076923 0.9423076923076923 0.06971153846153846 0.08653846153846154
0 0.7908653846153846 0.7980769230769231 0.06490384615384616 0.0985576923076923
1 0.7043269230769231 0.41947115384615385 0.07451923076923077 0.10817307692307693
1 0.6875 0.30408653846153844 0.07932692307692307 0.11778846153846154
2 0.7127403846153846 0.9459134615384616 0.07932692307692307 0.09134615384615384
0 0.6959134615384616 0.6911057692307693 0.06490384615384616 0.10336538461538461
0 0.6826923076923077 0.5757211538461539 0.07451923076923077 0.0985576923076923
0 0.6923076923076923 0.8233173076923077 0.07451923076923077 0.0985576923076923
1 0.6526442307692307 0.1466346153846154 0.08653846153846154 0.11538461538461539
0 0.6081730769230769 0.8497596153846154 0.07451923076923077 0.10336538461538461
0 0.6009615384615384 0.7151442307692307 0.07451923076923077 0.10817307692307693
0 0.5793269230769231 0.59375 0.07451923076923077 0.10336538461538461
1 0.5697115384615384 0.4567307692307692 0.0985576923076923 0.125
2 0.5901442307692307 0.9807692307692307 0.0889423076923077 0.036057692307692304
1 0.5420673076923077 0.2920673076923077 0.10336538461538461 0.125
1 0.5252403846153846 0.1346153846153846 0.09134615384615384 0.1201923076923077
0 0.5084134615384616 0.8858173076923077 0.09375 0.12740384615384615
0 0.4891826923076923 0.7463942307692307 0.08173076923076923 0.11057692307692307
0 0.4723557692307692 0.6009615384615384 0.07932692307692307 0.11538461538461539
1 0.40024038461538464 0.46274038461538464 0.10817307692307693 0.12980769230769232
1 0.390625 0.27403846153846156 0.10336538461538461 0.13942307692307693
1 0.36538461538461536 0.09615384615384616 0.10817307692307693 0.125
0 0.3629807692307692 0.9302884615384616 0.09375 0.125
0 0.34975961538461536 0.7716346153846154 0.09134615384615384 0.11778846153846154
0 0.33653846153846156 0.6237980769230769 0.09615384615384616 0.1201923076923077
1 0.23918269230769232 0.27524038461538464 0.10817307692307693 0.14423076923076922
1 0.24278846153846154 0.46875 0.11778846153846154 0.13942307692307693
1 0.22355769230769232 0.08774038461538461 0.11298076923076923 0.13701923076923078
0 0.20432692307692307 0.6526442307692307 0.10336538461538461 0.125
0 0.20793269230769232 0.8016826923076923 0.11298076923076923 0.12740384615384615
0 0.21394230769230768 0.9579326923076923 0.10096153846153846 0.08413461538461539