1 0.7944711538461539 0.7007211538461539 0.06971153846153846 0.10576923076923077
0 0.7944711538461539 0.42788461538461536 0.055288461538461536 0.09615384615384616
1 0.7944711538461539 0.5697115384615384 0.06971153846153846 0.10576923076923077
0 0.7920673076923077 0.32211538461538464 0.06009615384615385 0.09134615384615384
1 0.7872596153846154 0.8353365384615384 0.07451923076923077 0.11538461538461539
2 0.7824519230769231 0.04567307692307692 0.06490384615384616 0.09134615384615384
0 0.7800480769230769 0.19471153846153846 0.06009615384615385 0.09615384615384616
1 0.7127403846153846 0.5769230769230769 0.06971153846153846 0.10576923076923077
1 0.7019230769230769 0.6935096153846154 0.07451923076923077 0.11298076923076923
2 0.6935096153846154 0.046875 0.07451923076923077 0.09375
0 0.6899038461538461 0.30649038461538464 0.06009615384615385 0.10096153846153846
0 0.6826923076923077 0.4230769230769231 0.06971153846153846 0.09615384615384616
0 0.6802884615384616 0.17548076923076922 0.06971153846153846 0.09615384615384616
1 0.6766826923076923 0.8521634615384616 0.08173076923076923 0.11057692307692307
0 0.5949519230769231 0.15264423076923078 0.06971153846153846 0.10096153846153846
0 0.5949519230769231 0.28725961538461536 0.06971153846153846 0.10576923076923077
0 0.5805288461538461 0.4098557692307692 0.06971153846153846 0.10096153846153846
1 0.5769230769230769 0.5480769230769231 0.09134615384615384 0.1201923076923077
2 0.5685096153846154 0.019230769230769232 0.08653846153846154 0.038461538461538464
1 0.5576923076923077 0.7127403846153846 0.09615384615384616 0.1201923076923077
1 0.5504807692307693 0.8701923076923077 0.08653846153846154 0.11538461538461539
0 0.49278846153846156 0.12139423076923077 0.08653846153846154 0.12259615384615384
0 0.4807692307692308 0.2620192307692308 0.07692307692307693 0.10576923076923077
0 0.4723557692307692 0.4074519230769231 0.07451923076923077 0.11057692307692307
1 0.4074519230769231 0.5504807692307693 0.10096153846153846 0.125
1 0.4074519230769231 0.7403846153846154 0.09615384615384616 0.1346153846153846
1 0.39302884615384615 0.9170673076923077 0.10096153846153846 0.1201923076923077
0 0.3449519230769231 0.08533653846153846 0.08653846153846154 0.1201923076923077
0 0.3401442307692308 0.2439903846153846 0.08653846153846154 0.11298076923076923
0 0.33533653846153844 0.39302884615384615 0.09134615384615384 0.11538461538461539
1 0.25600961538461536 0.7451923076923077 0.10096153846153846 0.13942307692307693
1 0.25 0.5528846153846154 0.11057692307692307 0.1346153846153846
1 0.25 0.9338942307692307 0.10576923076923077 0.13221153846153846
0 0.20192307692307693 0.3701923076923077 0.09615384615384616 0.1201923076923077
0 0.1971153846153846 0.22115384615384615 0.10576923076923077 0.12259615384615384
0 0.19471153846153846 0.052884615384615384 0.09615384615384616 0.10576923076923077