1 0.26802884615384615 0.26322115384615385 0.1201923076923077 0.0889423076923077
0 0.5384615384615384 0.21514423076923078 0.10336538461538461 0.07211538461538461
1 0.39783653846153844 0.23918269230769232 0.11778846153846154 0.0889423076923077
0 0.6430288461538461 0.19831730769230768 0.10096153846153846 0.07451923076923077
1 0.13701923076923078 0.2932692307692308 0.12740384615384615 0.09615384615384616
2 0.9098557692307693 0.1622596153846154 0.08413461538461539 0.07692307692307693
0 0.7728365384615384 0.18990384615384615 0.10576923076923077 0.07692307692307693
1 0.4050480769230769 0.32211538461538464 0.11778846153846154 0.0889423076923077
1 0.2920673076923077 0.35216346153846156 0.125 0.09615384615384616
2 0.9242788461538461 0.25 0.0889423076923077 0.08653846153846154
0 0.6778846153846154 0.2980769230769231 0.11298076923076923 0.07692307692307693
0 0.5637019230769231 0.32572115384615385 0.10817307692307693 0.08653846153846154
0 0.8088942307692307 0.2848557692307692 0.10817307692307693 0.08653846153846154
1 0.13942307692307693 0.40625 0.12259615384615384 0.0985576923076923
0 0.8461538461538461 0.3641826923076923 0.11298076923076923 0.0889423076923077
0 0.7127403846153846 0.38822115384615385 0.11778846153846154 0.0889423076923077
0 0.59375 0.42427884615384615 0.11298076923076923 0.0889423076923077
1 0.4579326923076923 0.45072115384615385 0.1346153846153846 0.11057692307692307
2 0.9735576923076923 0.36778846153846156 0.036057692307692304 0.0889423076923077
1 0.2980769230769231 0.5 0.1346153846153846 0.11538461538461539
1 0.14423076923076922 0.5348557692307693 0.12980769230769232 0.10576923076923077
0 0.8942307692307693 0.46033653846153844 0.1346153846153846 0.10576923076923077
0 0.7572115384615384 0.4963942307692308 0.11778846153846154 0.09375
0 0.6153846153846154 0.53125 0.12259615384615384 0.09615384615384616
1 0.4855769230769231 0.6201923076923077 0.14182692307692307 0.1201923076923077
1 0.2980769230769231 0.6526442307692307 0.14903846153846154 0.11778846153846154
1 0.12379807692307693 0.6995192307692307 0.13701923076923078 0.1201923076923077
0 0.9447115384615384 0.5997596153846154 0.11057692307692307 0.10336538461538461
0 0.8004807692307693 0.6334134615384616 0.12740384615384615 0.10576923076923077
0 0.6538461538461539 0.6646634615384616 0.12980769230769232 0.11057692307692307
1 0.31971153846153844 0.8040865384615384 0.15625 0.125
1 0.5108173076923077 0.7764423076923077 0.15144230769230768 0.13221153846153846
1 0.13341346153846154 0.8425480769230769 0.15144230769230768 0.12740384615384615
0 0.6995192307692307 0.7920673076923077 0.1346153846153846 0.11538461538461539
0 0.8473557692307693 0.7704326923076923 0.13942307692307693 0.125
0 0.9771634615384616 0.7451923076923077 0.04567307692307692 0.11057692307692307