1 0.28966346153846156 0.2283653846153846 0.10817307692307693 0.07211538461538461
0 0.5564903846153846 0.21394230769230768 0.09375 0.057692307692307696
1 0.4170673076923077 0.22115384615384615 0.10336538461538461 0.07211538461538461
0 0.6586538461538461 0.21153846153846154 0.0889423076923077 0.0625
1 0.15865384615384615 0.24278846153846154 0.11538461538461539 0.07692307692307693
2 0.9338942307692307 0.20673076923076922 0.0985576923076923 0.0673076923076923
0 0.7836538461538461 0.21634615384615385 0.09375 0.0625
1 0.41346153846153844 0.30288461538461536 0.10336538461538461 0.07211538461538461
1 0.3016826923076923 0.3173076923076923 0.11538461538461539 0.07692307692307693
2 0.9387019230769231 0.29447115384615385 0.10576923076923077 0.07692307692307693
0 0.6790865384615384 0.31009615384615385 0.10336538461538461 0.0625
0 0.5661057692307693 0.3233173076923077 0.09375 0.07211538461538461
0 0.8076923076923077 0.3125 0.09375 0.07211538461538461
1 0.14783653846153846 0.35096153846153844 0.11057692307692307 0.08653846153846154
0 0.8341346153846154 0.3942307692307692 0.0985576923076923 0.07211538461538461
0 0.7019230769230769 0.4014423076923077 0.10336538461538461 0.07211538461538461
0 0.5841346153846154 0.421875 0.0985576923076923 0.07211538461538461
1 0.4495192307692308 0.43149038461538464 0.1201923076923077 0.09134615384615384
2 0.9711538461538461 0.4110576923076923 0.055288461538461536 0.08653846153846154
1 0.29086538461538464 0.45913461538461536 0.1201923076923077 0.09615384615384616
1 0.13701923076923078 0.47475961538461536 0.11538461538461539 0.08653846153846154
0 0.8689903846153846 0.49278846153846156 0.125 0.0889423076923077
0 0.7331730769230769 0.5108173076923077 0.10576923076923077 0.08173076923076923
0 0.5913461538461539 0.5264423076923077 0.11057692307692307 0.07692307692307693
1 0.45552884615384615 0.5973557692307693 0.125 0.10336538461538461
1 0.2704326923076923 0.6069711538461539 0.13701923076923078 0.0985576923076923
1 0.0985576923076923 0.6310096153846154 0.1201923076923077 0.10096153846153846
0 0.9122596153846154 0.6346153846153846 0.1201923076923077 0.08653846153846154
0 0.7584134615384616 0.6478365384615384 0.11538461538461539 0.08653846153846154
0 0.6129807692307693 0.6598557692307693 0.11538461538461539 0.09134615384615384
1 0.27403846153846156 0.7548076923076923 0.14182692307692307 0.10817307692307693
1 0.46153846153846156 0.7512019230769231 0.13701923076923078 0.11298076923076923
1 0.09014423076923077 0.7704326923076923 0.1346153846153846 0.10817307692307693
0 0.6430288461538461 0.7884615384615384 0.1201923076923077 0.09615384615384616
0 0.7872596153846154 0.7860576923076923 0.125 0.11057692307692307
0 0.9483173076923077 0.7776442307692307 0.10336538461538461 0.0985576923076923