1 0.20072115384615385 0.27403846153846156 0.07692307692307693 0.11057692307692307
0 0.19110576923076922 0.5492788461538461 0.057692307692307696 0.0985576923076923
1 0.1971153846153846 0.40625 0.07692307692307693 0.10817307692307693
0 0.18990384615384615 0.6550480769230769 0.0625 0.09375
1 0.2127403846153846 0.13942307692307693 0.08173076923076923 0.11778846153846154
2 0.18990384615384615 0.9387019230769231 0.0673076923076923 0.10336538461538461
0 0.19951923076923078 0.7836538461538461 0.0625 0.0985576923076923
1 0.2800480769230769 0.4026442307692308 0.07692307692307693 0.10817307692307693
1 0.2932692307692308 0.2860576923076923 0.08173076923076923 0.11538461538461539
2 0.28125 0.9411057692307693 0.07932692307692307 0.10576923076923077
0 0.2932692307692308 0.6754807692307693 0.0625 0.10576923076923077
0 0.30408653846153844 0.5576923076923077 0.07451923076923077 0.0985576923076923
0 0.2980769230769231 0.8064903846153846 0.07451923076923077 0.0985576923076923
1 0.32572115384615385 0.12740384615384615 0.08653846153846154 0.11298076923076923
0 0.38221153846153844 0.8329326923076923 0.07451923076923077 0.10336538461538461
0 0.3870192307692308 0.6971153846153846 0.07692307692307693 0.10817307692307693
0 0.4074519230769231 0.5745192307692307 0.07451923076923077 0.10336538461538461
1 0.41466346153846156 0.4362980769230769 0.09615384615384616 0.12259615384615384
2 0.40384615384615385 0.9723557692307693 0.0889423076923077 0.05048076923076923
1 0.4411057692307692 0.27163461538461536 0.10096153846153846 0.12259615384615384
1 0.453125 0.11298076923076923 0.09134615384615384 0.11778846153846154
0 0.484375 0.8677884615384616 0.09134615384615384 0.125
0 0.5 0.7259615384615384 0.08173076923076923 0.10817307692307693
0 0.515625 0.5805288461538461 0.08173076923076923 0.11298076923076923
1 0.5853365384615384 0.43990384615384615 0.10576923076923077 0.12740384615384615
1 0.5913461538461539 0.25 0.10096153846153846 0.13701923076923078
1 0.6141826923076923 0.07091346153846154 0.10576923076923077 0.12259615384615384
0 0.6310096153846154 0.9098557692307693 0.09134615384615384 0.12259615384615384
0 0.6418269230769231 0.75 0.09134615384615384 0.11538461538461539
0 0.6526442307692307 0.5997596153846154 0.09615384615384616 0.11778846153846154
1 0.7427884615384616 0.25 0.10817307692307693 0.14182692307692307
1 0.7439903846153846 0.44350961538461536 0.11538461538461539 0.13942307692307693
1 0.7572115384615384 0.0673076923076923 0.11057692307692307 0.12259615384615384
0 0.7836538461538461 0.6274038461538461 0.10096153846153846 0.12259615384615384
0 0.7848557692307693 0.7776442307692307 0.11057692307692307 0.12740384615384615
0 0.78125 0.9459134615384616 0.10096153846153846 0.10817307692307693