1 0.8509615384615384 0.7391826923076923 0.07692307692307693 0.11778846153846154
0 0.8449519230769231 0.4495192307692308 0.06009615384615385 0.10096153846153846
1 0.8473557692307693 0.5997596153846154 0.07692307692307693 0.11298076923076923
0 0.8413461538461539 0.33774038461538464 0.06490384615384616 0.09615384615384616
1 0.8461538461538461 0.8798076923076923 0.08173076923076923 0.12259615384615384
2 0.8233173076923077 0.04567307692307692 0.06971153846153846 0.09134615384615384
0 0.8257211538461539 0.203125 0.06490384615384616 0.10096153846153846
1 0.7620192307692307 0.609375 0.07692307692307693 0.11298076923076923
1 0.7524038461538461 0.7319711538461539 0.08173076923076923 0.12259615384615384
2 0.7283653846153846 0.04927884615384615 0.08173076923076923 0.0985576923076923
0 0.7319711538461539 0.3233173076923077 0.06490384615384616 0.10817307692307693
0 0.7259615384615384 0.44591346153846156 0.07692307692307693 0.10336538461538461
0 0.71875 0.18389423076923078 0.07692307692307693 0.10336538461538461
1 0.7283653846153846 0.9014423076923077 0.0889423076923077 0.11778846153846154
0 0.6286057692307693 0.16105769230769232 0.07692307692307693 0.10817307692307693
0 0.6310096153846154 0.30408653846153844 0.07692307692307693 0.11298076923076923
0 0.6177884615384616 0.4338942307692308 0.07692307692307693 0.10817307692307693
1 0.6177884615384616 0.5793269230769231 0.0985576923076923 0.12980769230769232
2 0.5985576923076923 0.021634615384615384 0.09134615384615384 0.04326923076923077
1 0.5997596153846154 0.7560096153846154 0.10336538461538461 0.12980769230769232
1 0.5949519230769231 0.921875 0.09375 0.12259615384615384
0 0.5204326923076923 0.1310096153846154 0.09375 0.13221153846153846
0 0.5108173076923077 0.2800480769230769 0.08413461538461539 0.11298076923076923
0 0.5036057692307693 0.4338942307692308 0.08173076923076923 0.11778846153846154
1 0.4375 0.5853365384615384 0.10817307692307693 0.1346153846153846
1 0.4411057692307692 0.7872596153846154 0.10336538461538461 0.1466346153846154
1 0.42908653846153844 0.9555288461538461 0.10817307692307693 0.0889423076923077
0 0.3629807692307692 0.09495192307692307 0.09375 0.12980769230769232
0 0.36177884615384615 0.26322115384615385 0.09375 0.12259615384615384
0 0.3581730769230769 0.4206730769230769 0.0985576923076923 0.12259615384615384
1 0.28125 0.7944711538461539 0.11057692307692307 0.15144230769230768
1 0.27163461538461536 0.5913461538461539 0.11778846153846154 0.1466346153846154
1 0.2776442307692308 0.9615384615384616 0.11298076923076923 0.07692307692307693
0 0.21754807692307693 0.39903846153846156 0.10336538461538461 0.12980769230769232
0 0.2091346153846154 0.24158653846153846 0.11298076923076923 0.13221153846153846
0 0.20432692307692307 0.0625 0.10336538461538461 0.11778846153846154