1 0.296875 0.22596153846153846 0.10576923076923077 0.06971153846153846
0 0.5625 0.21875 0.09375 0.055288461538461536
1 0.4230769230769231 0.22355769230769232 0.10336538461538461 0.06971153846153846
0 0.6610576923076923 0.21754807692307693 0.0889423076923077 0.06009615384615385
1 0.17067307692307693 0.23677884615384615 0.11298076923076923 0.07692307692307693
2 0.9350961538461539 0.21514423076923078 0.0985576923076923 0.06490384615384616
0 0.7836538461538461 0.22355769230769232 0.09375 0.06009615384615385
1 0.4206730769230769 0.30288461538461536 0.10336538461538461 0.06971153846153846
1 0.31009615384615385 0.3161057692307692 0.11057692307692307 0.07692307692307693
2 0.9411057692307693 0.30288461538461536 0.10817307692307693 0.07451923076923077
0 0.6802884615384616 0.3137019230769231 0.10096153846153846 0.06009615384615385
0 0.5709134615384616 0.3245192307692308 0.09375 0.06971153846153846
0 0.8064903846153846 0.31850961538461536 0.09375 0.06971153846153846
1 0.15504807692307693 0.3449519230769231 0.10817307692307693 0.08413461538461539
0 0.8329326923076923 0.39903846153846156 0.0985576923076923 0.06971153846153846
0 0.7007211538461539 0.40625 0.10336538461538461 0.06971153846153846
0 0.5841346153846154 0.4230769230769231 0.0985576923076923 0.06971153846153846
1 0.4519230769230769 0.43149038461538464 0.11778846153846154 0.09134615384615384
2 0.9711538461538461 0.4206730769230769 0.055288461538461536 0.08413461538461539
1 0.296875 0.4567307692307692 0.11778846153846154 0.09615384615384616
1 0.14543269230769232 0.46875 0.11298076923076923 0.08653846153846154
0 0.8665865384615384 0.4963942307692308 0.1201923076923077 0.08653846153846154
0 0.7319711538461539 0.5144230769230769 0.10336538461538461 0.07692307692307693
0 0.5925480769230769 0.5276442307692307 0.10817307692307693 0.07692307692307693
1 0.45552884615384615 0.5925480769230769 0.12259615384615384 0.10096153846153846
1 0.27524038461538464 0.6021634615384616 0.13221153846153846 0.09615384615384616
1 0.10216346153846154 0.6201923076923077 0.11778846153846154 0.10096153846153846
0 0.9038461538461539 0.6370192307692307 0.11778846153846154 0.08653846153846154
0 0.7536057692307693 0.6502403846153846 0.11057692307692307 0.08653846153846154
0 0.609375 0.6574519230769231 0.11298076923076923 0.09134615384615384
1 0.27524038461538464 0.7451923076923077 0.13701923076923078 0.10336538461538461
1 0.46033653846153844 0.7439903846153846 0.1346153846153846 0.11057692307692307
1 0.09375 0.7572115384615384 0.12980769230769232 0.10576923076923077
0 0.6346153846153846 0.7836538461538461 0.11778846153846154 0.09615384615384616
0 0.7788461538461539 0.7860576923076923 0.11778846153846154 0.10576923076923077
0 0.9435096153846154 0.7788461538461539 0.11298076923076923 0.09615384615384616