1 0.2860576923076923 0.203125 0.11538461538461539 0.07692307692307693
0 0.5661057692307693 0.18870192307692307 0.0985576923076923 0.0625
1 0.4206730769230769 0.19591346153846154 0.11298076923076923 0.07692307692307693
0 0.6730769230769231 0.18509615384615385 0.09375 0.0673076923076923
1 0.14903846153846154 0.21754807692307693 0.12259615384615384 0.08413461538461539
2 0.9483173076923077 0.1814903846153846 0.07451923076923077 0.07211538461538461
0 0.8052884615384616 0.19110576923076922 0.0985576923076923 0.0673076923076923
1 0.41586538461538464 0.2800480769230769 0.11298076923076923 0.07692307692307693
1 0.2980769230769231 0.2980769230769231 0.1201923076923077 0.08173076923076923
2 0.9519230769230769 0.27283653846153844 0.07932692307692307 0.08173076923076923
0 0.6959134615384616 0.28966346153846156 0.10817307692307693 0.0673076923076923
0 0.578125 0.30288461538461536 0.10096153846153846 0.07692307692307693
0 0.8305288461538461 0.2920673076923077 0.10096153846153846 0.07692307692307693
1 0.13701923076923078 0.3329326923076923 0.11778846153846154 0.0889423076923077
0 0.8581730769230769 0.3786057692307692 0.10576923076923077 0.07692307692307693
0 0.7199519230769231 0.3858173076923077 0.11298076923076923 0.07692307692307693
0 0.5949519230769231 0.4074519230769231 0.10576923076923077 0.07692307692307693
1 0.4543269230769231 0.4182692307692308 0.12740384615384615 0.0985576923076923
2 0.9855769230769231 0.39783653846153844 0.02403846153846154 0.09134615384615384
1 0.2860576923076923 0.44711538461538464 0.12740384615384615 0.10336538461538461
1 0.12620192307692307 0.46274038461538464 0.12259615384615384 0.09375
0 0.8966346153846154 0.48197115384615385 0.12980769230769232 0.09375
0 0.7512019230769231 0.5012019230769231 0.11298076923076923 0.08413461538461539
0 0.6033653846153846 0.5180288461538461 0.11778846153846154 0.08173076923076923
1 0.46153846153846156 0.5925480769230769 0.1346153846153846 0.10817307692307693
1 0.2668269230769231 0.6021634615384616 0.14423076923076922 0.10336538461538461
1 0.08533653846153846 0.6262019230769231 0.12740384615384615 0.10817307692307693
0 0.9387019230769231 0.6310096153846154 0.12259615384615384 0.09375
0 0.7788461538461539 0.6442307692307693 0.1201923076923077 0.09134615384615384
0 0.6262019230769231 0.6586538461538461 0.12259615384615384 0.0985576923076923
1 0.2692307692307692 0.7572115384615384 0.14903846153846154 0.11298076923076923
1 0.4675480769230769 0.7536057692307693 0.14423076923076922 0.1201923076923077
1 0.078125 0.7740384615384616 0.1346153846153846 0.11538461538461539
0 0.65625 0.7932692307692307 0.12740384615384615 0.10336538461538461
0 0.8088942307692307 0.7896634615384616 0.12980769230769232 0.11538461538461539
0 0.9615384615384616 0.7824519230769231 0.07692307692307693 0.10336538461538461