1 0.14423076923076922 0.28125 0.07692307692307693 0.11538461538461539
0 0.15745192307692307 0.5721153846153846 0.06009615384615385 0.10336538461538461
1 0.15144230769230768 0.41947115384615385 0.07692307692307693 0.11298076923076923
0 0.16346153846153846 0.6802884615384616 0.06490384615384616 0.0985576923076923
1 0.14783653846153846 0.14302884615384615 0.08413461538461539 0.12259615384615384
2 0.1814903846153846 0.9627403846153846 0.06971153846153846 0.07451923076923077
0 0.17908653846153846 0.8137019230769231 0.06490384615384616 0.10096153846153846
1 0.23798076923076922 0.41225961538461536 0.07692307692307693 0.11298076923076923
1 0.24519230769230768 0.28846153846153844 0.08413461538461539 0.12259615384615384
2 0.2776442307692308 0.9603365384615384 0.07932692307692307 0.07932692307692307
0 0.2692307692307692 0.6935096153846154 0.0673076923076923 0.11057692307692307
0 0.27403846153846156 0.5745192307692307 0.07451923076923077 0.10336538461538461
0 0.2860576923076923 0.8305288461538461 0.07451923076923077 0.10336538461538461
1 0.2644230769230769 0.11899038461538461 0.09134615384615384 0.11778846153846154
0 0.375 0.8545673076923077 0.07692307692307693 0.10817307692307693
0 0.37259615384615385 0.7103365384615384 0.07692307692307693 0.11298076923076923
0 0.38100961538461536 0.5793269230769231 0.07692307692307693 0.10817307692307693
1 0.38221153846153844 0.43509615384615385 0.10096153846153846 0.12740384615384615
2 0.4074519230769231 0.9867788461538461 0.0889423076923077 0.026442307692307692
1 0.39663461538461536 0.2644230769230769 0.10576923076923077 0.12740384615384615
1 0.39903846153846156 0.0985576923076923 0.09375 0.12259615384615384
0 0.484375 0.8846153846153846 0.09375 0.13221153846153846
0 0.49399038461538464 0.734375 0.08653846153846154 0.11298076923076923
0 0.49759615384615385 0.5817307692307693 0.08413461538461539 0.11778846153846154
1 0.5576923076923077 0.4266826923076923 0.11057692307692307 0.1346153846153846
1 0.5540865384615384 0.22956730769230768 0.10576923076923077 0.14423076923076922
1 0.5600961538461539 0.052884615384615384 0.11057692307692307 0.10576923076923077
0 0.640625 0.9134615384615384 0.09375 0.12980769230769232
0 0.6430288461538461 0.7487980769230769 0.09375 0.12259615384615384
0 0.640625 0.5901442307692307 0.10096153846153846 0.12259615384615384
1 0.7103365384615384 0.21875 0.11298076923076923 0.15384615384615385
1 0.7235576923076923 0.4206730769230769 0.1201923076923077 0.1466346153846154
1 0.7103365384615384 0.04567307692307692 0.11298076923076923 0.09134615384615384
0 0.7800480769230769 0.609375 0.10576923076923077 0.12740384615384615
0 0.7932692307692307 0.7668269230769231 0.11538461538461539 0.13221153846153846
0 0.7992788461538461 0.9387019230769231 0.10336538461538461 0.10336538461538461