1 0.21754807692307693 0.6454326923076923 0.09615384615384616 0.12740384615384615
0 0.2692307692307692 0.3557692307692308 0.07451923076923077 0.11057692307692307
1 0.24278846153846154 0.5060096153846154 0.09615384615384616 0.125
0 0.29086538461538464 0.24519230769230768 0.08173076923076923 0.10576923076923077
1 0.19951923076923078 0.7884615384615384 0.10336538461538461 0.13701923076923078
0 0.328125 0.11177884615384616 0.08173076923076923 0.11057692307692307
1 0.3293269230769231 0.5300480769230769 0.09615384615384616 0.125
1 0.3173076923076923 0.6550480769230769 0.10096153846153846 0.13221153846153846
2 0.4423076923076923 0.013221153846153846 0.08653846153846154 0.026442307692307692
0 0.4026442307692308 0.24759615384615385 0.08413461538461539 0.1201923076923077
0 0.38822115384615385 0.3713942307692308 0.09375 0.11298076923076923
0 0.4387019230769231 0.109375 0.09375 0.11298076923076923
1 0.31490384615384615 0.8269230769230769 0.10817307692307693 0.13221153846153846
0 0.5324519230769231 0.10216346153846154 0.09375 0.11778846153846154
0 0.5072115384615384 0.24519230769230768 0.09615384615384616 0.125
0 0.5 0.3762019230769231 0.09375 0.11778846153846154
1 0.47596153846153844 0.5228365384615384 0.11778846153846154 0.14423076923076922
1 0.46634615384615385 0.7019230769230769 0.12259615384615384 0.14423076923076922
1 0.44591346153846156 0.8701923076923077 0.11057692307692307 0.13942307692307693
0 0.6454326923076923 0.08774038461538461 0.11298076923076923 0.1466346153846154
0 0.6310096153846154 0.23918269230769232 0.10096153846153846 0.125
0 0.6141826923076923 0.3942307692307692 0.10096153846153846 0.12980769230769232
1 0.65625 0.5576923076923077 0.12740384615384615 0.15144230769230768
1 0.6201923076923077 0.7596153846153846 0.125 0.15865384615384615
1 0.6021634615384616 0.9375 0.12740384615384615 0.125
0 0.8064903846153846 0.09375 0.10576923076923077 0.10817307692307693
0 0.7848557692307693 0.24639423076923078 0.11057692307692307 0.1346153846153846
0 0.7620192307692307 0.4050480769230769 0.11538461538461539 0.13942307692307693
1 0.7800480769230769 0.7920673076923077 0.1346153846153846 0.1658653846153846
1 0.8221153846153846 0.5901442307692307 0.14182692307692307 0.16346153846153846
1 0.7524038461538461 0.9567307692307693 0.1346153846153846 0.08653846153846154
0 0.9074519230769231 0.40625 0.12259615384615384 0.14423076923076922
0 0.9362980769230769 0.24759615384615385 0.12740384615384615 0.14903846153846154
0 0.9579326923076923 0.10096153846153846 0.08413461538461539 0.0673076923076923