1 0.7415865384615384 0.765625 0.125 0.09375
0 0.45072115384615385 0.8125 0.10817307692307693 0.07211538461538461
1 0.6033653846153846 0.7884615384615384 0.12259615384615384 0.09375
0 0.3401442307692308 0.8269230769230769 0.10576923076923077 0.07932692307692307
1 0.8834134615384616 0.7367788461538461 0.13701923076923078 0.10096153846153846
2 0.07091346153846154 0.8581730769230769 0.05048076923076923 0.07451923076923077
0 0.20192307692307693 0.8353365384615384 0.11057692307692307 0.07932692307692307
1 0.5973557692307693 0.6995192307692307 0.12259615384615384 0.09375
1 0.71875 0.6694711538461539 0.13221153846153846 0.0985576923076923
2 0.057692307692307696 0.7632211538461539 0.055288461538461536 0.08653846153846154
0 0.30528846153846156 0.7223557692307693 0.1201923076923077 0.08173076923076923
0 0.42788461538461536 0.6935096153846154 0.11057692307692307 0.09134615384615384
0 0.16466346153846154 0.7331730769230769 0.11057692307692307 0.09134615384615384
1 0.8834134615384616 0.6141826923076923 0.12980769230769232 0.10576923076923077
0 0.125 0.6466346153846154 0.11538461538461539 0.09134615384615384
0 0.2692307692307692 0.6237980769230769 0.12259615384615384 0.09375
0 0.39663461538461536 0.5865384615384616 0.11538461538461539 0.09134615384615384
1 0.5420673076923077 0.5612980769230769 0.14423076923076922 0.11538461538461539
1 0.7139423076923077 0.5120192307692307 0.14423076923076922 0.1201923076923077
1 0.8798076923076923 0.47716346153846156 0.13701923076923078 0.11057692307692307
0 0.07572115384615384 0.5432692307692307 0.14423076923076922 0.11057692307692307
0 0.22355769230769232 0.5072115384615384 0.125 0.0985576923076923
0 0.3762019230769231 0.4735576923076923 0.12980769230769232 0.0985576923076923
1 0.5168269230769231 0.38100961538461536 0.14903846153846154 0.125
1 0.71875 0.3485576923076923 0.15865384615384615 0.12259615384615384
1 0.9038461538461539 0.3016826923076923 0.14423076923076922 0.125
0 0.042067307692307696 0.3894230769230769 0.08413461538461539 0.10576923076923077
0 0.17908653846153846 0.359375 0.13221153846153846 0.10817307692307693
0 0.33653846153846156 0.33052884615384615 0.13942307692307693 0.11538461538461539
1 0.6983173076923077 0.1875 0.16346153846153846 0.13221153846153846
1 0.49278846153846156 0.2127403846153846 0.16105769230769232 0.13942307692307693
1 0.8882211538461539 0.1502403846153846 0.13942307692307693 0.12980769230769232
0 0.29086538461538464 0.19230769230769232 0.14423076923076922 0.1201923076923077
0 0.13221153846153846 0.2127403846153846 0.14903846153846154 0.13221153846153846
0 0.008413461538461538 0.23557692307692307 0.016826923076923076 0.11057692307692307