1 0.29086538461538464 0.8521634615384616 0.12259615384615384 0.08413461538461539
0 0.5925480769230769 0.8653846153846154 0.10576923076923077 0.06490384615384616
1 0.4338942307692308 0.8581730769230769 0.1201923076923077 0.08173076923076923
0 0.7043269230769231 0.8689903846153846 0.10096153846153846 0.07211538461538461
1 0.14903846153846154 0.8377403846153846 0.12980769230769232 0.0889423076923077
0 0.84375 0.8653846153846154 0.10576923076923077 0.07211538461538461
1 0.4338942307692308 0.7668269230769231 0.1201923076923077 0.08173076923076923
1 0.3076923076923077 0.75 0.12740384615384615 0.0889423076923077
0 0.7283653846153846 0.7608173076923077 0.11298076923076923 0.07211538461538461
0 0.6045673076923077 0.7463942307692307 0.10817307692307693 0.08173076923076923
0 0.8725961538461539 0.7584134615384616 0.10817307692307693 0.08173076923076923
1 0.13221153846153846 0.7139423076923077 0.125 0.0985576923076923
0 0.9038461538461539 0.6658653846153846 0.11538461538461539 0.08173076923076923
0 0.7548076923076923 0.6550480769230769 0.1201923076923077 0.08173076923076923
0 0.6213942307692307 0.6346153846153846 0.11538461538461539 0.08173076923076923
1 0.4723557692307692 0.6213942307692307 0.1346153846153846 0.10576923076923077
1 0.2956730769230769 0.5901442307692307 0.1346153846153846 0.11057692307692307
1 0.12379807692307693 0.5733173076923077 0.12980769230769232 0.0985576923076923
0 0.9375 0.5552884615384616 0.125 0.0985576923076923
0 0.7908653846153846 0.5336538461538461 0.1201923076923077 0.0889423076923077
0 0.6322115384615384 0.515625 0.125 0.0889423076923077
1 0.4795673076923077 0.4387019230769231 0.14182692307692307 0.11778846153846154
1 0.27403846153846156 0.4254807692307692 0.15384615384615385 0.11057692307692307
1 0.078125 0.4014423076923077 0.1346153846153846 0.11778846153846154
0 0.9603365384615384 0.3942307692307692 0.07932692307692307 0.09615384615384616
0 0.8197115384615384 0.3798076923076923 0.12740384615384615 0.0985576923076923
0 0.6550480769230769 0.36899038461538464 0.12980769230769232 0.10576923076923077
1 0.2776442307692308 0.2620192307692308 0.15865384615384615 0.11778846153846154
1 0.4879807692307692 0.2668269230769231 0.15625 0.12740384615384615
1 0.07932692307692307 0.24519230769230768 0.1346153846153846 0.12259615384615384
0 0.6862980769230769 0.22596153846153846 0.1346153846153846 0.11057692307692307
0 0.8509615384615384 0.22596153846153846 0.1346153846153846 0.12259615384615384
0 0.9867788461538461 0.23317307692307693 0.026442307692307692 0.10576923076923077