2 0.23197115384615385 0.09014423076923077 0.11538461538461539 0.08413461538461539
2 0.4266826923076923 0.12860576923076922 0.10817307692307693 0.08173076923076923
0 0.9278846153846154 0.21394230769230768 0.08413461538461539 0.06490384615384616
0 0.8365384615384616 0.20192307692307693 0.09134615384615384 0.07211538461538461
2 0.5709134615384616 0.16826923076923078 0.0985576923076923 0.07451923076923077
0 0.7139423076923077 0.1935096153846154 0.09375 0.07211538461538461
2 0.22115384615384615 0.19951923076923078 0.11298076923076923 0.08653846153846154
0 0.8221153846153846 0.30408653846153844 0.09615384615384616 0.07451923076923077
2 0.5697115384615384 0.265625 0.10096153846153846 0.08173076923076923
0 0.9338942307692307 0.32572115384615385 0.09375 0.06490384615384616
2 0.38822115384615385 0.24759615384615385 0.1201923076923077 0.0889423076923077
0 0.703125 0.296875 0.10096153846153846 0.08653846153846154
0 0.8125 0.3954326923076923 0.10096153846153846 0.08173076923076923
0 0.6887019230769231 0.37740384615384615 0.09615384615384616 0.07932692307692307
0 0.9242788461538461 0.42788461538461536 0.10096153846153846 0.08653846153846154
1 0.9939903846153846 0.44471153846153844 0.01201923076923077 0.08173076923076923
2 0.20192307692307693 0.32211538461538464 0.12980769230769232 0.09375
2 0.5276442307692307 0.3762019230769231 0.11298076923076923 0.08653846153846154
2 0.3701923076923077 0.35697115384615385 0.11538461538461539 0.09375
0 0.6694711538461539 0.47716346153846156 0.10817307692307693 0.08653846153846154
0 0.7956730769230769 0.5024038461538461 0.10096153846153846 0.08653846153846154
0 0.9290865384615384 0.5372596153846154 0.10096153846153846 0.08653846153846154
2 0.48677884615384615 0.5300480769230769 0.12259615384615384 0.09615384615384616
2 0.3088942307692308 0.515625 0.13701923076923078 0.11057692307692307
2 0.13581730769230768 0.4891826923076923 0.12980769230769232 0.10336538461538461
0 0.6514423076923077 0.6129807692307693 0.11057692307692307 0.09134615384615384
0 0.7848557692307693 0.6382211538461539 0.11298076923076923 0.09134615384615384
0 0.9254807692307693 0.6670673076923077 0.11538461538461539 0.09615384615384616
2 0.30528846153846156 0.6622596153846154 0.14423076923076922 0.11778846153846154
2 0.4675480769230769 0.6947115384615384 0.125 0.11538461538461539
2 0.10096153846153846 0.6490384615384616 0.15144230769230768 0.11538461538461539
0 0.90625 0.7848557692307693 0.1201923076923077 0.10096153846153846
0 0.6274038461538461 0.7439903846153846 0.11538461538461539 0.10096153846153846
0 0.7860576923076923 0.7776442307692307 0.12259615384615384 0.10576923076923077