2 0.2283653846153846 0.8425480769230769 0.0673076923076923 0.10576923076923077
2 0.2247596153846154 0.6502403846153846 0.06971153846153846 0.0985576923076923
0 0.20552884615384615 0.15504807692307693 0.057692307692307696 0.07692307692307693
0 0.21033653846153846 0.2439903846153846 0.0625 0.08653846153846154
1 0.20192307692307693 0.040865384615384616 0.07211538461538461 0.055288461538461536
2 0.234375 0.5048076923076923 0.0625 0.09134615384615384
0 0.22716346153846154 0.3629807692307692 0.06490384615384616 0.0889423076923077
1 0.2776442307692308 0.027644230769230768 0.07451923076923077 0.038461538461538464
2 0.3329326923076923 0.8317307692307693 0.07451923076923077 0.10336538461538461
0 0.3088942307692308 0.23798076923076922 0.0673076923076923 0.0889423076923077
2 0.3233173076923077 0.4855769230769231 0.0673076923076923 0.09375
0 0.3088942307692308 0.12620192307692307 0.057692307692307696 0.0889423076923077
2 0.34375 0.6622596153846154 0.07451923076923077 0.10817307692307693
0 0.3269230769230769 0.35096153846153844 0.07451923076923077 0.09375
0 0.40024038461538464 0.2283653846153846 0.06971153846153846 0.09375
0 0.40625 0.35096153846153844 0.0673076923076923 0.0889423076923077
0 0.4074519230769231 0.11658653846153846 0.07451923076923077 0.09375
1 0.4098557692307692 0.02403846153846154 0.07932692307692307 0.04326923076923077
2 0.45552884615384615 0.8245192307692307 0.07932692307692307 0.1201923076923077
2 0.4411057692307692 0.5036057692307693 0.07451923076923077 0.10336538461538461
2 0.4543269230769231 0.65625 0.08173076923076923 0.10576923076923077
0 0.5048076923076923 0.3485576923076923 0.07451923076923077 0.0985576923076923
0 0.5036057692307693 0.22355769230769232 0.07451923076923077 0.09375
0 0.5108173076923077 0.0889423076923077 0.07451923076923077 0.09375
2 0.5925480769230769 0.5108173076923077 0.08173076923076923 0.11057692307692307
2 0.6141826923076923 0.6826923076923077 0.09375 0.12740384615384615
2 0.6286057692307693 0.8545673076923077 0.0889423076923077 0.1201923076923077
0 0.6382211538461539 0.3389423076923077 0.07932692307692307 0.10096153846153846
0 0.6358173076923077 0.20552884615384615 0.07932692307692307 0.10576923076923077
0 0.6370192307692307 0.0673076923076923 0.08413461538461539 0.10576923076923077
2 0.7584134615384616 0.6574519230769231 0.10336538461538461 0.13221153846153846
2 0.7548076923076923 0.4963942307692308 0.10096153846153846 0.11538461538461539
2 0.7836538461538461 0.8557692307692307 0.0985576923076923 0.13942307692307693
0 0.7524038461538461 0.06009615384615385 0.08653846153846154 0.11538461538461539
0 0.7704326923076923 0.33413461538461536 0.09134615384615384 0.10576923076923077
0 0.7680288461538461 0.17668269230769232 0.09134615384615384 0.11298076923076923