2 0.22956730769230768 0.8100961538461539 0.07211538461538461 0.11057692307692307
2 0.22115384615384615 0.6165865384615384 0.06971153846153846 0.10096153846153846
0 0.1814903846153846 0.1201923076923077 0.06009615384615385 0.07932692307692307
0 0.18990384615384615 0.2091346153846154 0.06490384615384616 0.0889423076923077
2 0.22355769230769232 0.46875 0.06490384615384616 0.09375
0 0.21033653846153846 0.32572115384615385 0.06490384615384616 0.09134615384615384
2 0.33533653846153844 0.7932692307692307 0.07932692307692307 0.10576923076923077
0 0.28966346153846156 0.19831730769230768 0.06971153846153846 0.09134615384615384
2 0.3137019230769231 0.44591346153846156 0.06971153846153846 0.09615384615384616
0 0.2860576923076923 0.08653846153846154 0.06009615384615385 0.09134615384615384
2 0.3389423076923077 0.6237980769230769 0.07932692307692307 0.11057692307692307
0 0.3125 0.3125 0.07692307692307693 0.09615384615384616
0 0.38100961538461536 0.18629807692307693 0.07211538461538461 0.09615384615384616
0 0.3918269230769231 0.3076923076923077 0.06971153846153846 0.09134615384615384
0 0.38461538461538464 0.07211538461538461 0.07692307692307693 0.09615384615384616
2 0.4567307692307692 0.7824519230769231 0.08413461538461539 0.125
2 0.4326923076923077 0.46033653846153844 0.07932692307692307 0.10576923076923077
2 0.4495192307692308 0.6141826923076923 0.08653846153846154 0.10817307692307693
0 0.49158653846153844 0.3016826923076923 0.07692307692307693 0.10096153846153846
0 0.4855769230769231 0.17668269230769232 0.07692307692307693 0.09615384615384616
0 0.4855769230769231 0.04447115384615385 0.07692307692307693 0.0889423076923077
2 0.5841346153846154 0.4639423076923077 0.08653846153846154 0.11298076923076923
2 0.6117788461538461 0.6346153846153846 0.09615384615384616 0.12980769230769232
2 0.6322115384615384 0.8064903846153846 0.09615384615384616 0.12259615384615384
0 0.6237980769230769 0.28725961538461536 0.08173076923076923 0.10336538461538461
0 0.6165865384615384 0.15384615384615385 0.08413461538461539 0.10817307692307693
0 0.6117788461538461 0.03365384615384615 0.0889423076923077 0.0673076923076923
2 0.7560096153846154 0.6045673076923077 0.10817307692307693 0.13701923076923078
2 0.7475961538461539 0.4423076923076923 0.10576923076923077 0.11778846153846154
2 0.7884615384615384 0.8016826923076923 0.10576923076923077 0.14182692307692307
0 0.7283653846153846 0.030048076923076924 0.09134615384615384 0.06009615384615385
0 0.7572115384615384 0.27884615384615385 0.09615384615384616 0.11057692307692307
0 0.7487980769230769 0.12139423076923077 0.09615384615384616 0.11538461538461539