2 0.20072115384615385 0.8088942307692307 0.06971153846153846 0.10096153846153846
2 0.19591346153846154 0.6262019230769231 0.06971153846153846 0.09615384615384616
0 0.16706730769230768 0.15504807692307693 0.055288461538461536 0.07451923076923077
0 0.17307692307692307 0.23918269230769232 0.06009615384615385 0.08173076923076923
1 0.16346153846153846 0.046875 0.06971153846153846 0.052884615384615384
2 0.20192307692307693 0.4855769230769231 0.06009615384615385 0.0889423076923077
0 0.19230769230769232 0.35216346153846156 0.06009615384615385 0.08653846153846154
1 0.23677884615384615 0.03245192307692308 0.06971153846153846 0.03365384615384615
2 0.3016826923076923 0.7956730769230769 0.07451923076923077 0.10096153846153846
0 0.2692307692307692 0.23076923076923078 0.0625 0.08653846153846154
2 0.28725961538461536 0.46634615384615385 0.0673076923076923 0.09134615384615384
0 0.26802884615384615 0.125 0.055288461538461536 0.08413461538461539
2 0.3076923076923077 0.6346153846153846 0.07451923076923077 0.10576923076923077
0 0.28725961538461536 0.3389423076923077 0.07211538461538461 0.09134615384615384
0 0.3557692307692308 0.21995192307692307 0.0673076923076923 0.09134615384615384
0 0.3641826923076923 0.33653846153846156 0.0673076923076923 0.08653846153846154
0 0.3605769230769231 0.11298076923076923 0.07211538461538461 0.09134615384615384
1 0.3605769230769231 0.026442307692307692 0.07451923076923077 0.040865384615384616
2 0.41947115384615385 0.7872596153846154 0.07932692307692307 0.11538461538461539
2 0.40024038461538464 0.48197115384615385 0.07451923076923077 0.10096153846153846
2 0.41346153846153844 0.6274038461538461 0.07932692307692307 0.10096153846153846
0 0.4579326923076923 0.3329326923076923 0.07451923076923077 0.09615384615384616
0 0.4543269230769231 0.2127403846153846 0.07211538461538461 0.09134615384615384
0 0.4579326923076923 0.08653846153846154 0.07211538461538461 0.09134615384615384
2 0.5432692307692307 0.48677884615384615 0.07932692307692307 0.10576923076923077
2 0.5685096153846154 0.6502403846153846 0.09134615384615384 0.1201923076923077
2 0.5829326923076923 0.8137019230769231 0.0889423076923077 0.11538461538461539
0 0.5841346153846154 0.32091346153846156 0.07932692307692307 0.09615384615384616
0 0.5793269230769231 0.19471153846153846 0.07932692307692307 0.10096153846153846
0 0.5793269230769231 0.0625 0.08413461538461539 0.10096153846153846
2 0.7055288461538461 0.6225961538461539 0.0985576923076923 0.12740384615384615
2 0.6995192307692307 0.46875 0.0985576923076923 0.11298076923076923
2 0.7319711538461539 0.8112980769230769 0.0985576923076923 0.13221153846153846
0 0.6887019230769231 0.054086538461538464 0.08413461538461539 0.10817307692307693
0 0.7115384615384616 0.31490384615384615 0.0889423076923077 0.10096153846153846
0 0.7055288461538461 0.16466346153846154 0.0889423076923077 0.10576923076923077