2 0.19110576923076922 0.8016826923076923 0.10576923076923077 0.06971153846153846
2 0.38221153846153844 0.8064903846153846 0.10096153846153846 0.06971153846153846
0 0.8762019230769231 0.8365384615384616 0.07692307692307693 0.057692307692307696
0 0.7872596153846154 0.8293269230769231 0.08653846153846154 0.0625
2 0.5288461538461539 0.8004807692307693 0.09375 0.06490384615384616
0 0.6694711538461539 0.8100961538461539 0.09134615384615384 0.0625
2 0.203125 0.6947115384615384 0.10576923076923077 0.07692307692307693
0 0.7956730769230769 0.7307692307692307 0.09134615384615384 0.0673076923076923
2 0.5492788461538461 0.7115384615384616 0.09615384615384616 0.06971153846153846
0 0.9074519230769231 0.7307692307692307 0.0889423076923077 0.057692307692307696
2 0.37259615384615385 0.6887019230769231 0.11057692307692307 0.07692307692307693
0 0.6826923076923077 0.7103365384615384 0.09615384615384616 0.07692307692307693
0 0.8076923076923077 0.6382211538461539 0.09615384615384616 0.07211538461538461
0 0.6862980769230769 0.6298076923076923 0.09134615384615384 0.0673076923076923
0 0.9194711538461539 0.6334134615384616 0.09615384615384616 0.07692307692307693
2 0.21153846153846154 0.5721153846153846 0.1201923076923077 0.08173076923076923
2 0.5336538461538461 0.5925480769230769 0.10576923076923077 0.07692307692307693
2 0.3798076923076923 0.578125 0.10576923076923077 0.08413461538461539
0 0.6899038461538461 0.53125 0.10096153846153846 0.07692307692307693
0 0.8149038461538461 0.5348557692307693 0.09615384615384616 0.07692307692307693
0 0.9483173076923077 0.53125 0.09615384615384616 0.07692307692307693
2 0.5276442307692307 0.4423076923076923 0.11057692307692307 0.08413461538461539
2 0.35697115384615385 0.41586538461538464 0.12740384615384615 0.09375
2 0.18509615384615385 0.4014423076923077 0.1201923076923077 0.09375
0 0.7019230769230769 0.40024038461538464 0.10096153846153846 0.08173076923076923
0 0.8341346153846154 0.4026442307692308 0.10576923076923077 0.08173076923076923
0 0.9603365384615384 0.4050480769230769 0.07932692307692307 0.08413461538461539
2 0.3858173076923077 0.27403846153846156 0.1346153846153846 0.10576923076923077
2 0.5456730769230769 0.27884615384615385 0.11778846153846154 0.10336538461538461
2 0.1875 0.2439903846153846 0.14182692307692307 0.10336538461538461
0 0.9627403846153846 0.28846153846153844 0.07451923076923077 0.08653846153846154
0 0.7079326923076923 0.2668269230769231 0.10576923076923077 0.09375
0 0.8653846153846154 0.27283653846153844 0.11057692307692307 0.09375