2 0.23918269230769232 0.9038461538461539 0.07692307692307693 0.10817307692307693
2 0.21995192307692307 0.7127403846153846 0.07451923076923077 0.10336538461538461
0 0.15625 0.22596153846153846 0.0625 0.08173076923076923
0 0.16947115384615385 0.3125 0.0673076923076923 0.0889423076923077
1 0.140625 0.09254807692307693 0.07932692307692307 0.10096153846153846
2 0.21634615384615385 0.5673076923076923 0.06971153846153846 0.09375
0 0.19591346153846154 0.42788461538461536 0.06971153846153846 0.09134615384615384
1 0.21634615384615385 0.07211538461538461 0.08173076923076923 0.08413461538461539
2 0.3425480769230769 0.8822115384615384 0.08173076923076923 0.10817307692307693
0 0.26802884615384615 0.296875 0.07451923076923077 0.09134615384615384
2 0.30288461538461536 0.5408653846153846 0.07451923076923077 0.0985576923076923
0 0.25841346153846156 0.18629807692307693 0.06490384615384616 0.09134615384615384
2 0.3389423076923077 0.7139423076923077 0.08173076923076923 0.11298076923076923
0 0.2956730769230769 0.40865384615384615 0.07932692307692307 0.10096153846153846
0 0.35697115384615385 0.2800480769230769 0.07451923076923077 0.0985576923076923
0 0.3737980769230769 0.40024038461538464 0.07451923076923077 0.09134615384615384
0 0.3545673076923077 0.16706730769230768 0.07932692307692307 0.10096153846153846
1 0.3449519230769231 0.056490384615384616 0.08653846153846154 0.0889423076923077
2 0.46274038461538464 0.8653846153846154 0.0889423076923077 0.125
2 0.421875 0.5480769230769231 0.08173076923076923 0.10817307692307693
2 0.44711538461538464 0.6995192307692307 0.09134615384615384 0.11057692307692307
0 0.47115384615384615 0.38822115384615385 0.07932692307692307 0.10576923076923077
0 0.45913461538461536 0.265625 0.07932692307692307 0.10096153846153846
0 0.453125 0.13221153846153846 0.07932692307692307 0.10096153846153846
2 0.5721153846153846 0.5432692307692307 0.09134615384615384 0.11538461538461539
2 0.6081730769230769 0.7115384615384616 0.10336538461538461 0.13221153846153846
2 0.6358173076923077 0.8798076923076923 0.0985576923076923 0.125
0 0.6021634615384616 0.36778846153846156 0.08653846153846154 0.10576923076923077
0 0.5877403846153846 0.23677884615384615 0.0889423076923077 0.11057692307692307
0 0.5769230769230769 0.09975961538461539 0.09375 0.11057692307692307
2 0.7487980769230769 0.6742788461538461 0.11298076923076923 0.13942307692307693
2 0.7319711538461539 0.5144230769230769 0.11057692307692307 0.1201923076923077
2 0.7908653846153846 0.8677884615384616 0.10817307692307693 0.14423076923076922
0 0.6911057692307693 0.08173076923076923 0.09615384615384616 0.11778846153846154
0 0.7331730769230769 0.35216346153846156 0.0985576923076923 0.11057692307692307
0 0.7175480769230769 0.19591346153846154 0.0985576923076923 0.11538461538461539