2 0.8918269230769231 0.7475961538461539 0.07932692307692307 0.11057692307692307
2 0.8557692307692307 0.5540865384615384 0.07692307692307693 0.10336538461538461
0 0.78125 0.054086538461538464 0.0625 0.08413461538461539
0 0.7932692307692307 0.14423076923076922 0.07211538461538461 0.09134615384615384
2 0.8197115384615384 0.4098557692307692 0.07211538461538461 0.0985576923076923
0 0.7992788461538461 0.265625 0.07211538461538461 0.09375
2 0.7824519230769231 0.7560096153846154 0.08653846153846154 0.11298076923076923
0 0.6923076923076923 0.15745192307692307 0.07451923076923077 0.09375
2 0.7259615384615384 0.4074519230769231 0.07692307692307693 0.0985576923076923
0 0.6694711538461539 0.04567307692307692 0.06490384615384616 0.09134615384615384
2 0.7403846153846154 0.5901442307692307 0.08653846153846154 0.11778846153846154
0 0.6959134615384616 0.27403846153846156 0.08413461538461539 0.10096153846153846
0 0.5985576923076923 0.16466346153846154 0.07692307692307693 0.0985576923076923
0 0.6153846153846154 0.28846153846153844 0.07692307692307693 0.09375
0 0.5697115384615384 0.054086538461538464 0.08413461538461539 0.10096153846153846
2 0.6586538461538461 0.7740384615384616 0.09375 0.12980769230769232
2 0.6105769230769231 0.4495192307692308 0.08653846153846154 0.11298076923076923
2 0.6286057692307693 0.6057692307692307 0.09375 0.11298076923076923
0 0.5168269230769231 0.30649038461538464 0.08413461538461539 0.10576923076923077
0 0.49399038461538464 0.17908653846153846 0.08413461538461539 0.10096153846153846
0 0.46153846153846156 0.04807692307692308 0.08173076923076923 0.09615384615384616
2 0.46033653846153844 0.4855769230769231 0.09375 0.11778846153846154
2 0.4723557692307692 0.6634615384615384 0.10817307692307693 0.13701923076923078
2 0.49278846153846156 0.8377403846153846 0.10096153846153846 0.12740384615384615
0 0.38100961538461536 0.32091346153846156 0.0889423076923077 0.10576923076923077
0 0.3581730769230769 0.1875 0.09134615384615384 0.11298076923076923
0 0.3317307692307692 0.06009615384615385 0.09134615384615384 0.09134615384615384
2 0.3233173076923077 0.6646634615384616 0.11298076923076923 0.14182692307692307
2 0.29447115384615385 0.5036057692307693 0.11057692307692307 0.12259615384615384
2 0.33653846153846156 0.8689903846153846 0.11538461538461539 0.14903846153846154
0 0.21394230769230768 0.078125 0.09615384615384616 0.09615384615384616
0 0.24759615384615385 0.34375 0.10096153846153846 0.11538461538461539
0 0.21995192307692307 0.18509615384615385 0.10096153846153846 0.1201923076923077