2 0.8449519230769231 0.25600961538461536 0.07451923076923077 0.10336538461538461
2 0.8100961538461539 0.4338942307692308 0.07451923076923077 0.0985576923076923
0 0.7331730769230769 0.8894230769230769 0.057692307692307696 0.07692307692307693
0 0.7439903846153846 0.8064903846153846 0.0673076923076923 0.08413461538461539
1 0.7127403846153846 0.9819711538461539 0.07451923076923077 0.036057692307692304
2 0.7740384615384616 0.5649038461538461 0.0673076923076923 0.0889423076923077
0 0.7512019230769231 0.6959134615384616 0.0673076923076923 0.08653846153846154
1 0.6382211538461539 0.984375 0.07451923076923077 0.03125
2 0.7463942307692307 0.24759615384615385 0.07932692307692307 0.10576923076923077
0 0.6502403846153846 0.7932692307692307 0.06971153846153846 0.08653846153846154
2 0.6850961538461539 0.5649038461538461 0.07211538461538461 0.09134615384615384
0 0.6310096153846154 0.8954326923076923 0.06009615384615385 0.08653846153846154
2 0.7019230769230769 0.39783653846153844 0.07932692307692307 0.11057692307692307
0 0.65625 0.6850961538461539 0.07692307692307693 0.09375
0 0.5685096153846154 0.7860576923076923 0.07211538461538461 0.09134615384615384
0 0.5841346153846154 0.671875 0.07211538461538461 0.0889423076923077
0 0.5372596153846154 0.8870192307692307 0.07692307692307693 0.09375
1 0.5180288461538461 0.9723557692307693 0.07932692307692307 0.055288461538461536
2 0.6346153846153846 0.22956730769230768 0.08653846153846154 0.1201923076923077
2 0.5841346153846154 0.5252403846153846 0.07932692307692307 0.10576923076923077
2 0.6021634615384616 0.38221153846153844 0.08653846153846154 0.10576923076923077
0 0.49278846153846156 0.6550480769230769 0.07932692307692307 0.10096153846153846
0 0.4699519230769231 0.7704326923076923 0.07692307692307693 0.09375
0 0.4387019230769231 0.890625 0.07692307692307693 0.09375
2 0.44471153846153844 0.4891826923076923 0.08653846153846154 0.11057692307692307
2 0.4579326923076923 0.3269230769230769 0.0985576923076923 0.12740384615384615
2 0.48197115384615385 0.16826923076923078 0.09375 0.11778846153846154
0 0.3701923076923077 0.6370192307692307 0.08413461538461539 0.10096153846153846
0 0.34615384615384615 0.7608173076923077 0.08413461538461539 0.10576923076923077
0 0.32091346153846156 0.8870192307692307 0.0889423076923077 0.10576923076923077
2 0.3233173076923077 0.3233173076923077 0.10817307692307693 0.13221153846153846
2 0.2956730769230769 0.47115384615384615 0.10576923076923077 0.11298076923076923
2 0.33774038461538464 0.13701923076923078 0.10576923076923077 0.13701923076923078
0 0.21394230769230768 0.8725961538461539 0.09134615384615384 0.11057692307692307
0 0.25 0.6165865384615384 0.09375 0.10817307692307693
0 0.21875 0.7596153846153846 0.09375 0.11298076923076923