2 0.234375 0.828125 0.06490384615384616 0.10096153846153846
2 0.22596153846153846 0.6502403846153846 0.0673076923076923 0.09375
0 0.19110576923076922 0.19230769230769232 0.052884615384615384 0.07451923076923077
0 0.19831730769230768 0.27524038461538464 0.06009615384615385 0.08173076923076923
1 0.18269230769230768 0.06971153846153846 0.07211538461538461 0.09134615384615384
2 0.22956730769230768 0.515625 0.06009615384615385 0.08653846153846154
0 0.21875 0.38341346153846156 0.0625 0.08413461538461539
1 0.2548076923076923 0.054086538461538464 0.07211538461538461 0.07211538461538461
2 0.3317307692307692 0.8137019230769231 0.07211538461538461 0.0985576923076923
0 0.28966346153846156 0.265625 0.06490384615384616 0.08413461538461539
2 0.3112980769230769 0.4951923076923077 0.06490384615384616 0.0889423076923077
0 0.28725961538461536 0.1622596153846154 0.055288461538461536 0.08413461538461539
2 0.33533653846153844 0.6574519230769231 0.06971153846153846 0.10336538461538461
0 0.31009615384615385 0.3701923076923077 0.07211538461538461 0.0889423076923077
0 0.375 0.2536057692307692 0.0673076923076923 0.0889423076923077
0 0.38461538461538464 0.36658653846153844 0.06490384615384616 0.08413461538461539
0 0.37740384615384615 0.1502403846153846 0.06971153846153846 0.0889423076923077
1 0.375 0.046875 0.07932692307692307 0.07932692307692307
2 0.44471153846153844 0.8040865384615384 0.07932692307692307 0.11298076923076923
2 0.4206730769230769 0.5072115384615384 0.06971153846153846 0.0985576923076923
2 0.4375 0.6490384615384616 0.07932692307692307 0.0985576923076923
0 0.47596153846153844 0.3605769230769231 0.06971153846153846 0.09375
0 0.4699519230769231 0.24519230769230768 0.07211538461538461 0.0889423076923077
0 0.47115384615384615 0.12139423076923077 0.06971153846153846 0.0889423076923077
2 0.5612980769230769 0.5096153846153846 0.07932692307692307 0.10336538461538461
2 0.5865384615384616 0.6670673076923077 0.09134615384615384 0.1201923076923077
2 0.6057692307692307 0.8257211538461539 0.0889423076923077 0.11298076923076923
0 0.5973557692307693 0.3473557692307692 0.07451923076923077 0.09375
0 0.5913461538461539 0.2247596153846154 0.07692307692307693 0.0985576923076923
0 0.5877403846153846 0.09615384615384616 0.08173076923076923 0.10096153846153846
2 0.7199519230769231 0.6394230769230769 0.0985576923076923 0.125
2 0.7115384615384616 0.49038461538461536 0.0985576923076923 0.10817307692307693
2 0.7487980769230769 0.8221153846153846 0.09615384615384616 0.12980769230769232
0 0.6959134615384616 0.08653846153846154 0.08653846153846154 0.10817307692307693
0 0.7211538461538461 0.3389423076923077 0.08653846153846154 0.10096153846153846
0 0.7127403846153846 0.19471153846153846 0.08653846153846154 0.10576923076923077