2 0.22355769230769232 0.18269230769230768 0.07451923076923077 0.11057692307692307
2 0.2091346153846154 0.3737980769230769 0.07451923076923077 0.10336538461538461
0 0.15384615384615385 0.8629807692307693 0.0625 0.07932692307692307
0 0.16706730769230768 0.7752403846153846 0.0673076923076923 0.0889423076923077
2 0.20673076923076922 0.5180288461538461 0.0673076923076923 0.09615384615384616
0 0.19230769230769232 0.6598557692307693 0.0673076923076923 0.09134615384615384
2 0.328125 0.20192307692307693 0.08173076923076923 0.10817307692307693
0 0.265625 0.7884615384615384 0.07211538461538461 0.09134615384615384
2 0.296875 0.5444711538461539 0.07211538461538461 0.0985576923076923
0 0.25600961538461536 0.8990384615384616 0.0625 0.0889423076923077
2 0.3293269230769231 0.3701923076923077 0.08173076923076923 0.11298076923076923
0 0.2920673076923077 0.6766826923076923 0.07692307692307693 0.0985576923076923
0 0.35336538461538464 0.8040865384615384 0.07451923076923077 0.0985576923076923
0 0.3713942307692308 0.6838942307692307 0.07211538461538461 0.09134615384615384
0 0.3557692307692308 0.9170673076923077 0.07692307692307693 0.0985576923076923
2 0.4495192307692308 0.21634615384615385 0.0889423076923077 0.12259615384615384
2 0.41346153846153844 0.5336538461538461 0.07932692307692307 0.10817307692307693
2 0.43509615384615385 0.38341346153846156 0.0889423076923077 0.11057692307692307
0 0.4675480769230769 0.6935096153846154 0.07932692307692307 0.10336538461538461
0 0.45913461538461536 0.8173076923076923 0.07932692307692307 0.0985576923076923
0 0.45552884615384615 0.9495192307692307 0.07692307692307693 0.0985576923076923
2 0.5661057692307693 0.5372596153846154 0.0889423076923077 0.11538461538461539
2 0.5997596153846154 0.36778846153846156 0.10096153846153846 0.12980769230769232
2 0.6213942307692307 0.19831730769230768 0.0985576923076923 0.125
0 0.5985576923076923 0.7115384615384616 0.08653846153846154 0.10336538461538461
0 0.5889423076923077 0.84375 0.08653846153846154 0.10817307692307693
0 0.578125 0.9627403846153846 0.0889423076923077 0.07451923076923077
2 0.7379807692307693 0.4050480769230769 0.11057692307692307 0.13701923076923078
2 0.7235576923076923 0.5637019230769231 0.10817307692307693 0.1201923076923077
2 0.7788461538461539 0.2091346153846154 0.10576923076923077 0.14182692307692307
0 0.6923076923076923 0.96875 0.09134615384615384 0.0625
0 0.7283653846153846 0.7247596153846154 0.09615384615384616 0.11057692307692307
0 0.7175480769230769 0.8810096153846154 0.09615384615384616 0.11538461538461539