2 0.17668269230769232 0.7836538461538461 0.0625 0.0985576923076923
2 0.18629807692307693 0.6021634615384616 0.0625 0.0889423076923077
0 0.19951923076923078 0.13581730769230768 0.052884615384615384 0.07211538461538461
0 0.19831730769230768 0.21995192307692307 0.057692307692307696 0.07932692307692307
1 0.203125 0.026442307692307692 0.06490384615384616 0.052884615384615384
2 0.203125 0.46634615384615385 0.057692307692307696 0.08413461538461539
0 0.20552884615384615 0.3317307692307692 0.057692307692307696 0.08173076923076923
1 0.27884615384615385 0.018028846153846152 0.0673076923076923 0.036057692307692304
2 0.2764423076923077 0.7800480769230769 0.0673076923076923 0.09615384615384616
0 0.2920673076923077 0.21995192307692307 0.06009615384615385 0.08173076923076923
2 0.28966346153846156 0.453125 0.0625 0.08653846153846154
0 0.3016826923076923 0.1141826923076923 0.052884615384615384 0.08173076923076923
2 0.296875 0.6225961538461539 0.0673076923076923 0.10096153846153846
0 0.3016826923076923 0.328125 0.0673076923076923 0.08653846153846154
0 0.3786057692307692 0.21634615384615385 0.0625 0.08653846153846154
0 0.3762019230769231 0.3317307692307692 0.0625 0.08173076923076923
0 0.3942307692307692 0.11057692307692307 0.0673076923076923 0.08653846153846154
1 0.4014423076923077 0.02283653846153846 0.07211538461538461 0.04567307692307692
2 0.3918269230769231 0.78125 0.07451923076923077 0.11298076923076923
2 0.39903846153846156 0.47836538461538464 0.0673076923076923 0.09615384615384616
2 0.4014423076923077 0.625 0.07451923076923077 0.0985576923076923
0 0.4699519230769231 0.33653846153846156 0.0673076923076923 0.09134615384615384
0 0.47716346153846156 0.21875 0.0673076923076923 0.08653846153846154
0 0.49158653846153844 0.09254807692307693 0.0673076923076923 0.08653846153846154
2 0.5408653846153846 0.4963942307692308 0.07451923076923077 0.10336538461538461
2 0.5516826923076923 0.6598557692307693 0.08413461538461539 0.11778846153846154
2 0.5516826923076923 0.8221153846153846 0.08413461538461539 0.11057692307692307
0 0.5949519230769231 0.33533653846153844 0.07451923076923077 0.09375
0 0.6033653846153846 0.21033653846153846 0.07451923076923077 0.0985576923076923
0 0.6129807692307693 0.08052884615384616 0.07932692307692307 0.0985576923076923
2 0.6887019230769231 0.6442307692307693 0.09375 0.12259615384615384
2 0.6959134615384616 0.49278846153846156 0.09375 0.10576923076923077
2 0.6983173076923077 0.8329326923076923 0.0889423076923077 0.12740384615384615
0 0.7223557692307693 0.08052884615384616 0.07932692307692307 0.10576923076923077
0 0.7211538461538461 0.3401442307692308 0.08413461538461539 0.0985576923076923
0 0.7283653846153846 0.19230769230769232 0.08413461538461539 0.10336538461538461