2 0.2247596153846154 0.18389423076923078 0.10096153846153846 0.06490384615384616
2 0.4014423076923077 0.20552884615384615 0.09134615384615384 0.0625
0 0.8533653846153846 0.24158653846153846 0.06971153846153846 0.052884615384615384
0 0.7716346153846154 0.23557692307692307 0.07932692307692307 0.057692307692307696
1 0.9639423076923077 0.25240384615384615 0.07211538461538461 0.0673076923076923
2 0.5324519230769231 0.2283653846153846 0.08413461538461539 0.057692307692307696
0 0.6634615384615384 0.23798076923076922 0.07932692307692307 0.057692307692307696
1 0.9711538461538461 0.32091346153846156 0.057692307692307696 0.06971153846153846
2 0.2247596153846154 0.28365384615384615 0.09615384615384616 0.06971153846153846
0 0.7668269230769231 0.3269230769230769 0.08173076923076923 0.0625
2 0.5396634615384616 0.3125 0.08653846153846154 0.0625
0 0.8677884615384616 0.3401442307692308 0.07932692307692307 0.052884615384615384
2 0.3762019230769231 0.31009615384615385 0.10096153846153846 0.06971153846153846
0 0.6610576923076923 0.33052884615384615 0.08653846153846154 0.0673076923076923
0 0.765625 0.4110576923076923 0.08653846153846154 0.0625
0 0.6538461538461539 0.40384615384615385 0.08173076923076923 0.0625
0 0.8665865384615384 0.43028846153846156 0.08653846153846154 0.0673076923076923
1 0.9651442307692307 0.4411057692307692 0.06971153846153846 0.07451923076923077
2 0.21754807692307693 0.3942307692307692 0.11057692307692307 0.07451923076923077
2 0.5108173076923077 0.4170673076923077 0.09615384615384616 0.06971153846153846
2 0.36899038461538464 0.4110576923076923 0.09615384615384616 0.07932692307692307
0 0.6454326923076923 0.49278846153846156 0.09134615384615384 0.0673076923076923
0 0.7584134615384616 0.5060096153846154 0.08653846153846154 0.0673076923076923
0 0.8798076923076923 0.5264423076923077 0.08653846153846154 0.0673076923076923
2 0.48677884615384615 0.5540865384615384 0.10096153846153846 0.07932692307692307
2 0.3269230769230769 0.5552884615384616 0.11538461538461539 0.0889423076923077
2 0.17067307692307693 0.5480769230769231 0.11057692307692307 0.08413461538461539
0 0.6394230769230769 0.6141826923076923 0.09134615384615384 0.07211538461538461
0 0.7596153846153846 0.6274038461538461 0.09615384615384616 0.07451923076923077
0 0.8858173076923077 0.6442307692307693 0.09615384615384616 0.07932692307692307
2 0.33533653846153844 0.6887019230769231 0.1201923076923077 0.09375
2 0.48197115384615385 0.703125 0.10576923076923077 0.09375
2 0.15144230769230768 0.6899038461538461 0.125 0.09375
0 0.8798076923076923 0.7512019230769231 0.10576923076923077 0.08173076923076923
0 0.6286057692307693 0.7367788461538461 0.09615384615384616 0.08413461538461539
0 0.7704326923076923 0.7512019230769231 0.10096153846153846 0.08653846153846154