2 0.7584134615384616 0.1814903846153846 0.0673076923076923 0.10096153846153846
2 0.7704326923076923 0.35697115384615385 0.0673076923076923 0.09134615384615384
0 0.8125 0.8064903846153846 0.055288461538461536 0.07211538461538461
0 0.8040865384615384 0.7259615384615384 0.06009615384615385 0.08173076923076923
1 0.8245192307692307 0.9278846153846154 0.07211538461538461 0.0889423076923077
2 0.7692307692307693 0.49038461538461536 0.06009615384615385 0.08653846153846154
0 0.7836538461538461 0.6189903846153846 0.06009615384615385 0.08173076923076923
1 0.7548076923076923 0.9435096153846154 0.07451923076923077 0.07211538461538461
2 0.6634615384615384 0.1971153846153846 0.07211538461538461 0.0985576923076923
0 0.7151442307692307 0.7355769230769231 0.0625 0.08173076923076923
2 0.6887019230769231 0.5120192307692307 0.06490384615384616 0.08653846153846154
0 0.7175480769230769 0.8389423076923077 0.055288461538461536 0.08173076923076923
2 0.6622596153846154 0.35096153846153844 0.07211538461538461 0.10096153846153846
0 0.6911057692307693 0.6334134615384616 0.06971153846153846 0.0889423076923077
0 0.6310096153846154 0.75 0.06490384615384616 0.08653846153846154
0 0.6201923076923077 0.6382211538461539 0.06490384615384616 0.08173076923076923
0 0.6298076923076923 0.8521634615384616 0.06971153846153846 0.0889423076923077
1 0.6358173076923077 0.953125 0.07692307692307693 0.07692307692307693
2 0.5528846153846154 0.2091346153846154 0.07692307692307693 0.11298076923076923
2 0.5805288461538461 0.5012019230769231 0.07211538461538461 0.0985576923076923
2 0.5625 0.36177884615384615 0.08173076923076923 0.0985576923076923
0 0.5300480769230769 0.6454326923076923 0.07211538461538461 0.09375
0 0.5372596153846154 0.7596153846153846 0.06971153846153846 0.0889423076923077
0 0.5372596153846154 0.8810096153846154 0.06971153846153846 0.0889423076923077
2 0.44350961538461536 0.5012019230769231 0.08173076923076923 0.10336538461538461
2 0.41346153846153844 0.34615384615384615 0.09375 0.11778846153846154
2 0.3942307692307692 0.18990384615384615 0.08653846153846154 0.11298076923076923
0 0.4098557692307692 0.6610576923076923 0.07692307692307693 0.09375
0 0.4170673076923077 0.78125 0.07692307692307693 0.0985576923076923
0 0.4230769230769231 0.9086538461538461 0.08173076923076923 0.0985576923076923
2 0.28365384615384615 0.3762019230769231 0.0985576923076923 0.125
2 0.29447115384615385 0.5228365384615384 0.09615384615384616 0.11057692307692307
2 0.2512019230769231 0.19591346153846154 0.0985576923076923 0.12740384615384615
0 0.31850961538461536 0.9206730769230769 0.08653846153846154 0.10817307692307693
0 0.28846153846153844 0.6706730769230769 0.08653846153846154 0.0985576923076923
0 0.2980769230769231 0.8137019230769231 0.08653846153846154 0.10336538461538461