2 0.18269230769230768 0.7788461538461539 0.06490384615384616 0.10576923076923077
2 0.1935096153846154 0.5865384615384616 0.06490384615384616 0.09615384615384616
0 0.20793269230769232 0.0889423076923077 0.055288461538461536 0.07451923076923077
0 0.2091346153846154 0.1778846153846154 0.06009615384615385 0.08413461538461539
2 0.2127403846153846 0.43990384615384615 0.06009615384615385 0.0889423076923077
0 0.21754807692307693 0.296875 0.06009615384615385 0.08653846153846154
2 0.28966346153846156 0.7740384615384616 0.07211538461538461 0.10096153846153846
0 0.3088942307692308 0.1778846153846154 0.06490384615384616 0.08653846153846154
2 0.30649038461538464 0.4266826923076923 0.06490384615384616 0.09134615384615384
0 0.31490384615384615 0.06610576923076923 0.055288461538461536 0.08653846153846154
2 0.3137019230769231 0.6057692307692307 0.07211538461538461 0.10576923076923077
0 0.31971153846153844 0.2932692307692308 0.07211538461538461 0.09375
0 0.39903846153846156 0.17427884615384615 0.0673076923076923 0.09134615384615384
0 0.39903846153846156 0.2980769230769231 0.06490384615384616 0.08653846153846154
0 0.41586538461538464 0.0625 0.07211538461538461 0.09375
2 0.41225961538461536 0.7764423076923077 0.07692307692307693 0.1201923076923077
2 0.4206730769230769 0.453125 0.07211538461538461 0.10096153846153846
2 0.421875 0.6081730769230769 0.07932692307692307 0.10336538461538461
0 0.4987980769230769 0.3016826923076923 0.07211538461538461 0.0985576923076923
0 0.5060096153846154 0.17668269230769232 0.07211538461538461 0.09375
0 0.5216346153846154 0.04447115384615385 0.07211538461538461 0.0889423076923077
2 0.5733173076923077 0.4723557692307692 0.07932692307692307 0.10817307692307693
2 0.5841346153846154 0.6454326923076923 0.0889423076923077 0.125
2 0.5817307692307693 0.8185096153846154 0.0889423076923077 0.11778846153846154
0 0.6322115384615384 0.3016826923076923 0.07692307692307693 0.0985576923076923
0 0.6394230769230769 0.16826923076923078 0.07692307692307693 0.10336538461538461
0 0.6490384615384616 0.040865384615384616 0.08173076923076923 0.07932692307692307
2 0.7271634615384616 0.6298076923076923 0.0985576923076923 0.13221153846153846
2 0.7355769230769231 0.4675480769230769 0.0985576923076923 0.11298076923076923
2 0.7415865384615384 0.8305288461538461 0.09615384615384616 0.13701923076923078
0 0.7644230769230769 0.04447115384615385 0.08653846153846154 0.08173076923076923
0 0.7632211538461539 0.30649038461538464 0.0889423076923077 0.10576923076923077
0 0.7728365384615384 0.14903846153846154 0.0889423076923077 0.11057692307692307