2 0.2091346153846154 0.7992788461538461 0.09615384615384616 0.06009615384615385
2 0.3870192307692308 0.7920673076923077 0.08653846153846154 0.057692307692307696
0 0.8425480769230769 0.7872596153846154 0.0673076923076923 0.04807692307692308
0 0.7608173076923077 0.7872596153846154 0.07692307692307693 0.055288461538461536
1 0.9615384615384616 0.7848557692307693 0.07692307692307693 0.0625
2 0.5204326923076923 0.7764423076923077 0.08173076923076923 0.052884615384615384
0 0.6514423076923077 0.7764423076923077 0.07692307692307693 0.052884615384615384
1 0.9711538461538461 0.7127403846153846 0.057692307692307696 0.06490384615384616
2 0.21514423076923078 0.7007211538461539 0.09134615384615384 0.06490384615384616
0 0.7620192307692307 0.6947115384615384 0.07692307692307693 0.057692307692307696
2 0.5348557692307693 0.6935096153846154 0.08173076923076923 0.057692307692307696
0 0.8653846153846154 0.6887019230769231 0.07692307692307693 0.04807692307692308
2 0.3701923076923077 0.6838942307692307 0.0985576923076923 0.0625
0 0.6574519230769231 0.6838942307692307 0.08173076923076923 0.0625
0 0.7668269230769231 0.6105769230769231 0.08173076923076923 0.057692307692307696
0 0.6538461538461539 0.6105769230769231 0.07692307692307693 0.057692307692307696
0 0.8701923076923077 0.5985576923076923 0.08173076923076923 0.0625
1 0.9675480769230769 0.5913461538461539 0.0625 0.07211538461538461
2 0.21514423076923078 0.5877403846153846 0.10817307692307693 0.0673076923076923
2 0.5120192307692307 0.5853365384615384 0.09134615384615384 0.0625
2 0.3701923076923077 0.5817307692307693 0.09134615384615384 0.07211538461538461
0 0.6514423076923077 0.5192307692307693 0.08653846153846154 0.0625
0 0.7668269230769231 0.5144230769230769 0.08173076923076923 0.0625
0 0.8894230769230769 0.5024038461538461 0.08173076923076923 0.0625
2 0.49759615384615385 0.44711538461538464 0.0985576923076923 0.07211538461538461
2 0.33774038461538464 0.43509615384615385 0.11298076923076923 0.08173076923076923
2 0.18028846153846154 0.43149038461538464 0.10576923076923077 0.07692307692307693
0 0.6538461538461539 0.39663461538461536 0.08653846153846154 0.0673076923076923
0 0.7764423076923077 0.3918269230769231 0.09134615384615384 0.0673076923076923
0 0.9038461538461539 0.38461538461538464 0.09134615384615384 0.07211538461538461
2 0.3557692307692308 0.3016826923076923 0.11778846153846154 0.08653846153846154
2 0.5036057692307693 0.296875 0.10096153846153846 0.08653846153846154
2 0.171875 0.28846153846153844 0.12259615384615384 0.08653846153846154
0 0.9050480769230769 0.2776442307692308 0.10096153846153846 0.07692307692307693
0 0.6514423076923077 0.27403846153846156 0.09134615384615384 0.07692307692307693
0 0.796875 0.2692307692307692 0.0985576923076923 0.07692307692307693