2 0.1141826923076923 0.8064903846153846 0.06971153846153846 0.10336538461538461
2 0.13822115384615385 0.6189903846153846 0.06971153846153846 0.10096153846153846
0 0.18629807692307693 0.13221153846153846 0.06009615384615385 0.07692307692307693
0 0.1778846153846154 0.21995192307692307 0.06490384615384616 0.08653846153846154
1 0.19831730769230768 0.02403846153846154 0.07451923076923077 0.04807692307692308
2 0.16706730769230768 0.47716346153846156 0.06490384615384616 0.09134615384615384
0 0.17908653846153846 0.33653846153846156 0.06490384615384616 0.0889423076923077
1 0.2764423076923077 0.018028846153846152 0.07692307692307693 0.036057692307692304
2 0.21995192307692307 0.8112980769230769 0.07692307692307693 0.10576923076923077
0 0.2764423076923077 0.22716346153846154 0.0673076923076923 0.0889423076923077
2 0.25600961538461536 0.4699519230769231 0.06971153846153846 0.09375
0 0.2932692307692308 0.11778846153846154 0.06009615384615385 0.0889423076923077
2 0.25240384615384615 0.6466346153846154 0.07692307692307693 0.11057692307692307
0 0.27884615384615385 0.3401442307692308 0.07451923076923077 0.09375
0 0.36778846153846156 0.22956730769230768 0.06971153846153846 0.09375
0 0.35697115384615385 0.34975961538461536 0.06971153846153846 0.0889423076923077
0 0.390625 0.1201923076923077 0.07451923076923077 0.09375
1 0.40625 0.026442307692307692 0.08173076923076923 0.052884615384615384
2 0.3401442307692308 0.8209134615384616 0.08173076923076923 0.1201923076923077
2 0.3701923076923077 0.5048076923076923 0.07692307692307693 0.10576923076923077
2 0.3605769230769231 0.65625 0.08653846153846154 0.10817307692307693
0 0.4543269230769231 0.3605769230769231 0.07451923076923077 0.10096153846153846
0 0.4699519230769231 0.23798076923076922 0.07451923076923077 0.09375
0 0.49399038461538464 0.10817307692307693 0.07451923076923077 0.09375
2 0.5168269230769231 0.5324519230769231 0.08653846153846154 0.11298076923076923
2 0.5144230769230769 0.7055288461538461 0.09615384615384616 0.12740384615384615
2 0.5048076923076923 0.875 0.09375 0.1201923076923077
0 0.5853365384615384 0.3701923076923077 0.07932692307692307 0.10096153846153846
0 0.6021634615384616 0.2403846153846154 0.08173076923076923 0.10576923076923077
0 0.6213942307692307 0.1045673076923077 0.0889423076923077 0.10817307692307693
2 0.6598557692307693 0.6983173076923077 0.10576923076923077 0.13221153846153846
2 0.6790865384615384 0.5408653846153846 0.10576923076923077 0.11538461538461539
2 0.6574519230769231 0.8966346153846154 0.10336538461538461 0.13701923076923078
0 0.7355769230769231 0.11298076923076923 0.09134615384615384 0.11538461538461539
0 0.7163461538461539 0.38341346153846156 0.09375 0.10817307692307693
0 0.734375 0.22956730769230768 0.09375 0.11298076923076923