2 0.1875 0.22115384615384615 0.0985576923076923 0.0625
2 0.36538461538461536 0.21995192307692307 0.0889423076923077 0.0625
0 0.8197115384615384 0.20072115384615385 0.06971153846153846 0.05048076923076923
0 0.7379807692307693 0.20432692307692307 0.07932692307692307 0.057692307692307696
1 0.9423076923076923 0.1971153846153846 0.08413461538461539 0.0673076923076923
2 0.4987980769230769 0.2283653846153846 0.08413461538461539 0.057692307692307696
0 0.6298076923076923 0.22115384615384615 0.07932692307692307 0.057692307692307696
1 0.9543269230769231 0.2692307692307692 0.06971153846153846 0.06971153846153846
2 0.19831730769230768 0.31971153846153844 0.09375 0.0673076923076923
0 0.7439903846153846 0.296875 0.07932692307692307 0.0625
2 0.5168269230769231 0.31009615384615385 0.08413461538461539 0.0625
0 0.8485576923076923 0.2980769230769231 0.07932692307692307 0.052884615384615384
2 0.35336538461538464 0.328125 0.10096153846153846 0.0673076923076923
0 0.6394230769230769 0.3137019230769231 0.08413461538461539 0.0673076923076923
0 0.7536057692307693 0.38100961538461536 0.08413461538461539 0.0625
0 0.640625 0.3870192307692308 0.07932692307692307 0.0625
0 0.8581730769230769 0.38822115384615385 0.08413461538461539 0.0673076923076923
1 0.9591346153846154 0.3894230769230769 0.07692307692307693 0.07692307692307693
2 0.20432692307692307 0.4326923076923077 0.11057692307692307 0.07211538461538461
2 0.5 0.41947115384615385 0.09375 0.0673076923076923
2 0.359375 0.43028846153846156 0.09615384615384616 0.07692307692307693
0 0.6430288461538461 0.47836538461538464 0.0889423076923077 0.0673076923076923
0 0.7584134615384616 0.47716346153846156 0.08413461538461539 0.0673076923076923
0 0.8822115384615384 0.48197115384615385 0.08413461538461539 0.0673076923076923
2 0.49399038461538464 0.5576923076923077 0.10336538461538461 0.07692307692307693
2 0.33413461538461536 0.578125 0.11778846153846154 0.08653846153846154
2 0.1778846153846154 0.5901442307692307 0.11057692307692307 0.08173076923076923
0 0.6526442307692307 0.5997596153846154 0.0889423076923077 0.07211538461538461
0 0.7752403846153846 0.5985576923076923 0.09375 0.07211538461538461
0 0.9026442307692307 0.5997596153846154 0.09615384615384616 0.07692307692307693
2 0.359375 0.7103365384615384 0.12259615384615384 0.09375
2 0.5072115384615384 0.7079326923076923 0.10576923076923077 0.09134615384615384
2 0.17668269230769232 0.7331730769230769 0.12740384615384615 0.09375
0 0.9086538461538461 0.7055288461538461 0.10576923076923077 0.08173076923076923
0 0.65625 0.7223557692307693 0.09615384615384616 0.08173076923076923
0 0.8016826923076923 0.7199519230769231 0.10336538461538461 0.08413461538461539