2 0.21875 0.828125 0.06971153846153846 0.10096153846153846
2 0.20793269230769232 0.6478365384615384 0.06971153846153846 0.09615384615384616
0 0.16466346153846154 0.1875 0.055288461538461536 0.07451923076923077
0 0.17427884615384615 0.2704326923076923 0.0625 0.08173076923076923
1 0.15504807692307693 0.06971153846153846 0.07211538461538461 0.07932692307692307
2 0.2091346153846154 0.5108173076923077 0.0625 0.08653846153846154
0 0.19471153846153846 0.3798076923076923 0.0625 0.08413461538461539
1 0.22716346153846154 0.054086538461538464 0.07211538461538461 0.0625
2 0.3173076923076923 0.8112980769230769 0.07451923076923077 0.10336538461538461
0 0.265625 0.25961538461538464 0.06490384615384616 0.08413461538461539
2 0.29086538461538464 0.4891826923076923 0.06971153846153846 0.0889423076923077
0 0.2608173076923077 0.15504807692307693 0.055288461538461536 0.08413461538461539
2 0.31850961538461536 0.6550480769230769 0.07451923076923077 0.10817307692307693
0 0.28725961538461536 0.36538461538461536 0.07451923076923077 0.09134615384615384
0 0.35096153846153844 0.24519230769230768 0.06971153846153846 0.0889423076923077
0 0.3629807692307692 0.359375 0.0673076923076923 0.08413461538461539
0 0.35216346153846156 0.140625 0.07451923076923077 0.09134615384615384
1 0.3485576923076923 0.04326923076923077 0.07692307692307693 0.0673076923076923
2 0.43149038461538464 0.7992788461538461 0.08173076923076923 0.11778846153846154
2 0.4026442307692308 0.5012019230769231 0.07451923076923077 0.10336538461538461
2 0.4206730769230769 0.6442307692307693 0.08173076923076923 0.10336538461538461
0 0.4543269230769231 0.35216346153846156 0.07451923076923077 0.0985576923076923
0 0.44711538461538464 0.234375 0.07451923076923077 0.09134615384615384
0 0.44711538461538464 0.11057692307692307 0.07451923076923077 0.09134615384615384
2 0.5432692307692307 0.5 0.08173076923076923 0.10817307692307693
2 0.5733173076923077 0.6598557692307693 0.09375 0.12259615384615384
2 0.59375 0.8185096153846154 0.0889423076923077 0.11298076923076923
0 0.578125 0.33653846153846156 0.07932692307692307 0.0985576923076923
0 0.5697115384615384 0.2127403846153846 0.07932692307692307 0.10336538461538461
0 0.5637019230769231 0.08413461538461539 0.08413461538461539 0.10336538461538461
2 0.7055288461538461 0.6286057692307693 0.10336538461538461 0.12980769230769232
2 0.6959134615384616 0.47836538461538464 0.10096153846153846 0.11057692307692307
2 0.7391826923076923 0.8125 0.0985576923076923 0.13221153846153846
0 0.6706730769230769 0.07091346153846154 0.08653846153846154 0.10817307692307693
0 0.7019230769230769 0.3269230769230769 0.0889423076923077 0.10336538461538461
0 0.6911057692307693 0.18028846153846154 0.0889423076923077 0.10817307692307693