2 0.25961538461538464 0.8137019230769231 0.10817307692307693 0.07451923076923077
2 0.44711538461538464 0.7836538461538461 0.10096153846153846 0.07451923076923077
0 0.9302884615384616 0.71875 0.07692307692307693 0.06009615384615385
0 0.8425480769230769 0.7271634615384616 0.0889423076923077 0.0673076923076923
2 0.5877403846153846 0.7512019230769231 0.09375 0.0673076923076923
0 0.7259615384615384 0.7307692307692307 0.09134615384615384 0.0673076923076923
2 0.2548076923076923 0.7091346153846154 0.10817307692307693 0.07932692307692307
0 0.8317307692307693 0.6286057692307693 0.09134615384615384 0.06971153846153846
2 0.5913461538461539 0.6574519230769231 0.09615384615384616 0.07211538461538461
0 0.9411057692307693 0.6117788461538461 0.0889423076923077 0.0625
2 0.41586538461538464 0.6694711538461539 0.11298076923076923 0.07932692307692307
0 0.7199519230769231 0.6322115384615384 0.09615384615384616 0.07692307692307693
0 0.8269230769230769 0.5420673076923077 0.09615384615384616 0.07211538461538461
0 0.7079326923076923 0.5528846153846154 0.09134615384615384 0.07211538461538461
0 0.9338942307692307 0.5120192307692307 0.09615384615384616 0.07692307692307693
2 0.2403846153846154 0.5901442307692307 0.12259615384615384 0.08653846153846154
2 0.5528846153846154 0.5492788461538461 0.10817307692307693 0.07932692307692307
2 0.4026442307692308 0.5625 0.11057692307692307 0.0889423076923077
0 0.6923076923076923 0.4579326923076923 0.10096153846153846 0.07932692307692307
0 0.8149038461538461 0.4375 0.09615384615384616 0.07692307692307693
0 0.9435096153846154 0.4098557692307692 0.09615384615384616 0.07692307692307693
2 0.5192307692307693 0.4014423076923077 0.11538461538461539 0.0889423076923077
2 0.34975961538461536 0.4098557692307692 0.12980769230769232 0.10096153846153846
2 0.1814903846153846 0.42908653846153844 0.12259615384615384 0.09615384615384616
0 0.6802884615384616 0.328125 0.10096153846153846 0.08413461538461539
0 0.8076923076923077 0.30649038461538464 0.10817307692307693 0.08413461538461539
0 0.9350961538461539 0.2860576923076923 0.09375 0.08653846153846154
2 0.35096153846153844 0.26802884615384615 0.1346153846153846 0.10817307692307693
2 0.5072115384615384 0.2439903846153846 0.11538461538461539 0.10576923076923077
2 0.15264423076923078 0.27524038461538464 0.13942307692307693 0.10576923076923077
0 0.9194711538461539 0.171875 0.09615384615384616 0.09134615384615384
0 0.6610576923076923 0.20072115384615385 0.11057692307692307 0.09615384615384616
0 0.8137019230769231 0.17427884615384615 0.11538461538461539 0.09615384615384616