2 0.14302884615384615 0.17908653846153846 0.10336538461538461 0.0673076923076923
2 0.3317307692307692 0.1778846153846154 0.09615384615384616 0.0673076923076923
0 0.8149038461538461 0.15745192307692307 0.07451923076923077 0.057692307692307696
0 0.7295673076923077 0.1622596153846154 0.08413461538461539 0.0625
1 0.9411057692307693 0.15264423076923078 0.08413461538461539 0.07211538461538461
2 0.4735576923076923 0.18629807692307693 0.0889423076923077 0.0625
0 0.6129807692307693 0.17908653846153846 0.08413461538461539 0.0625
1 0.9555288461538461 0.22956730769230768 0.06490384615384616 0.07211538461538461
2 0.15504807692307693 0.28365384615384615 0.10096153846153846 0.07211538461538461
0 0.7355769230769231 0.25841346153846156 0.08413461538461539 0.06490384615384616
2 0.49278846153846156 0.27283653846153844 0.09134615384615384 0.0673076923076923
0 0.8449519230769231 0.2608173076923077 0.08413461538461539 0.057692307692307696
2 0.31971153846153844 0.2932692307692308 0.10817307692307693 0.07211538461538461
0 0.6237980769230769 0.2764423076923077 0.09134615384615384 0.07211538461538461
0 0.7451923076923077 0.3485576923076923 0.09134615384615384 0.0673076923076923
0 0.625 0.3545673076923077 0.08413461538461539 0.0673076923076923
0 0.8545673076923077 0.3557692307692308 0.09134615384615384 0.07211538461538461
1 0.9591346153846154 0.35697115384615385 0.07211538461538461 0.07932692307692307
2 0.16105769230769232 0.40384615384615385 0.1201923076923077 0.07692307692307693
2 0.47596153846153844 0.3894230769230769 0.10096153846153846 0.07211538461538461
2 0.3245192307692308 0.4014423076923077 0.10336538461538461 0.08173076923076923
0 0.6274038461538461 0.45072115384615385 0.09615384615384616 0.07211538461538461
0 0.75 0.45072115384615385 0.09134615384615384 0.07211538461538461
0 0.8810096153846154 0.45552884615384615 0.09134615384615384 0.07211538461538461
2 0.46875 0.5360576923076923 0.11057692307692307 0.08173076923076923
2 0.29927884615384615 0.5588942307692307 0.125 0.09375
2 0.13221153846153846 0.5709134615384616 0.11538461538461539 0.08653846153846154
0 0.6370192307692307 0.5817307692307693 0.0985576923076923 0.07692307692307693
0 0.7680288461538461 0.5793269230769231 0.10336538461538461 0.07692307692307693
0 0.9038461538461539 0.5805288461538461 0.10336538461538461 0.08173076923076923
2 0.3245192307692308 0.6995192307692307 0.12980769230769232 0.10096153846153846
2 0.4831730769230769 0.6959134615384616 0.11057692307692307 0.0985576923076923
2 0.1310096153846154 0.7235576923076923 0.1346153846153846 0.0985576923076923
0 0.9110576923076923 0.6935096153846154 0.11057692307692307 0.08413461538461539
0 0.640625 0.7115384615384616 0.10336538461538461 0.08653846153846154
0 0.7944711538461539 0.7079326923076923 0.11057692307692307 0.08653846153846154