1 0.5985576923076923 0.8269230769230769 0.11538461538461539 0.07932692307692307
1 0.6995192307692307 0.8016826923076923 0.09615384615384616 0.07451923076923077
2 0.43990384615384615 0.796875 0.09615384615384616 0.07451923076923077
0 0.5300480769230769 0.7824519230769231 0.09375 0.06971153846153846
2 0.33413461538461536 0.7752403846153846 0.0985576923076923 0.06971153846153846
1 0.6310096153846154 0.7548076923076923 0.10336538461538461 0.07451923076923077
1 0.7451923076923077 0.7331730769230769 0.11057692307692307 0.07451923076923077
2 0.4483173076923077 0.71875 0.09375 0.07211538461538461
0 0.25961538461538464 0.7103365384615384 0.0889423076923077 0.057692307692307696
2 0.35096153846153844 0.7055288461538461 0.09375 0.07451923076923077
2 0.5685096153846154 0.6959134615384616 0.09134615384615384 0.06971153846153846
1 0.8401442307692307 0.6911057692307693 0.10576923076923077 0.07932692307692307
1 0.6682692307692307 0.6790865384615384 0.10336538461538461 0.08173076923076923
2 0.18269230769230768 0.671875 0.10336538461538461 0.07211538461538461
2 0.41346153846153844 0.6502403846153846 0.10336538461538461 0.07211538461538461
0 0.2920673076923077 0.6490384615384616 0.09375 0.07451923076923077
0 0.5060096153846154 0.6466346153846154 0.09134615384615384 0.07451923076923077
1 0.7596153846153846 0.6430288461538461 0.11057692307692307 0.07932692307692307
2 0.6213942307692307 0.6177884615384616 0.09375 0.0673076923076923
0 0.8461538461538461 0.6069711538461539 0.0889423076923077 0.06971153846153846
0 0.21995192307692307 0.6021634615384616 0.0985576923076923 0.0673076923076923
2 0.11658653846153846 0.6009615384615384 0.11057692307692307 0.07451923076923077
0 0.3798076923076923 0.5877403846153846 0.09134615384615384 0.0673076923076923
1 0.7019230769230769 0.5793269230769231 0.11057692307692307 0.08413461538461539
0 0.4651442307692308 0.5745192307692307 0.09375 0.07451923076923077
2 0.28966346153846156 0.5600961538461539 0.0985576923076923 0.07211538461538461
1 0.5600961538461539 0.5612980769230769 0.11057692307692307 0.07932692307692307
1 0.8641826923076923 0.5348557692307693 0.11538461538461539 0.08413461538461539
0 0.7620192307692307 0.5168269230769231 0.09375 0.07451923076923077
0 0.6658653846153846 0.5120192307692307 0.0889423076923077 0.06971153846153846
1 0.48197115384615385 0.4987980769230769 0.11057692307692307 0.08653846153846154
2 0.5817307692307693 0.4855769230769231 0.0985576923076923 0.07932692307692307
2 0.29927884615384615 0.484375 0.10336538461538461 0.07692307692307693
0 0.171875 0.4831730769230769 0.10096153846153846 0.07932692307692307
0 0.390625 0.4699519230769231 0.0889423076923077 0.07451923076923077
1 0.8966346153846154 0.4579326923076923 0.1201923076923077 0.0889423076923077
1 0.7091346153846154 0.4423076923076923 0.11057692307692307 0.08173076923076923
1 0.45913461538461536 0.41466346153846156 0.11057692307692307 0.08653846153846154
1 0.5697115384615384 0.4074519230769231 0.1201923076923077 0.09134615384615384
2 0.3004807692307692 0.39903846153846156 0.10576923076923077 0.07932692307692307
1 0.7848557692307693 0.38221153846153844 0.11538461538461539 0.08653846153846154
2 0.20072115384615385 0.3786057692307692 0.10336538461538461 0.08413461538461539
0 0.6838942307692307 0.3713942307692308 0.09134615384615384 0.07451923076923077
2 0.4651442307692308 0.3293269230769231 0.10336538461538461 0.07932692307692307
0 0.5588942307692307 0.328125 0.0985576923076923 0.07692307692307693
0 0.36658653846153844 0.3173076923076923 0.10336538461538461 0.07451923076923077
0 0.6490384615384616 0.29927884615384615 0.09375 0.07451923076923077
0 0.5685096153846154 0.25 0.10096153846153846 0.08413461538461539