1 0.41466346153846156 0.1466346153846154 0.12980769230769232 0.0985576923076923
1 0.31009615384615385 0.18389423076923078 0.11298076923076923 0.09134615384615384
2 0.5889423076923077 0.15985576923076922 0.11298076923076923 0.09134615384615384
0 0.49399038461538464 0.18629807692307693 0.10817307692307693 0.08413461538461539
2 0.7043269230769231 0.171875 0.11298076923076923 0.08413461538461539
1 0.38822115384615385 0.22716346153846154 0.11778846153846154 0.09375
1 0.26802884615384615 0.26322115384615385 0.125 0.09375
2 0.5889423076923077 0.2439903846153846 0.10817307692307693 0.08653846153846154
0 0.7920673076923077 0.23197115384615385 0.10096153846153846 0.07211538461538461
2 0.6935096153846154 0.24879807692307693 0.10817307692307693 0.09134615384615384
2 0.46274038461538464 0.28365384615384615 0.10576923076923077 0.08413461538461539
1 0.17067307692307693 0.31971153846153844 0.125 0.0985576923076923
1 0.35697115384615385 0.3125 0.1201923076923077 0.0985576923076923
2 0.8786057692307693 0.265625 0.11778846153846154 0.0889423076923077
2 0.6346153846153846 0.31490384615384615 0.11778846153846154 0.0889423076923077
0 0.7644230769230769 0.30288461538461536 0.10817307692307693 0.09134615384615384
0 0.5336538461538461 0.3293269230769231 0.10576923076923077 0.09134615384615384
1 0.2620192307692308 0.3605769230769231 0.125 0.0985576923076923
2 0.41466346153846156 0.3737980769230769 0.10817307692307693 0.08173076923076923
0 0.17307692307692307 0.4110576923076923 0.10336538461538461 0.08413461538461539
0 0.8461538461538461 0.34375 0.11298076923076923 0.08173076923076923
2 0.9423076923076923 0.33533653846153844 0.09375 0.09134615384615384
0 0.6766826923076923 0.37740384615384615 0.10576923076923077 0.08173076923076923
1 0.3329326923076923 0.4230769230769231 0.12980769230769232 0.10336538461538461
0 0.5865384615384616 0.4026442307692308 0.10817307692307693 0.09134615384615384
2 0.7764423076923077 0.39663461538461536 0.11298076923076923 0.08653846153846154
1 0.4855769230769231 0.4266826923076923 0.12740384615384615 0.0985576923076923
1 0.16346153846153846 0.4891826923076923 0.13221153846153846 0.10336538461538461
0 0.27403846153846156 0.49759615384615385 0.10817307692307693 0.09134615384615384
0 0.3786057692307692 0.49158653846153844 0.10336538461538461 0.08413461538461539
1 0.578125 0.484375 0.12980769230769232 0.10576923076923077
2 0.4723557692307692 0.5108173076923077 0.11538461538461539 0.09615384615384616
2 0.7752403846153846 0.4807692307692308 0.11778846153846154 0.09375
0 0.9122596153846154 0.4675480769230769 0.1201923076923077 0.0985576923076923
0 0.6778846153846154 0.5060096153846154 0.10336538461538461 0.09134615384615384
1 0.13701923076923078 0.5757211538461539 0.13942307692307693 0.10817307692307693
1 0.3401442307692308 0.5721153846153846 0.12740384615384615 0.0985576923076923
1 0.6117788461538461 0.5733173076923077 0.12980769230769232 0.10576923076923077
1 0.49399038461538464 0.59375 0.13942307692307693 0.11057692307692307
2 0.7836538461538461 0.5733173076923077 0.125 0.0985576923076923
1 0.2644230769230769 0.6442307692307693 0.13221153846153846 0.10576923076923077
2 0.8930288461538461 0.5817307692307693 0.1201923076923077 0.10336538461538461
0 0.3737980769230769 0.6454326923076923 0.10576923076923077 0.09134615384615384
2 0.6141826923076923 0.6658653846153846 0.1201923076923077 0.0985576923076923
0 0.5132211538461539 0.6778846153846154 0.11298076923076923 0.09134615384615384
0 0.7223557692307693 0.6670673076923077 0.11778846153846154 0.09375
0 0.4206730769230769 0.71875 0.10817307692307693 0.09134615384615384
0 0.5132211538461539 0.7620192307692307 0.1201923076923077 0.10336538461538461