1 0.8004807692307693 0.6237980769230769 0.09375 0.125
1 0.7632211538461539 0.7211538461538461 0.08653846153846154 0.10336538461538461
2 0.7908653846153846 0.46153846153846156 0.08653846153846154 0.10576923076923077
0 0.765625 0.5492788461538461 0.08173076923076923 0.10336538461538461
2 0.78125 0.3545673076923077 0.08173076923076923 0.10817307692307693
1 0.7247596153846154 0.6478365384615384 0.08653846153846154 0.11298076923076923
1 0.6887019230769231 0.7596153846153846 0.08653846153846154 0.11778846153846154
2 0.7115384615384616 0.46033653846153844 0.08413461538461539 0.10336538461538461
0 0.7259615384615384 0.27283653846153844 0.06971153846153846 0.0985576923076923
2 0.7091346153846154 0.36177884615384615 0.08653846153846154 0.10336538461538461
2 0.6730769230769231 0.578125 0.07932692307692307 0.0985576923076923
1 0.6358173076923077 0.8485576923076923 0.09134615384615384 0.11538461538461539
1 0.6454326923076923 0.6754807692307693 0.09375 0.11538461538461539
2 0.6971153846153846 0.19110576923076922 0.08413461538461539 0.11298076923076923
2 0.6466346153846154 0.4170673076923077 0.08413461538461539 0.11298076923076923
0 0.6610576923076923 0.296875 0.08653846153846154 0.10336538461538461
0 0.6322115384615384 0.5096153846153846 0.08413461538461539 0.0985576923076923
1 0.5985576923076923 0.7632211538461539 0.09134615384615384 0.1201923076923077
2 0.5889423076923077 0.6213942307692307 0.07932692307692307 0.10336538461538461
0 0.5504807692307693 0.84375 0.07932692307692307 0.0985576923076923
0 0.6225961538461539 0.21995192307692307 0.07932692307692307 0.10817307692307693
2 0.6346153846153846 0.11538461538461539 0.08653846153846154 0.11778846153846154
0 0.5889423076923077 0.3762019230769231 0.07692307692307693 0.0985576923076923
1 0.5408653846153846 0.6959134615384616 0.09615384615384616 0.1201923076923077
0 0.5649038461538461 0.46033653846153844 0.08653846153846154 0.10336538461538461
2 0.5721153846153846 0.28365384615384615 0.08413461538461539 0.10817307692307693
1 0.5408653846153846 0.5528846153846154 0.09134615384615384 0.1201923076923077
1 0.47716346153846156 0.8533653846153846 0.0985576923076923 0.125
0 0.4723557692307692 0.75 0.08653846153846154 0.10336538461538461
0 0.47836538461538464 0.6526442307692307 0.07932692307692307 0.0985576923076923
1 0.4879807692307692 0.4675480769230769 0.0985576923076923 0.1201923076923077
2 0.46153846153846156 0.5661057692307693 0.09134615384615384 0.11057692307692307
2 0.4951923076923077 0.28365384615384615 0.0889423076923077 0.11538461538461539
0 0.5096153846153846 0.15625 0.09134615384615384 0.11057692307692307
0 0.47115384615384615 0.3737980769230769 0.08413461538461539 0.0985576923076923
1 0.3954326923076923 0.8762019230769231 0.10576923076923077 0.12980769230769232
1 0.4026442307692308 0.6875 0.09375 0.1201923076923077
1 0.40625 0.43509615384615385 0.0985576923076923 0.1201923076923077
1 0.3858173076923077 0.5444711538461539 0.10576923076923077 0.12980769230769232
2 0.4098557692307692 0.27403846153846156 0.09134615384615384 0.11538461538461539
1 0.33413461538461536 0.7560096153846154 0.10096153846153846 0.125
2 0.4026442307692308 0.171875 0.09615384615384616 0.11538461538461539
0 0.33533653846153844 0.6538461538461539 0.08413461538461539 0.0985576923076923
2 0.32091346153846156 0.43028846153846156 0.09134615384615384 0.11538461538461539
0 0.3076923076923077 0.5240384615384616 0.0889423076923077 0.11057692307692307
0 0.31971153846153844 0.33052884615384615 0.08653846153846154 0.11298076923076923
0 0.26802884615384615 0.609375 0.08653846153846154 0.10336538461538461
0 0.22956730769230768 0.5240384615384616 0.09615384615384616 0.11298076923076923