1 0.5456730769230769 0.11298076923076923 0.12740384615384615 0.09134615384615384
1 0.65625 0.13701923076923078 0.10817307692307693 0.08653846153846154
2 0.3737980769230769 0.15144230769230768 0.10817307692307693 0.08653846153846154
0 0.4723557692307692 0.16466346153846154 0.10336538461538461 0.07932692307692307
2 0.2608173076923077 0.18028846153846154 0.10817307692307693 0.08173076923076923
1 0.5829326923076923 0.18990384615384615 0.11538461538461539 0.08653846153846154
1 0.7079326923076923 0.21033653846153846 0.1201923076923077 0.08653846153846154
2 0.3858173076923077 0.23557692307692307 0.10336538461538461 0.07932692307692307
0 0.18269230769230768 0.25240384615384615 0.0985576923076923 0.0673076923076923
2 0.2824519230769231 0.2548076923076923 0.10336538461538461 0.08413461538461539
2 0.5168269230769231 0.25721153846153844 0.10336538461538461 0.07932692307692307
1 0.8125 0.25240384615384615 0.11778846153846154 0.09134615384615384
1 0.6262019230769231 0.2704326923076923 0.11538461538461539 0.09375
2 0.09975961538461539 0.2980769230769231 0.11538461538461539 0.08173076923076923
2 0.34975961538461536 0.3125 0.11538461538461539 0.08173076923076923
0 0.21995192307692307 0.31850961538461536 0.10336538461538461 0.08413461538461539
0 0.4519230769230769 0.3125 0.10336538461538461 0.08413461538461539
1 0.7283653846153846 0.30649038461538464 0.1201923076923077 0.09134615384615384
2 0.5769230769230769 0.3401442307692308 0.10336538461538461 0.07451923076923077
0 0.8233173076923077 0.34375 0.0985576923076923 0.07932692307692307
0 0.14302884615384615 0.3713942307692308 0.10817307692307693 0.07692307692307693
2 0.04447115384615385 0.3762019230769231 0.0889423076923077 0.08413461538461539
0 0.3161057692307692 0.38100961538461536 0.10336538461538461 0.07451923076923077
1 0.6670673076923077 0.3786057692307692 0.12259615384615384 0.09615384615384616
0 0.4098557692307692 0.39302884615384615 0.10336538461538461 0.08413461538461539
2 0.21995192307692307 0.41466346153846156 0.10817307692307693 0.08173076923076923
1 0.5144230769230769 0.4026442307692308 0.12259615384615384 0.09134615384615384
1 0.8449519230769231 0.4206730769230769 0.12740384615384615 0.09615384615384616
0 0.734375 0.44350961538461536 0.10336538461538461 0.08413461538461539
0 0.6310096153846154 0.4519230769230769 0.0985576923076923 0.07932692307692307
1 0.43028846153846156 0.47475961538461536 0.12259615384615384 0.0985576923076923
2 0.5408653846153846 0.4855769230769231 0.10817307692307693 0.09134615384615384
2 0.234375 0.49759615384615385 0.11538461538461539 0.08653846153846154
0 0.09495192307692307 0.5036057692307693 0.11298076923076923 0.09134615384615384
0 0.3329326923076923 0.5084134615384616 0.0985576923076923 0.08413461538461539
1 0.8822115384615384 0.5024038461538461 0.13221153846153846 0.10096153846153846
1 0.6802884615384616 0.5276442307692307 0.12259615384615384 0.09375
1 0.4098557692307692 0.5673076923076923 0.12259615384615384 0.0985576923076923
1 0.5288461538461539 0.5697115384615384 0.13221153846153846 0.10576923076923077
2 0.23798076923076922 0.5901442307692307 0.11778846153846154 0.09134615384615384
1 0.7644230769230769 0.5889423076923077 0.12740384615384615 0.0985576923076923
2 0.12980769230769232 0.6153846153846154 0.11538461538461539 0.09615384615384616
0 0.6550480769230769 0.6057692307692307 0.10336538461538461 0.08413461538461539
2 0.41947115384615385 0.6586538461538461 0.11538461538461539 0.09134615384615384
0 0.5216346153846154 0.65625 0.10817307692307693 0.08653846153846154
0 0.3125 0.6766826923076923 0.11538461538461539 0.08653846153846154
0 0.6189903846153846 0.6850961538461539 0.10336538461538461 0.08413461538461539
0 0.5336538461538461 0.7403846153846154 0.11298076923076923 0.09615384615384616