1 0.4879807692307692 0.8701923076923077 0.12980769230769232 0.0985576923076923
1 0.37740384615384615 0.8545673076923077 0.11298076923076923 0.09134615384615384
2 0.65625 0.8197115384615384 0.11298076923076923 0.09134615384615384
0 0.5576923076923077 0.8137019230769231 0.10817307692307693 0.08413461538461539
2 0.7668269230769231 0.7836538461538461 0.11298076923076923 0.08413461538461539
1 0.44471153846153844 0.7956730769230769 0.11778846153846154 0.09375
1 0.31971153846153844 0.7848557692307693 0.125 0.09375
2 0.6370192307692307 0.7367788461538461 0.10817307692307693 0.08653846153846154
0 0.8389423076923077 0.7055288461538461 0.10336538461538461 0.07451923076923077
2 0.7403846153846154 0.7115384615384616 0.10817307692307693 0.09134615384615384
2 0.5072115384615384 0.7247596153846154 0.10576923076923077 0.08413461538461539
1 0.2127403846153846 0.75 0.125 0.0985576923076923
1 0.39663461538461536 0.71875 0.1201923076923077 0.0985576923076923
2 0.9170673076923077 0.65625 0.11778846153846154 0.09134615384615384
2 0.6682692307692307 0.6586538461538461 0.11778846153846154 0.0889423076923077
0 0.7980769230769231 0.6442307692307693 0.10817307692307693 0.09134615384615384
0 0.5673076923076923 0.6646634615384616 0.10576923076923077 0.09134615384615384
1 0.29447115384615385 0.6911057692307693 0.125 0.0985576923076923
2 0.4411057692307692 0.6478365384615384 0.10817307692307693 0.08173076923076923
0 0.1971153846153846 0.6610576923076923 0.10336538461538461 0.08413461538461539
0 0.8689903846153846 0.5853365384615384 0.11298076923076923 0.08173076923076923
2 0.9591346153846154 0.5745192307692307 0.08173076923076923 0.09134615384615384
0 0.6971153846153846 0.5877403846153846 0.10576923076923077 0.08173076923076923
1 0.3485576923076923 0.6153846153846154 0.12980769230769232 0.10336538461538461
0 0.6033653846153846 0.5829326923076923 0.10817307692307693 0.09134615384615384
2 0.7908653846153846 0.5492788461538461 0.11298076923076923 0.08653846153846154
1 0.4987980769230769 0.5805288461538461 0.12740384615384615 0.0985576923076923
1 0.17067307692307693 0.5853365384615384 0.13221153846153846 0.10336538461538461
0 0.2776442307692308 0.5564903846153846 0.10817307692307693 0.09134615384615384
0 0.38100961538461536 0.5396634615384616 0.10336538461538461 0.08413461538461539
1 0.5769230769230769 0.5036057692307693 0.12980769230769232 0.10576923076923077
2 0.4675480769230769 0.5012019230769231 0.11538461538461539 0.09615384615384616
2 0.7704326923076923 0.4675480769230769 0.11778846153846154 0.09375
0 0.9074519230769231 0.4519230769230769 0.1201923076923077 0.0985576923076923
0 0.671875 0.46274038461538464 0.10336538461538461 0.09134615384615384
1 0.12740384615384615 0.5060096153846154 0.13942307692307693 0.10817307692307693
1 0.32572115384615385 0.46875 0.12740384615384615 0.0985576923076923
1 0.5913461538461539 0.4110576923076923 0.12980769230769232 0.10576923076923077
1 0.4723557692307692 0.41586538461538464 0.13942307692307693 0.11057692307692307
2 0.7596153846153846 0.3762019230769231 0.125 0.0985576923076923
1 0.23798076923076922 0.41225961538461536 0.13221153846153846 0.10576923076923077
2 0.8653846153846154 0.34375 0.1201923076923077 0.10336538461538461
0 0.3449519230769231 0.3894230769230769 0.10576923076923077 0.09134615384615384
2 0.5757211538461539 0.32091346153846156 0.1201923076923077 0.0985576923076923
0 0.4735576923076923 0.33052884615384615 0.11298076923076923 0.09134615384615384
0 0.6802884615384616 0.2956730769230769 0.11778846153846154 0.09375
0 0.375 0.3088942307692308 0.10817307692307693 0.09134615384615384
0 0.4567307692307692 0.24639423076923078 0.1201923076923077 0.10336538461538461