1 0.6117788461538461 0.18629807692307693 0.125 0.09134615384615384
1 0.7151442307692307 0.21875 0.10576923076923077 0.08413461538461539
2 0.4411057692307692 0.2091346153846154 0.10576923076923077 0.08413461538461539
0 0.5360576923076923 0.22956730769230768 0.10576923076923077 0.07692307692307693
2 0.328125 0.22716346153846154 0.11057692307692307 0.07692307692307693
1 0.640625 0.265625 0.11538461538461539 0.08413461538461539
1 0.7608173076923077 0.29447115384615385 0.1201923076923077 0.08413461538461539
2 0.44471153846153844 0.2920673076923077 0.10576923076923077 0.08173076923076923
0 0.24519230769230768 0.2920673076923077 0.0985576923076923 0.0673076923076923
2 0.34134615384615385 0.3016826923076923 0.10576923076923077 0.08413461538461539
2 0.5709134615384616 0.3245192307692308 0.10096153846153846 0.07692307692307693
1 0.859375 0.34375 0.11778846153846154 0.0889423076923077
1 0.6766826923076923 0.3473557692307692 0.11538461538461539 0.09134615384615384
2 0.16105769230769232 0.328125 0.11538461538461539 0.08173076923076923
2 0.4050480769230769 0.36538461538461536 0.11538461538461539 0.08173076923076923
0 0.27524038461538464 0.359375 0.10576923076923077 0.08413461538461539
0 0.5024038461538461 0.3737980769230769 0.10096153846153846 0.08413461538461539
1 0.7716346153846154 0.390625 0.1201923076923077 0.0889423076923077
2 0.6237980769230769 0.4098557692307692 0.10576923076923077 0.07692307692307693
0 0.8617788461538461 0.43509615384615385 0.10096153846153846 0.07692307692307693
0 0.1971153846153846 0.40384615384615385 0.11057692307692307 0.07692307692307693
2 0.08653846153846154 0.39903846153846156 0.1201923076923077 0.08413461538461539
0 0.36538461538461536 0.42788461538461536 0.10096153846153846 0.07692307692307693
1 0.7067307692307693 0.45552884615384615 0.125 0.09615384615384616
0 0.45552884615384615 0.44711538461538464 0.10576923076923077 0.08413461538461539
2 0.26802884615384615 0.4519230769230769 0.11057692307692307 0.08173076923076923
1 0.5564903846153846 0.4651442307692308 0.125 0.09134615384615384
1 0.8762019230769231 0.5108173076923077 0.125 0.09615384615384616
0 0.7668269230769231 0.5252403846153846 0.10576923076923077 0.08413461538461539
0 0.6646634615384616 0.5240384615384616 0.10096153846153846 0.07692307692307693
1 0.46875 0.5288461538461539 0.125 0.0985576923076923
2 0.5733173076923077 0.5480769230769231 0.11057692307692307 0.0889423076923077
2 0.27403846153846156 0.5336538461538461 0.11538461538461539 0.08653846153846154
0 0.13822115384615385 0.5276442307692307 0.11298076923076923 0.0889423076923077
0 0.3713942307692308 0.5528846153846154 0.10096153846153846 0.08413461538461539
1 0.90625 0.5949519230769231 0.12980769230769232 0.10336538461538461
1 0.7067307692307693 0.6021634615384616 0.125 0.09375
1 0.43990384615384615 0.6177884615384616 0.125 0.0985576923076923
1 0.5564903846153846 0.6310096153846154 0.12980769230769232 0.10336538461538461
2 0.2704326923076923 0.625 0.11778846153846154 0.0889423076923077
1 0.7836538461538461 0.6694711538461539 0.125 0.10096153846153846
2 0.16346153846153846 0.6394230769230769 0.11538461538461539 0.09375
0 0.6766826923076923 0.6754807692307693 0.10096153846153846 0.08413461538461539
2 0.4423076923076923 0.7079326923076923 0.11538461538461539 0.0889423076923077
0 0.5420673076923077 0.7139423076923077 0.11057692307692307 0.08653846153846154
0 0.33533653846153844 0.7151442307692307 0.11538461538461539 0.08413461538461539
0 0.6346153846153846 0.7487980769230769 0.10576923076923077 0.08413461538461539
0 0.5456730769230769 0.796875 0.11298076923076923 0.09375