1 0.5745192307692307 0.8305288461538461 0.11538461538461539 0.07932692307692307
1 0.6754807692307693 0.8064903846153846 0.09615384615384616 0.07451923076923077
2 0.41466346153846156 0.8004807692307693 0.09615384615384616 0.07451923076923077
0 0.5048076923076923 0.7860576923076923 0.09615384615384616 0.06971153846153846
2 0.3088942307692308 0.7788461538461539 0.10096153846153846 0.06971153846153846
1 0.6069711538461539 0.7584134615384616 0.10576923076923077 0.07451923076923077
1 0.7211538461538461 0.7367788461538461 0.11057692307692307 0.07451923076923077
2 0.4230769230769231 0.7223557692307693 0.09615384615384616 0.07211538461538461
0 0.234375 0.7139423076923077 0.09134615384615384 0.06009615384615385
2 0.32572115384615385 0.7091346153846154 0.09615384615384616 0.07451923076923077
2 0.5432692307692307 0.6995192307692307 0.09134615384615384 0.06971153846153846
1 0.8173076923076923 0.6935096153846154 0.10576923076923077 0.07932692307692307
1 0.6442307692307693 0.6826923076923077 0.10576923076923077 0.08173076923076923
2 0.15625 0.6754807692307693 0.10576923076923077 0.07211538461538461
2 0.38822115384615385 0.6526442307692307 0.10576923076923077 0.07211538461538461
0 0.265625 0.6514423076923077 0.09615384615384616 0.07451923076923077
0 0.4807692307692308 0.6490384615384616 0.09134615384615384 0.07451923076923077
1 0.7367788461538461 0.6466346153846154 0.11057692307692307 0.07932692307692307
2 0.5973557692307693 0.6201923076923077 0.09615384615384616 0.0673076923076923
0 0.8233173076923077 0.609375 0.09134615384615384 0.06971153846153846
0 0.1935096153846154 0.6057692307692307 0.10096153846153846 0.0673076923076923
2 0.09014423076923077 0.6045673076923077 0.11057692307692307 0.07451923076923077
0 0.3545673076923077 0.5913461538461539 0.09134615384615384 0.0673076923076923
1 0.6778846153846154 0.5817307692307693 0.11057692307692307 0.08413461538461539
0 0.43990384615384615 0.5769230769230769 0.09615384615384616 0.07451923076923077
2 0.26322115384615385 0.5637019230769231 0.10096153846153846 0.07211538461538461
1 0.5360576923076923 0.5649038461538461 0.11057692307692307 0.07932692307692307
1 0.8413461538461539 0.5372596153846154 0.11538461538461539 0.08413461538461539
0 0.7391826923076923 0.5204326923076923 0.09615384615384616 0.07451923076923077
0 0.6418269230769231 0.5144230769230769 0.09134615384615384 0.06971153846153846
1 0.4567307692307692 0.5012019230769231 0.11057692307692307 0.08653846153846154
2 0.5576923076923077 0.4879807692307692 0.10096153846153846 0.07932692307692307
2 0.27403846153846156 0.48677884615384615 0.10576923076923077 0.07692307692307693
0 0.14543269230769232 0.4855769230769231 0.10096153846153846 0.07932692307692307
0 0.36538461538461536 0.4723557692307692 0.09134615384615384 0.07451923076923077
1 0.8725961538461539 0.46033653846153844 0.1201923076923077 0.09134615384615384
1 0.6850961538461539 0.44350961538461536 0.11057692307692307 0.08173076923076923
1 0.4338942307692308 0.4170673076923077 0.11057692307692307 0.08653846153846154
1 0.5444711538461539 0.40865384615384615 0.1201923076923077 0.09134615384615384
2 0.27524038461538464 0.40024038461538464 0.10576923076923077 0.07932692307692307
1 0.7608173076923077 0.38461538461538464 0.11538461538461539 0.08653846153846154
2 0.17427884615384615 0.38100961538461536 0.10576923076923077 0.08413461538461539
0 0.6598557692307693 0.37259615384615385 0.09134615384615384 0.07451923076923077
2 0.43990384615384615 0.33052884615384615 0.10576923076923077 0.07932692307692307
0 0.5348557692307693 0.3293269230769231 0.10096153846153846 0.07692307692307693
0 0.34134615384615385 0.31850961538461536 0.10576923076923077 0.07451923076923077
0 0.6237980769230769 0.3004807692307692 0.09615384615384616 0.07451923076923077
0 0.5432692307692307 0.2512019230769231 0.10096153846153846 0.08413461538461539