1 0.8665865384615384 0.41225961538461536 0.08653846153846154 0.12259615384615384
1 0.8365384615384616 0.3088942307692308 0.07932692307692307 0.10336538461538461
2 0.8401442307692307 0.5793269230769231 0.07932692307692307 0.10336538461538461
0 0.8221153846153846 0.48677884615384615 0.07451923076923077 0.0985576923076923
2 0.8221153846153846 0.6899038461538461 0.07451923076923077 0.10576923076923077
1 0.7896634615384616 0.38221153846153844 0.08173076923076923 0.11057692307692307
1 0.7620192307692307 0.26322115384615385 0.08173076923076923 0.11538461538461539
2 0.7584134615384616 0.5745192307692307 0.07692307692307693 0.0985576923076923
0 0.7572115384615384 0.7704326923076923 0.06490384615384616 0.09375
2 0.7487980769230769 0.6742788461538461 0.07932692307692307 0.0985576923076923
2 0.7307692307692307 0.4495192307692308 0.07451923076923077 0.0985576923076923
1 0.7151442307692307 0.16706730769230768 0.08653846153846154 0.11298076923076923
1 0.7103365384615384 0.34615384615384615 0.09134615384615384 0.11057692307692307
2 0.7199519230769231 0.8509615384615384 0.07932692307692307 0.11057692307692307
2 0.6875 0.6129807692307693 0.07932692307692307 0.11057692307692307
0 0.6911057692307693 0.7391826923076923 0.07932692307692307 0.0985576923076923
0 0.6814903846153846 0.515625 0.07932692307692307 0.0985576923076923
1 0.6694711538461539 0.2512019230769231 0.08653846153846154 0.11538461538461539
2 0.6466346153846154 0.39783653846153844 0.07211538461538461 0.0985576923076923
0 0.6274038461538461 0.1622596153846154 0.07451923076923077 0.09375
0 0.6466346153846154 0.8149038461538461 0.07211538461538461 0.10576923076923077
2 0.6490384615384616 0.9230769230769231 0.08173076923076923 0.11538461538461539
0 0.625 0.6490384615384616 0.07211538461538461 0.0985576923076923
1 0.6045673076923077 0.31490384615384615 0.09134615384615384 0.11778846153846154
0 0.6081730769230769 0.5612980769230769 0.07932692307692307 0.0985576923076923
2 0.5997596153846154 0.7439903846153846 0.07692307692307693 0.10576923076923077
1 0.5913461538461539 0.46153846153846156 0.08653846153846154 0.11778846153846154
1 0.5528846153846154 0.1466346153846154 0.09134615384615384 0.12259615384615384
0 0.5384615384615384 0.2536057692307692 0.07932692307692307 0.0985576923076923
0 0.5360576923076923 0.3545673076923077 0.07451923076923077 0.09375
1 0.5288461538461539 0.546875 0.09615384615384616 0.11778846153846154
2 0.5108173076923077 0.44350961538461536 0.08413461538461539 0.10576923076923077
2 0.5204326923076923 0.7367788461538461 0.08413461538461539 0.11057692307692307
0 0.5240384615384616 0.8689903846153846 0.08653846153846154 0.10817307692307693
0 0.5024038461538461 0.6418269230769231 0.07932692307692307 0.09375
1 0.47115384615384615 0.11658653846153846 0.09615384615384616 0.12740384615384615
1 0.46153846153846156 0.3112980769230769 0.09134615384615384 0.11778846153846154
1 0.4423076923076923 0.5733173076923077 0.09615384615384616 0.11778846153846154
1 0.43028846153846156 0.45913461538461536 0.10096153846153846 0.12740384615384615
2 0.43149038461538464 0.7379807692307693 0.08653846153846154 0.11298076923076923
1 0.39663461538461536 0.23557692307692307 0.09615384615384616 0.12259615384615384
2 0.41466346153846156 0.84375 0.09134615384615384 0.11057692307692307
0 0.38822115384615385 0.3401442307692308 0.07932692307692307 0.0985576923076923
2 0.35336538461538464 0.5697115384615384 0.08653846153846154 0.11057692307692307
0 0.3485576923076923 0.47115384615384615 0.08173076923076923 0.10576923076923077
0 0.34375 0.6730769230769231 0.08173076923076923 0.11057692307692307
0 0.31490384615384615 0.3798076923076923 0.07932692307692307 0.0985576923076923
0 0.2668269230769231 0.46634615384615385 0.09134615384615384 0.10817307692307693