1 0.5072115384615384 0.14423076923076922 0.12980769230769232 0.0985576923076923
1 0.6153846153846154 0.15745192307692307 0.11057692307692307 0.09134615384615384
2 0.34134615384615385 0.19591346153846154 0.11057692307692307 0.09134615384615384
0 0.4387019230769231 0.19951923076923078 0.10817307692307693 0.08413461538461539
2 0.23317307692307693 0.23317307692307693 0.11298076923076923 0.08413461538461539
1 0.5492788461538461 0.21514423076923078 0.1201923076923077 0.09134615384615384
1 0.6730769230769231 0.2247596153846154 0.125 0.09375
2 0.36177884615384615 0.2776442307692308 0.11057692307692307 0.0889423076923077
0 0.16466346153846154 0.3112980769230769 0.10336538461538461 0.07451923076923077
2 0.2620192307692308 0.30408653846153844 0.11057692307692307 0.09134615384615384
2 0.49038461538461536 0.28725961538461536 0.10336538461538461 0.08413461538461539
1 0.7788461538461539 0.25600961538461536 0.12259615384615384 0.09615384615384616
1 0.5985576923076923 0.29086538461538464 0.1201923076923077 0.0985576923076923
2 0.08774038461538461 0.3605769230769231 0.1201923076923077 0.0889423076923077
2 0.3329326923076923 0.3545673076923077 0.1201923076923077 0.0889423076923077
0 0.20552884615384615 0.3713942307692308 0.11057692307692307 0.09134615384615384
0 0.43149038461538464 0.34615384615384615 0.10576923076923077 0.09134615384615384
1 0.7007211538461539 0.3173076923076923 0.125 0.0985576923076923
2 0.5564903846153846 0.36177884615384615 0.10817307692307693 0.08413461538461539
0 0.796875 0.34375 0.10336538461538461 0.08413461538461539
0 0.13701923076923078 0.42908653846153844 0.11298076923076923 0.08413461538461539
2 0.04326923076923077 0.44471153846153844 0.08653846153846154 0.09134615384615384
0 0.30649038461538464 0.42427884615384615 0.10336538461538461 0.08413461538461539
1 0.6466346153846154 0.3918269230769231 0.12980769230769232 0.10336538461538461
0 0.39783653846153844 0.42788461538461536 0.11057692307692307 0.09134615384615384
2 0.21514423076923078 0.4651442307692308 0.11538461538461539 0.0889423076923077
1 0.5012019230769231 0.42788461538461536 0.12980769230769232 0.0985576923076923
1 0.8245192307692307 0.4182692307692308 0.12980769230769232 0.10336538461538461
0 0.71875 0.4483173076923077 0.11057692307692307 0.09134615384615384
0 0.6177884615384616 0.4675480769230769 0.10336538461538461 0.08413461538461539
1 0.4254807692307692 0.5060096153846154 0.12980769230769232 0.10576923076923077
2 0.5324519230769231 0.5072115384615384 0.11538461538461539 0.09615384615384616
2 0.23557692307692307 0.5444711538461539 0.1201923076923077 0.09375
0 0.10096153846153846 0.5625 0.11778846153846154 0.09615384615384616
0 0.33413461538461536 0.546875 0.10576923076923077 0.09134615384615384
1 0.8677884615384616 0.4951923076923077 0.1346153846153846 0.11057692307692307
1 0.6730769230769231 0.5360576923076923 0.12980769230769232 0.10096153846153846
1 0.41225961538461536 0.5961538461538461 0.12980769230769232 0.10576923076923077
1 0.5288461538461539 0.5913461538461539 0.1346153846153846 0.11057692307692307
2 0.24759615384615385 0.6334134615384616 0.12259615384615384 0.09615384615384616
1 0.7608173076923077 0.5889423076923077 0.12980769230769232 0.10576923076923077
2 0.14423076923076922 0.6682692307692307 0.1201923076923077 0.10096153846153846
0 0.6550480769230769 0.6129807692307693 0.10576923076923077 0.09134615384615384
2 0.42908653846153844 0.6862980769230769 0.1201923076923077 0.09615384615384616
0 0.5300480769230769 0.6754807692307693 0.11538461538461539 0.09375
0 0.3269230769230769 0.7127403846153846 0.1201923076923077 0.09134615384615384
0 0.6262019230769231 0.6935096153846154 0.11057692307692307 0.09134615384615384
0 0.5480769230769231 0.7572115384615384 0.11778846153846154 0.10096153846153846