1 0.8233173076923077 0.3425480769230769 0.10096153846153846 0.12740384615384615
1 0.7824519230769231 0.24759615384615385 0.09375 0.11057692307692307
2 0.8221153846153846 0.5084134615384616 0.09375 0.11057692307692307
0 0.7920673076923077 0.4206730769230769 0.08653846153846154 0.10817307692307693
2 0.8197115384615384 0.6165865384615384 0.0889423076923077 0.11298076923076923
1 0.7475961538461539 0.3233173076923077 0.09375 0.11778846153846154
1 0.7043269230769231 0.21394230769230768 0.09615384615384616 0.12259615384615384
2 0.7439903846153846 0.5132211538461539 0.08653846153846154 0.10817307692307693
0 0.7680288461538461 0.703125 0.07451923076923077 0.10096153846153846
2 0.7463942307692307 0.6129807692307693 0.09134615384615384 0.10817307692307693
2 0.6995192307692307 0.39783653846153844 0.08653846153846154 0.10336538461538461
1 0.6466346153846154 0.12620192307692307 0.0985576923076923 0.1201923076923077
1 0.6646634615384616 0.3004807692307692 0.0985576923076923 0.11778846153846154
2 0.7427884615384616 0.7860576923076923 0.0889423076923077 0.11778846153846154
2 0.6802884615384616 0.5600961538461539 0.0889423076923077 0.11778846153846154
0 0.7007211538461539 0.6814903846153846 0.09134615384615384 0.10817307692307693
0 0.6598557692307693 0.4675480769230769 0.09134615384615384 0.10336538461538461
1 0.6129807692307693 0.21514423076923078 0.0985576923076923 0.12259615384615384
2 0.6117788461538461 0.3581730769230769 0.08413461538461539 0.10576923076923077
0 0.5600961538461539 0.1346153846153846 0.08653846153846154 0.10336538461538461
0 0.6670673076923077 0.7608173076923077 0.08413461538461539 0.11057692307692307
2 0.6838942307692307 0.8653846153846154 0.09375 0.12259615384615384
0 0.625 0.6033653846153846 0.08173076923076923 0.10096153846153846
1 0.5588942307692307 0.2848557692307692 0.10576923076923077 0.12740384615384615
0 0.5949519230769231 0.5216346153846154 0.09134615384615384 0.10817307692307693
2 0.6129807692307693 0.6995192307692307 0.0889423076923077 0.11298076923076923
1 0.5673076923076923 0.42788461538461536 0.10096153846153846 0.125
1 0.4855769230769231 0.12980769230769232 0.10576923076923077 0.12980769230769232
0 0.48677884615384615 0.23557692307692307 0.09134615384615384 0.10817307692307693
0 0.4987980769230769 0.3317307692307692 0.08653846153846154 0.10336538461538461
1 0.5168269230769231 0.5192307692307693 0.10576923076923077 0.12740384615384615
2 0.4855769230769231 0.4206730769230769 0.0985576923076923 0.11298076923076923
2 0.5348557692307693 0.703125 0.09375 0.11778846153846154
0 0.5552884615384616 0.8305288461538461 0.0985576923076923 0.11538461538461539
0 0.5048076923076923 0.6141826923076923 0.09134615384615384 0.10336538461538461
1 0.40384615384615385 0.11177884615384616 0.11057692307692307 0.1346153846153846
1 0.41947115384615385 0.3004807692307692 0.10096153846153846 0.125
1 0.4362980769230769 0.5564903846153846 0.10576923076923077 0.12740384615384615
1 0.4098557692307692 0.44711538461538464 0.11057692307692307 0.1346153846153846
2 0.4495192307692308 0.7163461538461539 0.0985576923076923 0.1201923076923077
1 0.3473557692307692 0.23677884615384615 0.10817307692307693 0.12980769230769232
2 0.44711538461538464 0.8209134615384616 0.10336538461538461 0.1201923076923077
0 0.3545673076923077 0.33774038461538464 0.09134615384615384 0.10336538461538461
2 0.34975961538461536 0.5637019230769231 0.0985576923076923 0.11778846153846154
0 0.3329326923076923 0.47115384615384615 0.09375 0.11298076923076923
0 0.3557692307692308 0.6658653846153846 0.09375 0.11778846153846154
0 0.28846153846153844 0.3870192307692308 0.09134615384615384 0.10817307692307693
0 0.25240384615384615 0.47596153846153844 0.10336538461538461 0.11778846153846154