1 0.5456730769230769 0.8581730769230769 0.1201923076923077 0.0889423076923077
0 0.6550480769230769 0.8413461538461539 0.09615384615384616 0.07211538461538461
2 0.3786057692307692 0.8137019230769231 0.11057692307692307 0.08173076923076923
0 0.4735576923076923 0.8028846153846154 0.11538461538461539 0.08173076923076923
2 0.2692307692307692 0.7764423076923077 0.11298076923076923 0.07692307692307693
1 0.5901442307692307 0.7836538461538461 0.1201923076923077 0.09134615384615384
1 0.7151442307692307 0.7704326923076923 0.12259615384615384 0.0889423076923077
2 0.39302884615384615 0.7283653846153846 0.11057692307692307 0.08173076923076923
1 0.8233173076923077 0.7355769230769231 0.12980769230769232 0.10336538461538461
0 0.1971153846153846 0.703125 0.10096153846153846 0.08173076923076923
2 0.2920673076923077 0.703125 0.10576923076923077 0.08653846153846154
2 0.5276442307692307 0.7127403846153846 0.10576923076923077 0.07692307692307693
1 0.6358173076923077 0.7091346153846154 0.125 0.09615384615384616
2 0.1201923076923077 0.6514423076923077 0.1201923076923077 0.08173076923076923
1 0.7391826923076923 0.6754807692307693 0.12259615384615384 0.10096153846153846
0 0.4675480769230769 0.65625 0.11057692307692307 0.08173076923076923
2 0.36778846153846156 0.6490384615384616 0.12259615384615384 0.0889423076923077
0 0.2403846153846154 0.6334134615384616 0.10817307692307693 0.08173076923076923
2 0.5853365384615384 0.6382211538461539 0.10096153846153846 0.08173076923076923
0 0.8401442307692307 0.6394230769230769 0.10576923076923077 0.08173076923076923
0 0.16346153846153846 0.5841346153846154 0.10096153846153846 0.07692307692307693
2 0.057692307692307696 0.5721153846153846 0.11538461538461539 0.08653846153846154
1 0.6850961538461539 0.5985576923076923 0.12259615384615384 0.10096153846153846
0 0.33052884615384615 0.5757211538461539 0.10576923076923077 0.08173076923076923
0 0.42908653846153844 0.5673076923076923 0.10576923076923077 0.08173076923076923
1 0.5324519230769231 0.5661057692307693 0.1201923076923077 0.0889423076923077
2 0.24519230769230768 0.5420673076923077 0.11778846153846154 0.0889423076923077
1 0.8629807692307693 0.5721153846153846 0.125 0.09615384615384616
0 0.7596153846153846 0.5360576923076923 0.11057692307692307 0.08653846153846154
0 0.6538461538461539 0.5252403846153846 0.0985576923076923 0.08173076923076923
1 0.45552884615384615 0.49278846153846156 0.1201923076923077 0.09375
2 0.5685096153846154 0.4879807692307692 0.11778846153846154 0.0889423076923077
2 0.2608173076923077 0.4651442307692308 0.1201923076923077 0.08653846153846154
0 0.12980769230769232 0.4495192307692308 0.10576923076923077 0.08173076923076923
1 0.9074519230769231 0.4855769230769231 0.1346153846153846 0.10096153846153846
0 0.3641826923076923 0.45072115384615385 0.11057692307692307 0.08173076923076923
1 0.7067307692307693 0.453125 0.125 0.09615384615384616
1 0.5625 0.40384615384615385 0.125 0.10096153846153846
1 0.4423076923076923 0.39783653846153844 0.125 0.10336538461538461
2 0.27283653846153844 0.375 0.11538461538461539 0.0889423076923077
1 0.7944711538461539 0.3918269230769231 0.12980769230769232 0.10576923076923077
0 0.6838942307692307 0.3713942307692308 0.11057692307692307 0.08173076923076923
2 0.16947115384615385 0.33774038461538464 0.11778846153846154 0.0985576923076923
2 0.4543269230769231 0.3125 0.1201923076923077 0.09134615384615384
0 0.5637019230769231 0.3161057692307692 0.10576923076923077 0.08653846153846154
0 0.35096153846153844 0.2860576923076923 0.11057692307692307 0.09134615384615384
0 0.6550480769230769 0.29086538461538464 0.11538461538461539 0.08173076923076923
0 0.5817307692307693 0.23317307692307693 0.11298076923076923 0.09134615384615384