1 0.8737980769230769 0.41586538461538464 0.09375 0.12259615384615384
0 0.859375 0.30528846153846156 0.07451923076923077 0.10096153846153846
2 0.8221153846153846 0.5841346153846154 0.0889423076923077 0.11298076923076923
0 0.8149038461538461 0.4879807692307692 0.0889423076923077 0.11778846153846154
2 0.78125 0.6923076923076923 0.08413461538461539 0.11298076923076923
1 0.7992788461538461 0.36899038461538464 0.09615384615384616 0.12259615384615384
1 0.7896634615384616 0.24278846153846154 0.09134615384615384 0.12740384615384615
2 0.7355769230769231 0.5673076923076923 0.0889423076923077 0.11538461538461539
1 0.7584134615384616 0.13221153846153846 0.10576923076923077 0.1346153846153846
0 0.703125 0.7644230769230769 0.08173076923076923 0.10336538461538461
2 0.7079326923076923 0.6670673076923077 0.09134615384615384 0.10817307692307693
2 0.7271634615384616 0.43028846153846156 0.08413461538461539 0.11057692307692307
1 0.7259615384615384 0.32091346153846156 0.10096153846153846 0.12740384615384615
2 0.6478365384615384 0.8401442307692307 0.0889423076923077 0.12259615384615384
1 0.6947115384615384 0.21514423076923078 0.10576923076923077 0.12740384615384615
0 0.6646634615384616 0.4879807692307692 0.0889423076923077 0.11298076923076923
2 0.6550480769230769 0.5901442307692307 0.09134615384615384 0.12740384615384615
0 0.6358173076923077 0.71875 0.0889423076923077 0.11057692307692307
2 0.6526442307692307 0.36899038461538464 0.08653846153846154 0.10336538461538461
0 0.6634615384615384 0.11298076923076923 0.08653846153846154 0.11057692307692307
0 0.5829326923076923 0.7932692307692307 0.08173076923076923 0.10336538461538461
2 0.5673076923076923 0.9014423076923077 0.09134615384615384 0.12259615384615384
1 0.6153846153846154 0.26802884615384615 0.10576923076923077 0.12740384615384615
0 0.5793269230769231 0.625 0.0889423076923077 0.11057692307692307
0 0.5757211538461539 0.5240384615384616 0.0889423076923077 0.11057692307692307
1 0.578125 0.4182692307692308 0.09375 0.12259615384615384
2 0.5432692307692307 0.7103365384615384 0.09375 0.12259615384615384
1 0.59375 0.08653846153846154 0.10096153846153846 0.12740384615384615
0 0.5564903846153846 0.18990384615384615 0.0889423076923077 0.11538461538461539
0 0.5408653846153846 0.2956730769230769 0.08413461538461539 0.10336538461538461
1 0.5 0.4951923076923077 0.10096153846153846 0.12259615384615384
2 0.5 0.38221153846153844 0.09375 0.12259615384615384
2 0.46634615384615385 0.6911057692307693 0.09134615384615384 0.12259615384615384
0 0.44471153846153844 0.8233173076923077 0.0889423076923077 0.11057692307692307
1 0.5072115384615384 0.054086538461538464 0.10576923076923077 0.10817307692307693
0 0.45552884615384615 0.5865384615384616 0.0889423076923077 0.11298076923076923
1 0.4699519230769231 0.23918269230769232 0.10096153846153846 0.12740384615384615
1 0.41466346153846156 0.38341346153846156 0.10576923076923077 0.12740384615384615
1 0.4050480769230769 0.5048076923076923 0.10576923076923077 0.12740384615384615
2 0.3762019230769231 0.6754807692307693 0.09375 0.11778846153846154
1 0.40865384615384615 0.14903846153846154 0.10576923076923077 0.1346153846153846
0 0.3858173076923077 0.2608173076923077 0.0889423076923077 0.11538461538461539
2 0.33413461538461536 0.7788461538461539 0.10576923076923077 0.12259615384615384
2 0.31850961538461536 0.4891826923076923 0.09615384615384616 0.12259615384615384
0 0.32572115384615385 0.3798076923076923 0.09134615384615384 0.11057692307692307
0 0.28966346153846156 0.5925480769230769 0.09615384615384616 0.11298076923076923
0 0.30408653846153844 0.2860576923076923 0.0889423076923077 0.11778846153846154
0 0.24278846153846154 0.3581730769230769 0.09615384615384616 0.11298076923076923