1 0.20192307692307693 0.4074519230769231 0.08653846153846154 0.11298076923076923
0 0.23197115384615385 0.3112980769230769 0.06971153846153846 0.09134615384615384
2 0.22115384615384615 0.5685096153846154 0.07932692307692307 0.10096153846153846
0 0.24278846153846154 0.48197115384615385 0.08173076923076923 0.10576923076923077
2 0.24158653846153846 0.6742788461538461 0.07692307692307693 0.10576923076923077
1 0.27524038461538464 0.37740384615384615 0.09134615384615384 0.11298076923076923
1 0.30408653846153844 0.2644230769230769 0.08653846153846154 0.11778846153846154
2 0.3016826923076923 0.5673076923076923 0.08173076923076923 0.10576923076923077
1 0.34975961538461536 0.16947115384615385 0.10096153846153846 0.12259615384615384
0 0.29927884615384615 0.7487980769230769 0.07932692307692307 0.09615384615384616
2 0.3125 0.6622596153846154 0.08413461538461539 0.10336538461538461
2 0.3317307692307692 0.44591346153846156 0.07451923076923077 0.10096153846153846
1 0.35096153846153844 0.34615384615384615 0.09134615384615384 0.11778846153846154
2 0.33774038461538464 0.8269230769230769 0.08173076923076923 0.11057692307692307
1 0.3942307692307692 0.25600961538461536 0.09615384615384616 0.11778846153846154
0 0.37740384615384615 0.5060096153846154 0.07932692307692307 0.10096153846153846
2 0.3701923076923077 0.5997596153846154 0.08653846153846154 0.11778846153846154
0 0.36899038461538464 0.71875 0.07932692307692307 0.10096153846153846
2 0.40865384615384615 0.40024038461538464 0.07932692307692307 0.09615384615384616
0 0.43990384615384615 0.16706730769230768 0.07932692307692307 0.10096153846153846
0 0.4026442307692308 0.7944711538461539 0.07451923076923077 0.09615384615384616
2 0.40024038461538464 0.8954326923076923 0.08653846153846154 0.11298076923076923
1 0.4579326923076923 0.31490384615384615 0.09615384615384616 0.11778846153846154
0 0.4338942307692308 0.6442307692307693 0.07932692307692307 0.10096153846153846
0 0.4543269230769231 0.5528846153846154 0.07932692307692307 0.10096153846153846
1 0.4675480769230769 0.45913461538461536 0.08653846153846154 0.11298076923076923
2 0.453125 0.7259615384615384 0.08653846153846154 0.11298076923076923
1 0.5060096153846154 0.15384615384615385 0.09134615384615384 0.11778846153846154
0 0.5252403846153846 0.2548076923076923 0.08653846153846154 0.10817307692307693
0 0.5216346153846154 0.35336538461538464 0.07932692307692307 0.09134615384615384
1 0.5252403846153846 0.5384615384615384 0.09134615384615384 0.11298076923076923
2 0.5444711538461539 0.4362980769230769 0.08653846153846154 0.11298076923076923
2 0.5252403846153846 0.7223557692307693 0.08653846153846154 0.11298076923076923
0 0.5228365384615384 0.8449519230769231 0.07932692307692307 0.10096153846153846
1 0.5901442307692307 0.125 0.09615384615384616 0.12740384615384615
0 0.5528846153846154 0.6286057692307693 0.07932692307692307 0.10096153846153846
1 0.5949519230769231 0.3125 0.09134615384615384 0.11778846153846154
1 0.6213942307692307 0.453125 0.09615384615384616 0.11778846153846154
1 0.6105769230769231 0.5625 0.10096153846153846 0.11778846153846154
2 0.609375 0.7223557692307693 0.08653846153846154 0.10817307692307693
1 0.6622596153846154 0.24158653846153846 0.10096153846153846 0.12259615384615384
0 0.6670673076923077 0.34615384615384615 0.08173076923076923 0.10576923076923077
2 0.6298076923076923 0.8209134615384616 0.09615384615384616 0.11298076923076923
2 0.6911057692307693 0.5625 0.09134615384615384 0.11298076923076923
0 0.7019230769230769 0.4639423076923077 0.08413461538461539 0.10336538461538461
0 0.7019230769230769 0.6610576923076923 0.0889423076923077 0.10336538461538461
0 0.7367788461538461 0.38221153846153844 0.08173076923076923 0.10576923076923077
0 0.7800480769230769 0.4567307692307692 0.09134615384615384 0.10817307692307693