1 0.4326923076923077 0.8040865384615384 0.125 0.0985576923076923
0 0.3233173076923077 0.7944711538461539 0.10336538461538461 0.07932692307692307
2 0.5997596153846154 0.7463942307692307 0.11538461538461539 0.09134615384615384
0 0.5036057692307693 0.7415865384615384 0.1201923076923077 0.09134615384615384
2 0.7067307692307693 0.7007211538461539 0.11298076923076923 0.08653846153846154
1 0.38461538461538464 0.7307692307692307 0.125 0.10096153846153846
1 0.25721153846153844 0.7259615384615384 0.12980769230769232 0.09615384615384616
2 0.5805288461538461 0.6610576923076923 0.11778846153846154 0.09134615384615384
1 0.14543269230769232 0.6983173076923077 0.13701923076923078 0.10817307692307693
0 0.7752403846153846 0.6213942307692307 0.10336538461538461 0.08653846153846154
2 0.6778846153846154 0.6286057692307693 0.11057692307692307 0.09375
2 0.4423076923076923 0.65625 0.11057692307692307 0.08653846153846154
1 0.3329326923076923 0.6586538461538461 0.12980769230769232 0.10576923076923077
2 0.8497596153846154 0.5637019230769231 0.125 0.09375
1 0.22716346153846154 0.6322115384615384 0.13221153846153846 0.11057692307692307
0 0.49759615384615385 0.59375 0.11538461538461539 0.09134615384615384
2 0.5997596153846154 0.5793269230769231 0.12980769230769232 0.09615384615384616
0 0.7271634615384616 0.5540865384615384 0.11298076923076923 0.09134615384615384
2 0.3786057692307692 0.5841346153846154 0.10576923076923077 0.09134615384615384
0 0.12259615384615384 0.6033653846153846 0.11298076923076923 0.0889423076923077
0 0.8004807692307693 0.5012019230769231 0.10336538461538461 0.08653846153846154
2 0.9086538461538461 0.4795673076923077 0.125 0.09615384615384616
1 0.2764423076923077 0.5516826923076923 0.13221153846153846 0.11057692307692307
0 0.6322115384615384 0.5024038461538461 0.11298076923076923 0.09134615384615384
0 0.5300480769230769 0.5012019230769231 0.11298076923076923 0.09134615384615384
1 0.4254807692307692 0.5096153846153846 0.125 0.0985576923076923
2 0.7163461538461539 0.46274038461538464 0.125 0.0985576923076923
1 0.09375 0.5360576923076923 0.12980769230769232 0.10576923076923077
0 0.1971153846153846 0.4951923076923077 0.11778846153846154 0.09134615384615384
0 0.3016826923076923 0.47475961538461536 0.10576923076923077 0.0889423076923077
1 0.5 0.42908653846153844 0.125 0.10576923076923077
2 0.3858173076923077 0.43149038461538464 0.125 0.0985576923076923
2 0.6947115384615384 0.3870192307692308 0.125 0.09615384615384616
0 0.8257211538461539 0.36177884615384615 0.11298076923076923 0.09134615384615384
1 0.057692307692307696 0.4495192307692308 0.11538461538461539 0.11057692307692307
0 0.5889423076923077 0.3798076923076923 0.11538461538461539 0.09134615384615384
1 0.2439903846153846 0.40625 0.12980769230769232 0.10576923076923077
1 0.3858173076923077 0.34615384615384615 0.13221153846153846 0.11057692307692307
1 0.5060096153846154 0.3317307692307692 0.13221153846153846 0.11057692307692307
2 0.6742788461538461 0.296875 0.1201923076923077 0.09615384615384616
1 0.1502403846153846 0.3473557692307692 0.13701923076923078 0.11057692307692307
0 0.2608173076923077 0.32091346153846156 0.11778846153846154 0.09134615384615384
2 0.7776442307692307 0.25240384615384615 0.12740384615384615 0.11057692307692307
2 0.48677884615384615 0.24759615384615385 0.125 0.10096153846153846
0 0.3786057692307692 0.25841346153846156 0.11298076923076923 0.09375
0 0.5889423076923077 0.2127403846153846 0.11538461538461539 0.0985576923076923
0 0.28365384615384615 0.23798076923076922 0.1201923076923077 0.09134615384615384
0 0.35336538461538464 0.17548076923076922 0.11538461538461539 0.0985576923076923