1 0.8137019230769231 0.49759615384615385 0.10336538461538461 0.13221153846153846
0 0.8052884615384616 0.6117788461538461 0.08413461538461539 0.10817307692307693
2 0.7512019230769231 0.3269230769230769 0.09615384615384616 0.1201923076923077
0 0.7487980769230769 0.4266826923076923 0.09615384615384616 0.125
2 0.703125 0.21634615384615385 0.09134615384615384 0.1201923076923077
1 0.7403846153846154 0.5492788461538461 0.10817307692307693 0.13221153846153846
1 0.7367788461538461 0.6802884615384616 0.10096153846153846 0.13221153846153846
2 0.6634615384615384 0.3485576923076923 0.09615384615384616 0.1201923076923077
1 0.7115384615384616 0.7956730769230769 0.11778846153846154 0.14423076923076922
0 0.6201923076923077 0.14783653846153846 0.09375 0.11057692307692307
2 0.6286057692307693 0.24639423076923078 0.0985576923076923 0.11538461538461539
2 0.6610576923076923 0.4891826923076923 0.09134615384615384 0.11538461538461539
1 0.6658653846153846 0.6045673076923077 0.10817307692307693 0.13701923076923078
2 0.5588942307692307 0.07211538461538461 0.0985576923076923 0.12980769230769232
1 0.640625 0.7127403846153846 0.11538461538461539 0.1346153846153846
0 0.5949519230769231 0.4338942307692308 0.09615384615384616 0.1201923076923077
2 0.5793269230769231 0.3293269230769231 0.10096153846153846 0.13221153846153846
0 0.5516826923076923 0.19951923076923078 0.09615384615384616 0.11538461538461539
2 0.5877403846153846 0.5576923076923077 0.09615384615384616 0.11057692307692307
0 0.6129807692307693 0.8221153846153846 0.09375 0.11538461538461539
0 0.49399038461538464 0.125 0.09134615384615384 0.11057692307692307
2 0.47475961538461536 0.038461538461538464 0.09375 0.07692307692307693
1 0.5552884615384616 0.6646634615384616 0.11538461538461539 0.1346153846153846
0 0.5 0.296875 0.09615384615384616 0.11538461538461539
0 0.5 0.4014423076923077 0.09615384615384616 0.11538461538461539
1 0.5096153846153846 0.5096153846153846 0.10336538461538461 0.13221153846153846
2 0.4567307692307692 0.2127403846153846 0.10096153846153846 0.12980769230769232
1 0.5432692307692307 0.8533653846153846 0.10817307692307693 0.13701923076923078
0 0.49759615384615385 0.7463942307692307 0.0985576923076923 0.1201923076923077
0 0.47716346153846156 0.6382211538461539 0.09134615384615384 0.10817307692307693
1 0.42427884615384615 0.4362980769230769 0.10817307692307693 0.13221153846153846
2 0.42908653846153844 0.5528846153846154 0.10096153846153846 0.12980769230769232
2 0.3786057692307692 0.23557692307692307 0.10096153846153846 0.12980769230769232
0 0.34975961538461536 0.09975961538461539 0.09615384615384616 0.11538461538461539
1 0.4579326923076923 0.90625 0.11778846153846154 0.14903846153846154
0 0.3737980769230769 0.34375 0.09615384615384616 0.1201923076923077
1 0.4074519230769231 0.7007211538461539 0.10817307692307693 0.13701923076923078
1 0.3425480769230769 0.5552884615384616 0.11538461538461539 0.13701923076923078
1 0.3269230769230769 0.43149038461538464 0.11778846153846154 0.13701923076923078
2 0.2860576923076923 0.25721153846153844 0.10096153846153846 0.12740384615384615
1 0.34975961538461536 0.796875 0.11778846153846154 0.14182692307692307
0 0.31971153846153844 0.6838942307692307 0.09615384615384616 0.1201923076923077
2 0.23918269230769232 0.15144230769230768 0.11298076923076923 0.12980769230769232
2 0.23798076923076922 0.4519230769230769 0.10817307692307693 0.13221153846153846
0 0.25 0.5637019230769231 0.0985576923076923 0.11538461538461539
0 0.20192307692307693 0.34615384615384615 0.10576923076923077 0.12259615384615384
0 0.23317307692307693 0.6610576923076923 0.09615384615384616 0.125
0 0.16706730769230768 0.5889423076923077 0.10576923076923077 0.12259615384615384