1 0.45072115384615385 0.18269230769230768 0.11538461538461539 0.08653846153846154
0 0.3473557692307692 0.21033653846153846 0.09375 0.06971153846153846
2 0.6189903846153846 0.2127403846153846 0.10336538461538461 0.07932692307692307
0 0.5264423076923077 0.23197115384615385 0.11057692307692307 0.08173076923076923
2 0.7283653846153846 0.2403846153846154 0.10817307692307693 0.07692307692307693
1 0.41466346153846156 0.25961538461538464 0.11538461538461539 0.0889423076923077
1 0.29447115384615385 0.2848557692307692 0.11778846153846154 0.08413461538461539
2 0.6117788461538461 0.29927884615384615 0.10817307692307693 0.08173076923076923
1 0.19110576923076922 0.3269230769230769 0.125 0.10096153846153846
0 0.8052884615384616 0.30528846153846156 0.0985576923076923 0.07692307692307693
2 0.7127403846153846 0.31490384615384615 0.10336538461538461 0.08173076923076923
2 0.48197115384615385 0.3233173076923077 0.10336538461538461 0.07451923076923077
1 0.3762019230769231 0.33774038461538464 0.1201923076923077 0.09134615384615384
2 0.8846153846153846 0.35096153846153844 0.11538461538461539 0.08173076923076923
1 0.27884615384615385 0.3786057692307692 0.11778846153846154 0.09615384615384616
0 0.5444711538461539 0.3762019230769231 0.10336538461538461 0.07932692307692307
2 0.6430288461538461 0.3737980769230769 0.11778846153846154 0.08413461538461539
0 0.7692307692307693 0.37740384615384615 0.10336538461538461 0.07932692307692307
2 0.43149038461538464 0.4026442307692308 0.0985576923076923 0.07932692307692307
0 0.18389423076923078 0.421875 0.10336538461538461 0.07692307692307693
0 0.8473557692307693 0.4182692307692308 0.0985576923076923 0.07451923076923077
2 0.9471153846153846 0.421875 0.10336538461538461 0.08173076923076923
1 0.33774038461538464 0.4495192307692308 0.11778846153846154 0.09615384615384616
0 0.6862980769230769 0.4423076923076923 0.10336538461538461 0.07932692307692307
0 0.5901442307692307 0.4579326923076923 0.10336538461538461 0.07932692307692307
1 0.4879807692307692 0.46634615384615385 0.11538461538461539 0.08653846153846154
2 0.7716346153846154 0.4675480769230769 0.11298076923076923 0.08653846153846154
1 0.16706730769230768 0.49158653846153844 0.1201923076923077 0.09134615384615384
0 0.2704326923076923 0.5168269230769231 0.10817307692307693 0.08413461538461539
0 0.3737980769230769 0.5192307692307693 0.09375 0.07692307692307693
1 0.5709134615384616 0.5336538461538461 0.11538461538461539 0.09134615384615384
2 0.46153846153846156 0.546875 0.11298076923076923 0.08653846153846154
2 0.7632211538461539 0.5432692307692307 0.11538461538461539 0.08413461538461539
0 0.8930288461538461 0.5480769230769231 0.10336538461538461 0.07932692307692307
1 0.1310096153846154 0.5793269230769231 0.13221153846153846 0.09615384615384616
0 0.6634615384615384 0.5661057692307693 0.10336538461538461 0.07932692307692307
1 0.3293269230769231 0.59375 0.1201923076923077 0.09134615384615384
1 0.4735576923076923 0.6298076923076923 0.1201923076923077 0.09615384615384616
1 0.5925480769230769 0.6237980769230769 0.1201923076923077 0.10096153846153846
2 0.7584134615384616 0.6322115384615384 0.11057692307692307 0.08653846153846154
1 0.25 0.6610576923076923 0.125 0.10096153846153846
0 0.3581730769230769 0.671875 0.10817307692307693 0.08173076923076923
2 0.8641826923076923 0.6598557692307693 0.11298076923076923 0.09615384615384616
2 0.5865384615384616 0.7091346153846154 0.11538461538461539 0.0889423076923077
0 0.4807692307692308 0.7151442307692307 0.10336538461538461 0.08173076923076923
0 0.6899038461538461 0.7259615384615384 0.10336538461538461 0.08653846153846154
0 0.39302884615384615 0.7475961538461539 0.11057692307692307 0.08173076923076923
0 0.47115384615384615 0.796875 0.10817307692307693 0.0889423076923077