1 0.15865384615384615 0.5685096153846154 0.0889423076923077 0.1201923076923077
0 0.1875 0.6742788461538461 0.07211538461538461 0.09615384615384616
2 0.18629807692307693 0.3954326923076923 0.08413461538461539 0.11057692307692307
0 0.20673076923076922 0.4891826923076923 0.08413461538461539 0.11538461538461539
2 0.21153846153846154 0.28125 0.07692307692307693 0.11298076923076923
1 0.23798076923076922 0.6033653846153846 0.09134615384615384 0.1201923076923077
1 0.265625 0.7259615384615384 0.0889423076923077 0.125
2 0.27283653846153844 0.40024038461538464 0.08413461538461539 0.11298076923076923
1 0.31009615384615385 0.8317307692307693 0.10336538461538461 0.12980769230769232
0 0.2776442307692308 0.20192307692307693 0.08173076923076923 0.10096153846153846
2 0.28846153846153844 0.296875 0.08653846153846154 0.10576923076923077
2 0.3016826923076923 0.5336538461538461 0.07692307692307693 0.10576923076923077
1 0.3173076923076923 0.640625 0.09615384615384616 0.125
2 0.32211538461538464 0.11899038461538461 0.08413461538461539 0.1201923076923077
1 0.36177884615384615 0.7403846153846154 0.10336538461538461 0.125
0 0.35336538461538464 0.4675480769230769 0.08413461538461539 0.11057692307692307
2 0.34975961538461536 0.36658653846153844 0.0889423076923077 0.125
0 0.35096153846153844 0.23798076923076922 0.08413461538461539 0.10576923076923077
2 0.38341346153846156 0.5841346153846154 0.08413461538461539 0.10096153846153846
0 0.40865384615384615 0.8377403846153846 0.08173076923076923 0.10576923076923077
0 0.39302884615384615 0.15625 0.07692307692307693 0.10096153846153846
2 0.3942307692307692 0.055288461538461536 0.08653846153846154 0.10576923076923077
1 0.4338942307692308 0.6790865384615384 0.10336538461538461 0.125
0 0.41947115384615385 0.32091346153846156 0.08413461538461539 0.10576923076923077
0 0.4375 0.4206730769230769 0.08413461538461539 0.10576923076923077
1 0.4483173076923077 0.5240384615384616 0.0889423076923077 0.1201923076923077
2 0.44350961538461536 0.23317307692307693 0.0889423076923077 0.11778846153846154
1 0.47836538461538464 0.8533653846153846 0.09615384615384616 0.125
0 0.5036057692307693 0.7463942307692307 0.08653846153846154 0.11298076923076923
0 0.5036057692307693 0.6394230769230769 0.08173076923076923 0.10096153846153846
1 0.5144230769230769 0.4387019230769231 0.09375 0.1201923076923077
2 0.53125 0.5504807692307693 0.0889423076923077 0.11778846153846154
2 0.5228365384615384 0.2403846153846154 0.08653846153846154 0.1201923076923077
0 0.5240384615384616 0.10817307692307693 0.08413461538461539 0.10576923076923077
1 0.5709134615384616 0.8882211538461539 0.10336538461538461 0.1346153846153846
0 0.546875 0.3425480769230769 0.08413461538461539 0.11057692307692307
1 0.5805288461538461 0.6862980769230769 0.09615384615384616 0.125
1 0.6153846153846154 0.5360576923076923 0.10336538461538461 0.125
1 0.6069711538461539 0.41466346153846156 0.10336538461538461 0.125
2 0.6129807692307693 0.2439903846153846 0.0889423076923077 0.11538461538461539
1 0.6526442307692307 0.7668269230769231 0.10336538461538461 0.12980769230769232
0 0.6610576923076923 0.6538461538461539 0.08413461538461539 0.11298076923076923
2 0.6382211538461539 0.13581730769230768 0.10096153846153846 0.11778846153846154
2 0.6947115384615384 0.4182692307692308 0.09134615384615384 0.1201923076923077
0 0.7019230769230769 0.5276442307692307 0.08653846153846154 0.10576923076923077
0 0.7103365384615384 0.3125 0.09134615384615384 0.11057692307692307
0 0.7379807692307693 0.6165865384615384 0.08413461538461539 0.11538461538461539
0 0.7884615384615384 0.5360576923076923 0.09134615384615384 0.11298076923076923