1 0.6502403846153846 0.8341346153846154 0.125 0.0985576923076923
0 0.7536057692307693 0.796875 0.10576923076923077 0.07932692307692307
2 0.47596153846153844 0.8221153846153846 0.11538461538461539 0.09375
0 0.5685096153846154 0.7944711538461539 0.1201923076923077 0.09375
2 0.3605769230769231 0.8064903846153846 0.11778846153846154 0.08653846153846154
1 0.6790865384615384 0.7524038461538461 0.12740384615384615 0.10096153846153846
1 0.7992788461538461 0.7139423076923077 0.12980769230769232 0.0985576923076923
2 0.4735576923076923 0.734375 0.11778846153846154 0.09375
1 0.9002403846153846 0.6598557692307693 0.13701923076923078 0.11298076923076923
0 0.2764423076923077 0.7475961538461539 0.10576923076923077 0.0889423076923077
2 0.36899038461538464 0.7295673076923077 0.11057692307692307 0.09615384615384616
2 0.6021634615384616 0.6959134615384616 0.11057692307692307 0.08653846153846154
1 0.7091346153846154 0.6694711538461539 0.13221153846153846 0.10576923076923077
2 0.18990384615384615 0.7115384615384616 0.125 0.09375
1 0.8052884615384616 0.6165865384615384 0.13221153846153846 0.11298076923076923
0 0.5348557692307693 0.6490384615384616 0.11538461538461539 0.09375
2 0.4338942307692308 0.6622596153846154 0.12980769230769232 0.0985576923076923
0 0.30408653846153844 0.6706730769230769 0.11057692307692307 0.09375
2 0.6466346153846154 0.609375 0.10576923076923077 0.09134615384615384
0 0.8978365384615384 0.5612980769230769 0.11057692307692307 0.09134615384615384
0 0.22115384615384615 0.6370192307692307 0.10576923076923077 0.08413461538461539
2 0.11177884615384616 0.6466346153846154 0.125 0.09615384615384616
1 0.7367788461538461 0.5516826923076923 0.13221153846153846 0.11298076923076923
0 0.38221153846153844 0.5961538461538461 0.11057692307692307 0.09375
0 0.4795673076923077 0.5697115384615384 0.11057692307692307 0.09375
1 0.5805288461538461 0.5492788461538461 0.125 0.0985576923076923
2 0.2920673076923077 0.5805288461538461 0.12259615384615384 0.0985576923076923
1 0.9074519230769231 0.49038461538461536 0.13221153846153846 0.10576923076923077
0 0.7992788461538461 0.47475961538461536 0.11778846153846154 0.09615384615384616
0 0.6923076923076923 0.4855769230769231 0.10576923076923077 0.0889423076923077
1 0.49038461538461536 0.49038461538461536 0.12740384615384615 0.10336538461538461
2 0.5997596153846154 0.4639423076923077 0.12259615384615384 0.0985576923076923
2 0.2920673076923077 0.5012019230769231 0.125 0.09615384615384616
0 0.15985576923076922 0.5096153846153846 0.11298076923076923 0.09375
1 0.9290865384615384 0.39903846153846156 0.1346153846153846 0.11298076923076923
0 0.3918269230769231 0.4675480769230769 0.11538461538461539 0.09375
1 0.7307692307692307 0.40384615384615385 0.13221153846153846 0.10576923076923077
1 0.5793269230769231 0.38221153846153844 0.13221153846153846 0.11298076923076923
1 0.45913461538461536 0.4014423076923077 0.13221153846153846 0.11298076923076923
2 0.28846153846153844 0.4098557692307692 0.1201923076923077 0.0985576923076923
1 0.8040865384615384 0.32572115384615385 0.13701923076923078 0.11538461538461539
0 0.6923076923076923 0.3269230769230769 0.11778846153846154 0.09375
2 0.1778846153846154 0.39302884615384615 0.125 0.11057692307692307
2 0.45552884615384615 0.3137019230769231 0.12740384615384615 0.10096153846153846
0 0.5637019230769231 0.2956730769230769 0.11057692307692307 0.09615384615384616
0 0.3485576923076923 0.3076923076923077 0.11778846153846154 0.10096153846153846
0 0.6490384615384616 0.2536057692307692 0.1201923076923077 0.09375
0 0.5637019230769231 0.21033653846153846 0.1201923076923077 0.10096153846153846