1 0.8725961538461539 0.5432692307692307 0.0985576923076923 0.12740384615384615
0 0.8605769230769231 0.65625 0.08173076923076923 0.10336538461538461
2 0.8173076923076923 0.3713942307692308 0.09375 0.11538461538461539
0 0.8112980769230769 0.4699519230769231 0.09375 0.12259615384615384
2 0.7716346153846154 0.25961538461538464 0.0889423076923077 0.11778846153846154
1 0.7980769230769231 0.5913461538461539 0.10336538461538461 0.12980769230769232
1 0.7896634615384616 0.7223557692307693 0.09615384615384616 0.12980769230769232
2 0.7283653846153846 0.390625 0.09375 0.11778846153846154
1 0.7608173076923077 0.8365384615384616 0.11298076923076923 0.13942307692307693
0 0.6935096153846154 0.18870192307692307 0.0889423076923077 0.10817307692307693
2 0.6971153846153846 0.28725961538461536 0.09375 0.11298076923076923
2 0.7223557692307693 0.5300480769230769 0.08653846153846154 0.11298076923076923
1 0.7223557692307693 0.6430288461538461 0.10336538461538461 0.1346153846153846
2 0.6346153846153846 0.11177884615384616 0.09375 0.12740384615384615
1 0.6935096153846154 0.7512019230769231 0.10817307692307693 0.13221153846153846
0 0.6574519230769231 0.4723557692307692 0.09375 0.11538461538461539
2 0.6454326923076923 0.36899038461538464 0.09615384615384616 0.12980769230769232
0 0.6225961538461539 0.23677884615384615 0.09134615384615384 0.11298076923076923
2 0.6466346153846154 0.5961538461538461 0.09134615384615384 0.10817307692307693
0 0.6622596153846154 0.859375 0.0889423076923077 0.11298076923076923
0 0.5685096153846154 0.16105769230769232 0.08653846153846154 0.10817307692307693
2 0.5480769230769231 0.056490384615384616 0.09615384615384616 0.11298076923076923
1 0.6117788461538461 0.6995192307692307 0.10817307692307693 0.13221153846153846
0 0.5673076923076923 0.3329326923076923 0.09134615384615384 0.11298076923076923
0 0.5649038461538461 0.4375 0.09134615384615384 0.11298076923076923
1 0.5697115384615384 0.5444711538461539 0.0985576923076923 0.12740384615384615
2 0.5276442307692307 0.24639423076923078 0.0985576923076923 0.125
1 0.5925480769230769 0.8870192307692307 0.10336538461538461 0.1346153846153846
0 0.5504807692307693 0.7800480769230769 0.09615384615384616 0.11778846153846154
0 0.5324519230769231 0.671875 0.0889423076923077 0.10336538461538461
1 0.4879807692307692 0.46875 0.10336538461538461 0.12980769230769232
2 0.4891826923076923 0.5841346153846154 0.0985576923076923 0.125
2 0.45072115384615385 0.2668269230769231 0.09615384615384616 0.12740384615384615
0 0.4266826923076923 0.13221153846153846 0.09134615384615384 0.11298076923076923
1 0.5060096153846154 0.9302884615384616 0.11298076923076923 0.13942307692307693
0 0.4411057692307692 0.375 0.09375 0.11538461538461539
1 0.46153846153846156 0.7307692307692307 0.10336538461538461 0.1346153846153846
1 0.4026442307692308 0.5841346153846154 0.10817307692307693 0.1346153846153846
1 0.390625 0.45913461538461536 0.11298076923076923 0.1346153846153846
2 0.3581730769230769 0.2848557692307692 0.0985576923076923 0.125
1 0.4014423076923077 0.8245192307692307 0.11538461538461539 0.14182692307692307
0 0.375 0.7115384615384616 0.09375 0.11778846153846154
2 0.3125 0.18028846153846154 0.10817307692307693 0.125
2 0.3016826923076923 0.47716346153846156 0.10336538461538461 0.12980769230769232
0 0.3112980769230769 0.5901442307692307 0.09375 0.11298076923076923
0 0.2692307692307692 0.3713942307692308 0.10096153846153846 0.11778846153846154
0 0.28966346153846156 0.6862980769230769 0.09375 0.12259615384615384
0 0.22716346153846154 0.6117788461538461 0.10336538461538461 0.1201923076923077