1 0.8245192307692307 0.421875 0.10336538461538461 0.13221153846153846
0 0.7836538461538461 0.31490384615384615 0.08413461538461539 0.10576923076923077
2 0.8100961538461539 0.6021634615384616 0.09615384615384616 0.11778846153846154
0 0.78125 0.5060096153846154 0.09615384615384616 0.125
2 0.7944711538461539 0.7211538461538461 0.09134615384615384 0.12259615384615384
1 0.7379807692307693 0.39302884615384615 0.10817307692307693 0.13221153846153846
1 0.6995192307692307 0.26802884615384615 0.10096153846153846 0.13221153846153846
2 0.7211538461538461 0.6045673076923077 0.09615384615384616 0.1201923076923077
1 0.6430288461538461 0.16466346153846154 0.11778846153846154 0.14182692307692307
0 0.734375 0.8076923076923077 0.09375 0.11057692307692307
2 0.7151442307692307 0.7127403846153846 0.0985576923076923 0.11538461538461539
2 0.6790865384615384 0.47115384615384615 0.09134615384615384 0.11538461538461539
1 0.6526442307692307 0.3605769230769231 0.10817307692307693 0.13701923076923078
2 0.6959134615384616 0.8978365384615384 0.0985576923076923 0.12980769230769232
1 0.5985576923076923 0.26322115384615385 0.11298076923076923 0.1346153846153846
0 0.6322115384615384 0.5420673076923077 0.09615384615384616 0.11778846153846154
2 0.6454326923076923 0.6454326923076923 0.10096153846153846 0.13221153846153846
0 0.6550480769230769 0.7788461538461539 0.09615384615384616 0.11538461538461539
2 0.5913461538461539 0.4254807692307692 0.09615384615384616 0.11057692307692307
0 0.5420673076923077 0.1658653846153846 0.09375 0.11538461538461539
0 0.6201923076923077 0.8653846153846154 0.09134615384615384 0.11057692307692307
2 0.6262019230769231 0.953125 0.09375 0.07932692307692307
1 0.53125 0.3317307692307692 0.11298076923076923 0.1346153846153846
0 0.578125 0.6995192307692307 0.09615384615384616 0.11538461538461539
0 0.5492788461538461 0.5985576923076923 0.09615384615384616 0.11538461538461539
1 0.5288461538461539 0.49399038461538464 0.10336538461538461 0.13221153846153846
2 0.5600961538461539 0.7920673076923077 0.10096153846153846 0.12740384615384615
1 0.46875 0.15625 0.10817307692307693 0.13701923076923078
0 0.453125 0.2692307692307692 0.0985576923076923 0.1201923076923077
0 0.46274038461538464 0.3786057692307692 0.09134615384615384 0.10576923076923077
1 0.46875 0.5865384615384616 0.10817307692307693 0.13221153846153846
2 0.4423076923076923 0.47475961538461536 0.10096153846153846 0.12740384615384615
2 0.47836538461538464 0.7908653846153846 0.10096153846153846 0.12980769230769232
0 0.4891826923076923 0.9290865384615384 0.09615384615384616 0.11538461538461539
1 0.3713942307692308 0.12860576923076922 0.11298076923076923 0.1466346153846154
0 0.44350961538461536 0.6887019230769231 0.09615384615384616 0.11778846153846154
1 0.3786057692307692 0.3389423076923077 0.10817307692307693 0.13701923076923078
1 0.3557692307692308 0.4963942307692308 0.11298076923076923 0.13701923076923078
1 0.3762019230769231 0.6189903846153846 0.11778846153846154 0.13701923076923078
2 0.38461538461538464 0.796875 0.10096153846153846 0.12740384615384615
1 0.2980769230769231 0.2620192307692308 0.11778846153846154 0.14182692307692307
0 0.29927884615384615 0.3786057692307692 0.09615384615384616 0.1201923076923077
2 0.36778846153846156 0.9098557692307693 0.11057692307692307 0.12980769230769232
2 0.2860576923076923 0.6237980769230769 0.10817307692307693 0.13221153846153846
0 0.26802884615384615 0.5120192307692307 0.0985576923076923 0.11538461538461539
0 0.27884615384615385 0.7331730769230769 0.10576923076923077 0.1201923076923077
0 0.22355769230769232 0.4230769230769231 0.09615384615384616 0.125
0 0.17908653846153846 0.5108173076923077 0.10576923076923077 0.12259615384615384