1 0.1875 0.6538461538461539 0.09615384615384616 0.125
0 0.22596153846153846 0.7572115384615384 0.07932692307692307 0.10336538461538461
2 0.19951923076923078 0.48197115384615385 0.09134615384615384 0.11538461538461539
0 0.2283653846153846 0.5721153846153846 0.09134615384615384 0.1201923076923077
2 0.21514423076923078 0.36778846153846156 0.08653846153846154 0.11538461538461539
1 0.2692307692307692 0.6826923076923077 0.10096153846153846 0.12740384615384615
1 0.30649038461538464 0.8016826923076923 0.09615384615384616 0.12740384615384615
2 0.28725961538461536 0.47836538461538464 0.09134615384615384 0.11538461538461539
1 0.3605769230769231 0.9002403846153846 0.11298076923076923 0.13701923076923078
0 0.27403846153846156 0.2824519230769231 0.0889423076923077 0.10576923076923077
2 0.2920673076923077 0.375 0.09615384615384616 0.11057692307692307
2 0.32572115384615385 0.6069711538461539 0.08653846153846154 0.11057692307692307
1 0.35096153846153844 0.7127403846153846 0.10576923076923077 0.13221153846153846
2 0.31009615384615385 0.1971153846153846 0.09134615384615384 0.125
1 0.40384615384615385 0.8076923076923077 0.10817307692307693 0.12980769230769232
0 0.3713942307692308 0.5384615384615384 0.09134615384615384 0.11538461538461539
2 0.359375 0.43990384615384615 0.09615384615384616 0.12740384615384615
0 0.34975961538461536 0.3125 0.09134615384615384 0.11057692307692307
2 0.4110576923076923 0.6514423076923077 0.0889423076923077 0.10576923076923077
0 0.4579326923076923 0.8990384615384616 0.09134615384615384 0.11057692307692307
0 0.38341346153846156 0.2283653846153846 0.08413461538461539 0.10576923076923077
2 0.3737980769230769 0.12139423076923077 0.09615384615384616 0.125
1 0.46875 0.7403846153846154 0.10817307692307693 0.12980769230769232
0 0.4230769230769231 0.38822115384615385 0.09134615384615384 0.11057692307692307
0 0.45072115384615385 0.4855769230769231 0.09134615384615384 0.11057692307692307
1 0.4699519230769231 0.5853365384615384 0.09615384615384616 0.125
2 0.43990384615384615 0.29927884615384615 0.09615384615384616 0.1201923076923077
1 0.5288461538461539 0.9086538461538461 0.10576923076923077 0.13221153846153846
0 0.5432692307692307 0.7992788461538461 0.09615384615384616 0.11538461538461539
0 0.5336538461538461 0.6959134615384616 0.0889423076923077 0.10336538461538461
1 0.5288461538461539 0.4963942307692308 0.10336538461538461 0.12740384615384615
2 0.5528846153846154 0.6045673076923077 0.09615384615384616 0.1201923076923077
2 0.5180288461538461 0.29927884615384615 0.09615384615384616 0.125
0 0.5084134615384616 0.16826923076923078 0.09134615384615384 0.11057692307692307
1 0.6213942307692307 0.9278846153846154 0.10817307692307693 0.12980769230769232
0 0.5516826923076923 0.39783653846153844 0.09134615384615384 0.11538461538461539
1 0.6141826923076923 0.734375 0.10576923076923077 0.13221153846153846
1 0.6358173076923077 0.5829326923076923 0.11057692307692307 0.13221153846153846
1 0.6177884615384616 0.4651442307692308 0.11298076923076923 0.13221153846153846
2 0.6081730769230769 0.2956730769230769 0.09615384615384616 0.1201923076923077
1 0.6911057692307693 0.8064903846153846 0.11298076923076923 0.13701923076923078
0 0.6899038461538461 0.6959134615384616 0.09134615384615384 0.11538461538461539
2 0.625 0.18629807692307693 0.10817307692307693 0.12259615384615384
2 0.703125 0.46033653846153844 0.10096153846153846 0.12740384615384615
0 0.7211538461538461 0.5673076923076923 0.09615384615384616 0.11057692307692307
0 0.7103365384615384 0.3545673076923077 0.10096153846153846 0.11778846153846154
0 0.7632211538461539 0.6526442307692307 0.09134615384615384 0.1201923076923077
0 0.8052884615384616 0.5685096153846154 0.10096153846153846 0.11778846153846154