1 0.3942307692307692 0.8305288461538461 0.12259615384615384 0.09375
0 0.2824519230769231 0.8137019230769231 0.10096153846153846 0.07692307692307693
2 0.5649038461538461 0.78125 0.11057692307692307 0.0889423076923077
0 0.46875 0.7716346153846154 0.11778846153846154 0.0889423076923077
2 0.6754807692307693 0.7403846153846154 0.11057692307692307 0.08413461538461539
1 0.3473557692307692 0.7536057692307693 0.12259615384615384 0.09615384615384616
1 0.21995192307692307 0.7427884615384616 0.125 0.0889423076923077
2 0.5492788461538461 0.6935096153846154 0.11538461538461539 0.0889423076923077
1 0.10697115384615384 0.7079326923076923 0.13701923076923078 0.10576923076923077
0 0.75 0.6634615384615384 0.10576923076923077 0.08413461538461539
2 0.6514423076923077 0.6658653846153846 0.10576923076923077 0.0889423076923077
2 0.4110576923076923 0.6814903846153846 0.11057692307692307 0.08413461538461539
1 0.29927884615384615 0.6778846153846154 0.13221153846153846 0.10096153846153846
2 0.828125 0.609375 0.12259615384615384 0.0889423076923077
1 0.1935096153846154 0.6454326923076923 0.12740384615384615 0.10336538461538461
0 0.47115384615384615 0.6201923076923077 0.11057692307692307 0.0889423076923077
2 0.5745192307692307 0.6117788461538461 0.125 0.0889423076923077
0 0.7043269230769231 0.5925480769230769 0.11057692307692307 0.0889423076923077
2 0.34975961538461536 0.6045673076923077 0.10576923076923077 0.0889423076923077
0 0.0889423076923077 0.6105769230769231 0.11057692307692307 0.08413461538461539
0 0.78125 0.5420673076923077 0.10576923076923077 0.08413461538461539
2 0.8918269230769231 0.5276442307692307 0.12259615384615384 0.0889423076923077
1 0.24639423076923078 0.5661057692307693 0.12740384615384615 0.10336538461538461
0 0.6117788461538461 0.5360576923076923 0.11057692307692307 0.0889423076923077
0 0.5096153846153846 0.5300480769230769 0.11057692307692307 0.0889423076923077
1 0.4026442307692308 0.53125 0.12259615384615384 0.09375
2 0.6971153846153846 0.5 0.1201923076923077 0.09375
1 0.06490384615384616 0.5408653846153846 0.12980769230769232 0.10096153846153846
0 0.17067307692307693 0.5036057692307693 0.11538461538461539 0.0889423076923077
0 0.27884615384615385 0.49038461538461536 0.10096153846153846 0.08413461538461539
1 0.4807692307692308 0.453125 0.125 0.0985576923076923
2 0.36658653846153844 0.45072115384615385 0.1201923076923077 0.09375
2 0.6802884615384616 0.4206730769230769 0.12259615384615384 0.0889423076923077
0 0.8149038461538461 0.4026442307692308 0.11057692307692307 0.0889423076923077
1 0.04326923076923077 0.4519230769230769 0.08653846153846154 0.10096153846153846
0 0.5745192307692307 0.40865384615384615 0.11057692307692307 0.0889423076923077
1 0.22235576923076922 0.4170673076923077 0.13221153846153846 0.10096153846153846
1 0.36899038461538464 0.3629807692307692 0.13221153846153846 0.10576923076923077
1 0.49278846153846156 0.3557692307692308 0.13221153846153846 0.11057692307692307
2 0.6658653846153846 0.3293269230769231 0.11778846153846154 0.09375
1 0.13221153846153846 0.35336538461538464 0.13701923076923078 0.10576923076923077
0 0.24519230769230768 0.3317307692307692 0.11538461538461539 0.0889423076923077
2 0.7716346153846154 0.28966346153846156 0.12259615384615384 0.10336538461538461
2 0.4795673076923077 0.2692307692307692 0.12259615384615384 0.09615384615384616
0 0.36778846153846156 0.27283653846153844 0.11057692307692307 0.0889423076923077
0 0.5841346153846154 0.2403846153846154 0.11057692307692307 0.09615384615384616
0 0.27283653846153844 0.25 0.11778846153846154 0.0889423076923077
0 0.34615384615384615 0.18870192307692307 0.11057692307692307 0.09615384615384616