1 0.7872596153846154 0.515625 0.09375 0.125
0 0.7572115384615384 0.6286057692307693 0.07451923076923077 0.10336538461538461
2 0.7548076923076923 0.33413461538461536 0.08653846153846154 0.11298076923076923
0 0.734375 0.4338942307692308 0.08653846153846154 0.11778846153846154
2 0.7247596153846154 0.21754807692307693 0.08173076923076923 0.11298076923076923
1 0.7043269230769231 0.5540865384615384 0.09615384615384616 0.12259615384615384
1 0.6778846153846154 0.6838942307692307 0.09134615384615384 0.12740384615384615
2 0.6634615384615384 0.34134615384615385 0.08653846153846154 0.11538461538461539
1 0.6310096153846154 0.7944711538461539 0.10576923076923077 0.1346153846153846
0 0.6538461538461539 0.13341346153846154 0.07932692307692307 0.10336538461538461
2 0.6466346153846154 0.234375 0.09134615384615384 0.10817307692307693
2 0.6370192307692307 0.4807692307692308 0.08173076923076923 0.11057692307692307
1 0.6201923076923077 0.5961538461538461 0.0985576923076923 0.12980769230769232
2 0.6069711538461539 0.056490384615384616 0.0889423076923077 0.10817307692307693
1 0.5757211538461539 0.6995192307692307 0.10576923076923077 0.12740384615384615
0 0.5805288461538461 0.41346153846153844 0.08653846153846154 0.11298076923076923
2 0.5829326923076923 0.3076923076923077 0.09134615384615384 0.12740384615384615
0 0.578125 0.171875 0.0889423076923077 0.11057692307692307
2 0.5516826923076923 0.5372596153846154 0.08413461538461539 0.10336538461538461
0 0.5288461538461539 0.8040865384615384 0.08653846153846154 0.11057692307692307
0 0.5336538461538461 0.08774038461538461 0.07932692307692307 0.10336538461538461
2 0.5288461538461539 0.018028846153846152 0.08653846153846154 0.036057692307692304
1 0.5012019230769231 0.6370192307692307 0.10576923076923077 0.12740384615384615
0 0.5084134615384616 0.2608173076923077 0.0889423076923077 0.11057692307692307
0 0.49158653846153844 0.36658653846153844 0.08653846153846154 0.11057692307692307
1 0.48197115384615385 0.4735576923076923 0.09375 0.12259615384615384
2 0.48197115384615385 0.16826923076923078 0.09375 0.12259615384615384
1 0.45552884615384615 0.8221153846153846 0.0985576923076923 0.12980769230769232
0 0.42908653846153844 0.7091346153846154 0.08653846153846154 0.11538461538461539
0 0.4254807692307692 0.5973557692307693 0.08413461538461539 0.10336538461538461
1 0.4098557692307692 0.3858173076923077 0.0985576923076923 0.12259615384615384
2 0.3954326923076923 0.5036057692307693 0.09375 0.12259615384615384
2 0.39903846153846156 0.17908653846153846 0.09134615384615384 0.12259615384615384
0 0.39302884615384615 0.046875 0.08413461538461539 0.09375
1 0.359375 0.859375 0.10576923076923077 0.14182692307692307
0 0.375 0.2848557692307692 0.08653846153846154 0.11298076923076923
1 0.34615384615384615 0.6466346153846154 0.0985576923076923 0.12980769230769232
1 0.30649038461538464 0.49038461538461536 0.10576923076923077 0.12980769230769232
1 0.3125 0.3629807692307692 0.10817307692307693 0.12980769230769232
2 0.30408653846153844 0.18389423076923078 0.09375 0.11778846153846154
1 0.2704326923076923 0.7319711538461539 0.10576923076923077 0.1346153846153846
0 0.2620192307692308 0.6141826923076923 0.0889423076923077 0.11538461538461539
2 0.27403846153846156 0.07091346153846154 0.10576923076923077 0.12259615384615384
2 0.22115384615384615 0.36899038461538464 0.09615384615384616 0.125
0 0.21394230769230768 0.4831730769230769 0.09134615384615384 0.11057692307692307
0 0.203125 0.25721153846153844 0.09615384615384616 0.11298076923076923
0 0.18028846153846154 0.578125 0.0889423076923077 0.11778846153846154
0 0.12620192307692307 0.4951923076923077 0.09615384615384616 0.11298076923076923