1 0.19831730769230768 0.6033653846153846 0.0985576923076923 0.12259615384615384
0 0.23798076923076922 0.7019230769230769 0.08173076923076923 0.10096153846153846
2 0.2091346153846154 0.4362980769230769 0.09134615384615384 0.11057692307692307
0 0.23677884615384615 0.5228365384615384 0.09134615384615384 0.11538461538461539
2 0.22115384615384615 0.3245192307692308 0.08653846153846154 0.11298076923076923
1 0.27884615384615385 0.6298076923076923 0.0985576923076923 0.12259615384615384
1 0.3173076923076923 0.7451923076923077 0.09375 0.125
2 0.2920673076923077 0.43149038461538464 0.09134615384615384 0.11298076923076923
1 0.3713942307692308 0.8401442307692307 0.11057692307692307 0.1346153846153846
0 0.2764423076923077 0.24158653846153846 0.08653846153846154 0.10336538461538461
2 0.2956730769230769 0.3317307692307692 0.09134615384615384 0.11057692307692307
2 0.3329326923076923 0.5552884615384616 0.08653846153846154 0.10817307692307693
1 0.3581730769230769 0.6574519230769231 0.10336538461538461 0.12740384615384615
2 0.3112980769230769 0.15865384615384615 0.09375 0.1201923076923077
1 0.4110576923076923 0.7475961538461539 0.10817307692307693 0.12740384615384615
0 0.375 0.4891826923076923 0.09134615384615384 0.11057692307692307
2 0.36177884615384615 0.39302884615384615 0.09375 0.125
0 0.35096153846153844 0.2692307692307692 0.09134615384615384 0.11057692307692307
2 0.41586538461538464 0.5961538461538461 0.09134615384615384 0.10576923076923077
0 0.4651442307692308 0.8365384615384616 0.08653846153846154 0.10817307692307693
0 0.38100961538461536 0.1875 0.08653846153846154 0.10336538461538461
2 0.3713942307692308 0.0829326923076923 0.09375 0.1201923076923077
1 0.4723557692307692 0.6814903846153846 0.10817307692307693 0.12740384615384615
0 0.42427884615384615 0.34134615384615385 0.09134615384615384 0.11057692307692307
0 0.45072115384615385 0.43509615384615385 0.09134615384615384 0.11057692307692307
1 0.4723557692307692 0.5324519230769231 0.0985576923076923 0.12259615384615384
2 0.4387019230769231 0.25600961538461536 0.0985576923076923 0.1201923076923077
1 0.5336538461538461 0.8449519230769231 0.10336538461538461 0.12740384615384615
0 0.546875 0.7391826923076923 0.09134615384615384 0.11298076923076923
0 0.5360576923076923 0.6382211538461539 0.08653846153846154 0.10096153846153846
1 0.5264423076923077 0.44471153846153844 0.10336538461538461 0.12259615384615384
2 0.5540865384615384 0.5480769230769231 0.0985576923076923 0.1201923076923077
2 0.5132211538461539 0.2548076923076923 0.09375 0.1201923076923077
0 0.5024038461538461 0.12740384615384615 0.09134615384615384 0.11057692307692307
1 0.625 0.8677884615384616 0.11057692307692307 0.13701923076923078
0 0.5480769230769231 0.3485576923076923 0.09134615384615384 0.11057692307692307
1 0.6141826923076923 0.6742788461538461 0.10336538461538461 0.12740384615384615
1 0.6322115384615384 0.5276442307692307 0.10817307692307693 0.12740384615384615
1 0.6129807692307693 0.41225961538461536 0.11057692307692307 0.12980769230769232
2 0.6009615384615384 0.24879807692307693 0.09615384615384616 0.11778846153846154
1 0.6911057692307693 0.7439903846153846 0.11057692307692307 0.13221153846153846
0 0.6887019230769231 0.6358173076923077 0.09134615384615384 0.11298076923076923
2 0.6153846153846154 0.14302884615384615 0.10817307692307693 0.1201923076923077
2 0.6959134615384616 0.40865384615384615 0.0985576923076923 0.12259615384615384
0 0.7151442307692307 0.5108173076923077 0.09134615384615384 0.11057692307692307
0 0.7007211538461539 0.30528846153846156 0.09615384615384616 0.11298076923076923
0 0.7584134615384616 0.5913461538461539 0.09134615384615384 0.11538461538461539
0 0.796875 0.5096153846153846 0.09615384615384616 0.11538461538461539