1 0.41947115384615385 0.8341346153846154 0.11778846153846154 0.09134615384615384
0 0.3173076923076923 0.8028846153846154 0.09615384615384616 0.07451923076923077
2 0.5877403846153846 0.8125 0.10817307692307693 0.08653846153846154
0 0.49759615384615385 0.7908653846153846 0.11298076923076923 0.08653846153846154
2 0.6959134615384616 0.7920673076923077 0.10576923076923077 0.08173076923076923
1 0.38822115384615385 0.7572115384615384 0.11778846153846154 0.09375
1 0.2704326923076923 0.7259615384615384 0.12259615384615384 0.08653846153846154
2 0.5865384615384616 0.7295673076923077 0.11298076923076923 0.08653846153846154
1 0.17067307692307693 0.6778846153846154 0.12740384615384615 0.10096153846153846
0 0.7764423076923077 0.7307692307692307 0.0985576923076923 0.07932692307692307
2 0.6850961538461539 0.71875 0.10336538461538461 0.08413461538461539
2 0.45913461538461536 0.6983173076923077 0.10336538461538461 0.07932692307692307
1 0.3545673076923077 0.6778846153846154 0.12259615384615384 0.09615384615384616
2 0.8569711538461539 0.6923076923076923 0.11778846153846154 0.08653846153846154
1 0.2608173076923077 0.6322115384615384 0.12259615384615384 0.10096153846153846
0 0.5228365384615384 0.6490384615384616 0.10817307692307693 0.08653846153846154
2 0.6201923076923077 0.65625 0.12259615384615384 0.08653846153846154
0 0.7439903846153846 0.6586538461538461 0.10576923076923077 0.08413461538461539
2 0.41225961538461536 0.6165865384615384 0.10096153846153846 0.08413461538461539
0 0.16826923076923078 0.5841346153846154 0.10336538461538461 0.07932692307692307
0 0.8245192307692307 0.6225961538461539 0.0985576923076923 0.07932692307692307
2 0.9290865384615384 0.6262019230769231 0.11778846153846154 0.08653846153846154
1 0.32211538461538464 0.5661057692307693 0.12259615384615384 0.10096153846153846
0 0.6670673076923077 0.5901442307692307 0.10576923076923077 0.08413461538461539
0 0.5709134615384616 0.5697115384615384 0.10576923076923077 0.08413461538461539
1 0.4723557692307692 0.5564903846153846 0.11778846153846154 0.09134615384615384
2 0.7524038461538461 0.5697115384615384 0.11778846153846154 0.09134615384615384
1 0.15504807692307693 0.515625 0.12259615384615384 0.09615384615384616
0 0.25841346153846156 0.49759615384615385 0.11298076923076923 0.08653846153846154
0 0.3629807692307692 0.5 0.09615384615384616 0.07932692307692307
1 0.5564903846153846 0.4951923076923077 0.11778846153846154 0.09615384615384616
2 0.45072115384615385 0.47475961538461536 0.11778846153846154 0.09134615384615384
2 0.7475961538461539 0.4951923076923077 0.11778846153846154 0.08653846153846154
0 0.875 0.4963942307692308 0.10576923076923077 0.08413461538461539
1 0.12379807692307693 0.4266826923076923 0.1346153846153846 0.10096153846153846
0 0.6502403846153846 0.4675480769230769 0.10817307692307693 0.08653846153846154
1 0.32091346153846156 0.4230769230769231 0.12259615384615384 0.09615384615384616
1 0.4651442307692308 0.3954326923076923 0.12259615384615384 0.10096153846153846
1 0.5817307692307693 0.4074519230769231 0.12259615384615384 0.10336538461538461
2 0.7475961538461539 0.4074519230769231 0.11298076923076923 0.09134615384615384
1 0.24519230769230768 0.34975961538461536 0.12740384615384615 0.10096153846153846
0 0.3545673076923077 0.3473557692307692 0.11298076923076923 0.08653846153846154
2 0.8521634615384616 0.3858173076923077 0.11778846153846154 0.10096153846153846
2 0.5817307692307693 0.32211538461538464 0.11778846153846154 0.09375
0 0.47716346153846156 0.3112980769230769 0.10576923076923077 0.08413461538461539
0 0.6838942307692307 0.3112980769230769 0.10817307692307693 0.09375
0 0.3918269230769231 0.27403846153846156 0.11298076923076923 0.08653846153846154
0 0.47115384615384615 0.2283653846153846 0.10817307692307693 0.09375