0 0.71875 0.36658653846153844 0.0625 0.0985576923076923
1 0.6959134615384616 0.26322115384615385 0.07211538461538461 0.1201923076923077
1 0.7307692307692307 0.5673076923076923 0.07692307692307693 0.11778846153846154
1 0.7115384615384616 0.46634615384615385 0.0673076923076923 0.11298076923076923
1 0.6730769230769231 0.3557692307692308 0.07211538461538461 0.12259615384615384
0 0.6418269230769231 0.24759615384615385 0.0673076923076923 0.10336538461538461
2 0.6117788461538461 0.15264423076923078 0.0673076923076923 0.10817307692307693
0 0.7007211538461539 0.6634615384615384 0.06971153846153846 0.10336538461538461
1 0.6622596153846154 0.45552884615384615 0.07692307692307693 0.125
1 0.6814903846153846 0.5709134615384616 0.07692307692307693 0.12740384615384615
2 0.6177884615384616 0.36538461538461536 0.07692307692307693 0.11778846153846154
1 0.6790865384615384 0.7548076923076923 0.0889423076923077 0.12740384615384615
2 0.578125 0.23317307692307693 0.08173076923076923 0.1201923076923077
2 0.5444711538461539 0.07692307692307693 0.08173076923076923 0.11538461538461539
2 0.609375 0.48197115384615385 0.07692307692307693 0.12259615384615384
1 0.625 0.5925480769230769 0.08413461538461539 0.12740384615384615
1 0.6574519230769231 0.8713942307692307 0.09375 0.1346153846153846
0 0.5661057692307693 0.3605769230769231 0.07451923076923077 0.11057692307692307
0 0.6262019230769231 0.7091346153846154 0.07451923076923077 0.11298076923076923
2 0.5180288461538461 0.15985576923076922 0.08173076923076923 0.12980769230769232
2 0.5228365384615384 0.27524038461538464 0.09134615384615384 0.1346153846153846
0 0.5757211538461539 0.6418269230769231 0.08173076923076923 0.11538461538461539
1 0.5516826923076923 0.5 0.0985576923076923 0.13701923076923078
0 0.4699519230769231 0.06009615384615385 0.08413461538461539 0.1201923076923077
0 0.5072115384615384 0.4026442307692308 0.08413461538461539 0.125
1 0.5649038461538461 0.7560096153846154 0.10336538461538461 0.13701923076923078
0 0.45072115384615385 0.15504807692307693 0.0889423076923077 0.12980769230769232
2 0.5216346153846154 0.6069711538461539 0.08413461538461539 0.125
0 0.46634615384615385 0.29927884615384615 0.09134615384615384 0.12980769230769232
1 0.5673076923076923 0.8918269230769231 0.11057692307692307 0.15144230769230768
2 0.40625 0.04807692307692308 0.09375 0.0889423076923077
1 0.4735576923076923 0.5048076923076923 0.11057692307692307 0.15144230769230768
0 0.5084134615384616 0.8341346153846154 0.09375 0.13942307692307693
0 0.3737980769230769 0.12139423076923077 0.10336538461538461 0.14423076923076922
2 0.39663461538461536 0.2512019230769231 0.11057692307692307 0.15144230769230768
1 0.4675480769230769 0.6971153846153846 0.11538461538461539 0.14903846153846154
0 0.39663461538461536 0.4519230769230769 0.10576923076923077 0.13701923076923078
2 0.3161057692307692 0.052884615384615384 0.10336538461538461 0.07211538461538461
1 0.4074519230769231 0.5865384615384616 0.1201923076923077 0.17067307692307693
0 0.4483173076923077 0.9050480769230769 0.10576923076923077 0.13701923076923078
2 0.34615384615384615 0.34134615384615385 0.11298076923076923 0.15384615384615385
0 0.41346153846153844 0.7908653846153846 0.11057692307692307 0.14423076923076922
2 0.3425480769230769 0.7127403846153846 0.12740384615384615 0.15625
0 0.25240384615384615 0.20673076923076922 0.12259615384615384 0.1778846153846154
2 0.2824519230769231 0.4579326923076923 0.1201923076923077 0.16346153846153846
0 0.3629807692307692 0.9230769230769231 0.125 0.15384615384615385
0 0.265625 0.640625 0.12980769230769232 0.16105769230769232
2 0.1814903846153846 0.37259615384615385 0.15384615384615385 0.1971153846153846