0 0.5540865384615384 0.7427884615384616 0.09615384615384616 0.057692307692307696
1 0.6622596153846154 0.75 0.11778846153846154 0.0673076923076923
1 0.36177884615384615 0.6935096153846154 0.11778846153846154 0.06971153846153846
1 0.46033653846153844 0.7019230769230769 0.11057692307692307 0.0625
1 0.5769230769230769 0.7019230769230769 0.1201923076923077 0.0673076923076923
0 0.6923076923076923 0.7043269230769231 0.10096153846153846 0.0625
2 0.7896634615384616 0.6995192307692307 0.10576923076923077 0.0625
0 0.2776442307692308 0.6346153846153846 0.10096153846153846 0.06490384615384616
1 0.4891826923076923 0.6610576923076923 0.125 0.07211538461538461
1 0.3701923076923077 0.6442307692307693 0.12740384615384615 0.07211538461538461
2 0.5841346153846154 0.6454326923076923 0.11778846153846154 0.06971153846153846
1 0.19591346153846154 0.5877403846153846 0.125 0.08413461538461539
2 0.7223557692307693 0.6442307692307693 0.11778846153846154 0.07451923076923077
2 0.8810096153846154 0.6610576923076923 0.11298076923076923 0.07692307692307693
2 0.47716346153846156 0.6021634615384616 0.12259615384615384 0.07211538461538461
1 0.3641826923076923 0.5865384615384616 0.125 0.07932692307692307
1 0.09014423076923077 0.5348557692307693 0.13221153846153846 0.08653846153846154
0 0.6045673076923077 0.59375 0.10817307692307693 0.06971153846153846
0 0.25240384615384615 0.5516826923076923 0.11298076923076923 0.06971153846153846
2 0.8137019230769231 0.6069711538461539 0.12740384615384615 0.07692307692307693
2 0.7007211538461539 0.5793269230769231 0.13221153846153846 0.08413461538461539
0 0.3329326923076923 0.5228365384615384 0.11298076923076923 0.07692307692307693
1 0.47596153846153844 0.5408653846153846 0.1346153846153846 0.09134615384615384
0 0.9242788461538461 0.5961538461538461 0.13221153846153846 0.07932692307692307
0 0.5817307692307693 0.5252403846153846 0.12259615384615384 0.07932692307692307
1 0.2283653846153846 0.4795673076923077 0.1346153846153846 0.09615384615384616
0 0.8353365384615384 0.5432692307692307 0.12740384615384615 0.08413461538461539
2 0.38100961538461536 0.4807692307692308 0.12259615384615384 0.07932692307692307
0 0.6947115384615384 0.5168269230769231 0.12740384615384615 0.08653846153846154
1 0.09615384615384616 0.43990384615384615 0.14903846153846154 0.10336538461538461
2 0.9519230769230769 0.5336538461538461 0.09615384615384616 0.09134615384615384
1 0.49278846153846156 0.46634615384615385 0.14903846153846154 0.10336538461538461
0 0.17067307692307693 0.40384615384615385 0.13701923076923078 0.08653846153846154
0 0.890625 0.4831730769230769 0.14182692307692307 0.09615384615384616
2 0.7608173076923077 0.4639423076923077 0.14903846153846154 0.10336538461538461
1 0.31490384615384615 0.4026442307692308 0.14423076923076922 0.11057692307692307
0 0.5661057692307693 0.4050480769230769 0.1346153846153846 0.10096153846153846
2 0.96875 0.44591346153846156 0.0625 0.10336538461538461
1 0.4338942307692308 0.37740384615384615 0.1658653846153846 0.11298076923076923
0 0.11899038461538461 0.3233173076923077 0.1346153846153846 0.10096153846153846
2 0.6887019230769231 0.39302884615384615 0.14903846153846154 0.10817307692307693
0 0.23677884615384615 0.32211538461538464 0.13942307692307693 0.10336538461538461
2 0.3317307692307692 0.28125 0.15144230769230768 0.12259615384615384
0 0.8461538461538461 0.3389423076923077 0.17307692307692307 0.11538461538461539
2 0.5961538461538461 0.2980769230769231 0.15865384615384615 0.11298076923076923
0 0.12259615384615384 0.234375 0.15625 0.11778846153846154
0 0.42788461538461536 0.22596153846153846 0.15625 0.12259615384615384
2 0.7067307692307693 0.22596153846153846 0.19230769230769232 0.1466346153846154