0 0.7668269230769231 0.5036057692307693 0.06009615384615385 0.09375
1 0.7740384615384616 0.6045673076923077 0.0673076923076923 0.11538461538461539
1 0.7163461538461539 0.31850961538461536 0.07211538461538461 0.11298076923076923
1 0.7283653846153846 0.41466346153846156 0.0625 0.10576923076923077
1 0.7271634615384616 0.5264423076923077 0.0673076923076923 0.11778846153846154
0 0.7307692307692307 0.6334134615384616 0.06009615384615385 0.09615384615384616
2 0.7319711538461539 0.7307692307692307 0.06009615384615385 0.10096153846153846
0 0.6610576923076923 0.23798076923076922 0.06490384615384616 0.0985576923076923
1 0.6875 0.43990384615384615 0.07211538461538461 0.1201923076923077
1 0.671875 0.3293269230769231 0.07211538461538461 0.12259615384615384
2 0.6730769230769231 0.5336538461538461 0.07211538461538461 0.11298076923076923
1 0.6141826923076923 0.16105769230769232 0.08173076923076923 0.1201923076923077
2 0.6754807692307693 0.6670673076923077 0.07211538461538461 0.11298076923076923
2 0.6923076923076923 0.8185096153846154 0.07692307692307693 0.11057692307692307
2 0.6310096153846154 0.43028846153846156 0.07211538461538461 0.11778846153846154
1 0.6141826923076923 0.3245192307692308 0.07692307692307693 0.1201923076923077
1 0.5600961538461539 0.06370192307692307 0.08653846153846154 0.12740384615384615
0 0.6274038461538461 0.5552884615384616 0.06971153846153846 0.10336538461538461
0 0.5793269230769231 0.21875 0.06971153846153846 0.11057692307692307
2 0.6430288461538461 0.7512019230769231 0.07211538461538461 0.12259615384615384
2 0.6141826923076923 0.6454326923076923 0.08413461538461539 0.12740384615384615
0 0.5552884615384616 0.29447115384615385 0.07692307692307693 0.11057692307692307
1 0.5745192307692307 0.4326923076923077 0.0889423076923077 0.12980769230769232
0 0.6310096153846154 0.8617788461538461 0.07932692307692307 0.12740384615384615
0 0.5612980769230769 0.5336538461538461 0.07692307692307693 0.11778846153846154
1 0.5096153846153846 0.1935096153846154 0.09375 0.12980769230769232
0 0.5829326923076923 0.7764423076923077 0.08173076923076923 0.12259615384615384
2 0.5144230769230769 0.3425480769230769 0.07692307692307693 0.11778846153846154
0 0.5552884615384616 0.6394230769230769 0.08413461538461539 0.125
1 0.4699519230769231 0.07091346153846154 0.0985576923076923 0.14182692307692307
2 0.5793269230769231 0.9206730769230769 0.09615384615384616 0.15384615384615385
1 0.5 0.45072115384615385 0.0985576923076923 0.14423076923076922
0 0.43509615384615385 0.140625 0.08653846153846154 0.1346153846153846
0 0.5228365384615384 0.828125 0.09375 0.1346153846153846
2 0.5060096153846154 0.7043269230769231 0.0985576923076923 0.14423076923076922
1 0.4387019230769231 0.2764423076923077 0.10817307692307693 0.14182692307692307
0 0.44591346153846156 0.5204326923076923 0.0985576923076923 0.12980769230769232
2 0.4951923076923077 0.9375 0.11057692307692307 0.125
1 0.41586538461538464 0.3954326923076923 0.11057692307692307 0.16105769230769232
0 0.359375 0.09254807692307693 0.0985576923076923 0.12980769230769232
2 0.4326923076923077 0.6370192307692307 0.10336538461538461 0.14423076923076922
0 0.36177884615384615 0.20793269230769232 0.10336538461538461 0.13701923076923078
2 0.31971153846153844 0.2980769230769231 0.11778846153846154 0.1466346153846154
0 0.3858173076923077 0.7872596153846154 0.11538461538461539 0.17067307692307693
2 0.34134615384615385 0.5504807692307693 0.11057692307692307 0.15384615384615385
0 0.27524038461538464 0.0985576923076923 0.11538461538461539 0.14903846153846154
0 0.2704326923076923 0.3894230769230769 0.12259615384615384 0.15144230769230768
2 0.27283653846153844 0.6574519230769231 0.14182692307692307 0.18509615384615385