0 0.5144230769230769 0.7644230769230769 0.09375 0.06009615384615385
1 0.6141826923076923 0.7776442307692307 0.11298076923076923 0.0673076923076923
1 0.33653846153846156 0.7115384615384616 0.11057692307692307 0.07211538461538461
1 0.42908653846153844 0.7235576923076923 0.10576923076923077 0.06490384615384616
1 0.5372596153846154 0.7283653846153846 0.11538461538461539 0.0673076923076923
0 0.6454326923076923 0.7355769230769231 0.0985576923076923 0.0625
2 0.7367788461538461 0.7367788461538461 0.10336538461538461 0.06490384615384616
0 0.2608173076923077 0.6514423076923077 0.0985576923076923 0.06490384615384616
1 0.4579326923076923 0.6862980769230769 0.11778846153846154 0.07451923076923077
1 0.3473557692307692 0.6646634615384616 0.1201923076923077 0.07451923076923077
2 0.546875 0.6766826923076923 0.11057692307692307 0.07211538461538461
1 0.18870192307692307 0.6033653846153846 0.1201923076923077 0.08413461538461539
2 0.6754807692307693 0.6826923076923077 0.11298076923076923 0.07451923076923077
2 0.8245192307692307 0.7043269230769231 0.11057692307692307 0.07692307692307693
2 0.4495192307692308 0.6310096153846154 0.11538461538461539 0.07211538461538461
1 0.3449519230769231 0.6105769230769231 0.1201923076923077 0.07932692307692307
1 0.09134615384615384 0.5492788461538461 0.125 0.08653846153846154
0 0.5685096153846154 0.6298076923076923 0.10336538461538461 0.07211538461538461
0 0.24158653846153846 0.5733173076923077 0.10817307692307693 0.06971153846153846
2 0.7620192307692307 0.6526442307692307 0.1201923076923077 0.07692307692307693
2 0.6598557692307693 0.6201923076923077 0.125 0.08413461538461539
0 0.31850961538461536 0.5492788461538461 0.11057692307692307 0.07692307692307693
1 0.4519230769230769 0.5733173076923077 0.125 0.09134615384615384
0 0.8665865384615384 0.6466346153846154 0.125 0.07932692307692307
0 0.5504807692307693 0.5649038461538461 0.11778846153846154 0.07692307692307693
1 0.22355769230769232 0.5048076923076923 0.12740384615384615 0.09615384615384616
0 0.7860576923076923 0.5949519230769231 0.12259615384615384 0.08413461538461539
2 0.36658653846153844 0.5120192307692307 0.11778846153846154 0.07692307692307693
0 0.65625 0.5612980769230769 0.12259615384615384 0.08653846153846154
1 0.10216346153846154 0.46033653846153844 0.14182692307692307 0.10336538461538461
2 0.921875 0.5961538461538461 0.1466346153846154 0.0985576923076923
1 0.47115384615384615 0.5048076923076923 0.14182692307692307 0.10336538461538461
0 0.17307692307692307 0.43149038461538464 0.12980769230769232 0.08653846153846154
0 0.8413461538461539 0.5396634615384616 0.1346153846153846 0.09615384615384616
2 0.7223557692307693 0.515625 0.14182692307692307 0.10336538461538461
1 0.3076923076923077 0.4362980769230769 0.13701923076923078 0.10576923076923077
0 0.5420673076923077 0.45072115384615385 0.12740384615384615 0.10096153846153846
2 0.9423076923076923 0.515625 0.11538461538461539 0.10817307692307693
1 0.4206730769230769 0.4182692307692308 0.15625 0.11057692307692307
0 0.12860576923076922 0.35216346153846156 0.12740384615384615 0.10096153846153846
2 0.6574519230769231 0.44591346153846156 0.14182692307692307 0.10817307692307693
0 0.23918269230769232 0.359375 0.13221153846153846 0.10096153846153846
2 0.3293269230769231 0.3233173076923077 0.14423076923076922 0.1201923076923077
0 0.8064903846153846 0.40384615384615385 0.16826923076923078 0.11778846153846154
2 0.5757211538461539 0.35216346153846156 0.15384615384615385 0.11298076923076923
0 0.13701923076923078 0.2704326923076923 0.14903846153846154 0.11778846153846154
0 0.421875 0.2776442307692308 0.14903846153846154 0.12259615384615384
2 0.6826923076923077 0.29086538461538464 0.18269230769230768 0.14423076923076922