0 0.21153846153846154 0.5072115384615384 0.05048076923076923 0.09375
1 0.21995192307692307 0.6117788461538461 0.057692307692307696 0.11298076923076923
1 0.2283653846153846 0.3076923076923077 0.0625 0.11298076923076923
1 0.23317307692307693 0.4098557692307692 0.055288461538461536 0.10817307692307693
1 0.2548076923076923 0.5228365384615384 0.057692307692307696 0.11778846153846154
0 0.2704326923076923 0.6346153846153846 0.052884615384615384 0.0985576923076923
2 0.28725961538461536 0.7319711538461539 0.052884615384615384 0.10336538461538461
0 0.27163461538461536 0.21634615384615385 0.055288461538461536 0.0985576923076923
1 0.28125 0.4266826923076923 0.0625 0.1201923076923077
1 0.2764423076923077 0.31009615384615385 0.0625 0.12259615384615384
2 0.3112980769230769 0.5216346153846154 0.0625 0.11298076923076923
1 0.30528846153846156 0.12860576923076922 0.07451923076923077 0.1201923076923077
2 0.3329326923076923 0.6574519230769231 0.0673076923076923 0.11298076923076923
2 0.3425480769230769 0.8161057692307693 0.0673076923076923 0.10817307692307693
2 0.33653846153846156 0.40865384615384615 0.0625 0.11778846153846154
1 0.33533653846153844 0.296875 0.0673076923076923 0.1201923076923077
1 0.34375 0.042067307692307696 0.07451923076923077 0.07692307692307693
0 0.36177884615384615 0.5336538461538461 0.06009615384615385 0.10336538461538461
0 0.35096153846153844 0.1814903846153846 0.0625 0.10817307692307693
2 0.38100961538461536 0.7391826923076923 0.0673076923076923 0.12259615384615384
2 0.39302884615384615 0.6237980769230769 0.07451923076923077 0.125
0 0.3894230769230769 0.2548076923076923 0.0673076923076923 0.10817307692307693
1 0.3942307692307692 0.39903846153846156 0.07932692307692307 0.125
0 0.41346153846153844 0.8485576923076923 0.0673076923076923 0.125
0 0.4254807692307692 0.5012019230769231 0.0673076923076923 0.11778846153846154
1 0.4182692307692308 0.14423076923076922 0.08653846153846154 0.125
0 0.44711538461538464 0.7524038461538461 0.07451923076923077 0.12259615384615384
2 0.43990384615384615 0.2980769230769231 0.0673076923076923 0.11778846153846154
0 0.4519230769230769 0.6069711538461539 0.07692307692307693 0.12259615384615384
1 0.4375 0.042067307692307696 0.08653846153846154 0.08173076923076923
2 0.47716346153846156 0.8990384615384616 0.08653846153846154 0.15144230769230768
1 0.4723557692307692 0.4050480769230769 0.09134615384615384 0.14182692307692307
0 0.484375 0.07451923076923077 0.07692307692307693 0.13221153846153846
0 0.5192307692307693 0.7956730769230769 0.08653846153846154 0.13221153846153846
2 0.5144230769230769 0.6658653846153846 0.09134615384615384 0.14182692307692307
1 0.5048076923076923 0.21634615384615385 0.0985576923076923 0.13701923076923078
0 0.5420673076923077 0.46634615384615385 0.09134615384615384 0.125
2 0.5649038461538461 0.9194711538461539 0.10096153846153846 0.15625
1 0.5492788461538461 0.3317307692307692 0.0985576923076923 0.15625
0 0.5552884615384616 0.038461538461538464 0.08653846153846154 0.07692307692307693
2 0.5745192307692307 0.5829326923076923 0.09615384615384616 0.14182692307692307
0 0.5709134615384616 0.1310096153846154 0.09134615384615384 0.13221153846153846
2 0.6310096153846154 0.21754807692307693 0.11057692307692307 0.14423076923076922
0 0.6502403846153846 0.7295673076923077 0.10096153846153846 0.1658653846153846
2 0.6538461538461539 0.47836538461538464 0.10096153846153846 0.14903846153846154
0 0.6430288461538461 0.038461538461538464 0.10336538461538461 0.07692307692307693
0 0.6959134615384616 0.3004807692307692 0.11057692307692307 0.1466346153846154
2 0.7415865384615384 0.5745192307692307 0.13221153846153846 0.18269230769230768