0 0.5865384615384616 0.26322115384615385 0.09134615384615384 0.055288461538461536
1 0.6838942307692307 0.28365384615384615 0.11298076923076923 0.0673076923076923
1 0.4014423076923077 0.25721153846153844 0.10817307692307693 0.06971153846153846
1 0.49158653846153844 0.27524038461538464 0.10336538461538461 0.0625
1 0.5949519230769231 0.30408653846153844 0.11298076923076923 0.0673076923076923
0 0.6983173076923077 0.3329326923076923 0.0985576923076923 0.0625
2 0.7848557692307693 0.36177884615384615 0.10336538461538461 0.0625
0 0.3112980769230769 0.28725961538461536 0.0985576923076923 0.06490384615384616
1 0.5060096153846154 0.31850961538461536 0.11778846153846154 0.07211538461538461
1 0.39663461538461536 0.30288461538461536 0.1201923076923077 0.07211538461538461
2 0.5877403846153846 0.35697115384615385 0.10817307692307693 0.06971153846153846
1 0.22596153846153846 0.3088942307692308 0.1201923076923077 0.08173076923076923
2 0.7103365384615384 0.39302884615384615 0.10817307692307693 0.07211538461538461
2 0.8569711538461539 0.4206730769230769 0.10817307692307693 0.07451923076923077
2 0.48197115384615385 0.36778846153846156 0.11298076923076923 0.07211538461538461
1 0.3762019230769231 0.35336538461538464 0.11778846153846154 0.07692307692307693
1 0.11658653846153846 0.3293269230769231 0.125 0.08413461538461539
0 0.5925480769230769 0.40865384615384615 0.10336538461538461 0.06971153846153846
0 0.2668269230769231 0.3557692307692308 0.10817307692307693 0.0673076923076923
2 0.7824519230769231 0.4495192307692308 0.1201923076923077 0.07451923076923077
2 0.6754807692307693 0.44591346153846156 0.125 0.08173076923076923
0 0.33052884615384615 0.4026442307692308 0.10817307692307693 0.07451923076923077
1 0.4639423076923077 0.4230769230769231 0.125 0.08653846153846154
0 0.8786057692307693 0.4891826923076923 0.12259615384615384 0.07692307692307693
0 0.5552884615384616 0.4639423076923077 0.11298076923076923 0.07692307692307693
1 0.22716346153846154 0.41466346153846156 0.125 0.09134615384615384
0 0.7848557692307693 0.5120192307692307 0.12259615384615384 0.08173076923076923
2 0.3641826923076923 0.453125 0.11298076923076923 0.07692307692307693
0 0.6538461538461539 0.5 0.12259615384615384 0.08413461538461539
1 0.0985576923076923 0.41586538461538464 0.14182692307692307 0.10096153846153846
2 0.9194711538461539 0.5564903846153846 0.14903846153846154 0.09615384615384616
1 0.46033653846153844 0.49399038461538464 0.14182692307692307 0.10096153846153846
0 0.15625 0.4675480769230769 0.12980769230769232 0.08413461538461539
0 0.8209134615384616 0.5817307692307693 0.13221153846153846 0.09375
2 0.7007211538461539 0.5649038461538461 0.14182692307692307 0.10096153846153846
1 0.28365384615384615 0.5048076923076923 0.13701923076923078 0.10576923076923077
0 0.5096153846153846 0.5673076923076923 0.12740384615384615 0.0985576923076923
2 0.9206730769230769 0.6394230769230769 0.13701923076923078 0.11057692307692307
1 0.38461538461538464 0.5588942307692307 0.15625 0.10817307692307693
0 0.08774038461538461 0.5264423076923077 0.12740384615384615 0.0985576923076923
2 0.6165865384615384 0.609375 0.14182692307692307 0.10576923076923077
0 0.19591346153846154 0.5564903846153846 0.13221153846153846 0.0985576923076923
2 0.26802884615384615 0.6189903846153846 0.14423076923076922 0.11538461538461539
0 0.7439903846153846 0.6983173076923077 0.1658653846153846 0.11538461538461539
2 0.5096153846153846 0.6706730769230769 0.14903846153846154 0.11057692307692307
0 0.07091346153846154 0.6057692307692307 0.14182692307692307 0.11538461538461539
0 0.3401442307692308 0.6923076923076923 0.14903846153846154 0.1201923076923077
2 0.5901442307692307 0.7632211538461539 0.18028846153846154 0.14182692307692307