0 0.5757211538461539 0.25961538461538464 0.08653846153846154 0.052884615384615384
1 0.671875 0.2764423076923077 0.10576923076923077 0.06009615384615385
1 0.39663461538461536 0.25961538461538464 0.10576923076923077 0.06490384615384616
1 0.4855769230769231 0.27163461538461536 0.10096153846153846 0.057692307692307696
1 0.5865384615384616 0.3004807692307692 0.11057692307692307 0.06009615384615385
0 0.6875 0.3233173076923077 0.09134615384615384 0.055288461538461536
2 0.7728365384615384 0.3473557692307692 0.09615384615384616 0.055288461538461536
0 0.31009615384615385 0.29086538461538464 0.09134615384615384 0.057692307692307696
1 0.5012019230769231 0.3173076923076923 0.11057692307692307 0.06490384615384616
1 0.39302884615384615 0.30408653846153844 0.11538461538461539 0.06490384615384616
2 0.5805288461538461 0.35096153846153844 0.10576923076923077 0.06490384615384616
1 0.22956730769230768 0.31490384615384615 0.11298076923076923 0.07451923076923077
2 0.7007211538461539 0.38221153846153844 0.10576923076923077 0.0673076923076923
2 0.8449519230769231 0.4026442307692308 0.10336538461538461 0.06971153846153846
2 0.4795673076923077 0.36538461538461536 0.11057692307692307 0.06490384615384616
1 0.3762019230769231 0.3557692307692308 0.11298076923076923 0.06971153846153846
1 0.12379807692307693 0.3401442307692308 0.11778846153846154 0.07932692307692307
0 0.5889423076923077 0.39783653846153844 0.09615384615384616 0.0625
0 0.2704326923076923 0.3605769230769231 0.10096153846153846 0.0625
2 0.7740384615384616 0.43149038461538464 0.11538461538461539 0.0673076923076923
2 0.6694711538461539 0.4326923076923077 0.11778846153846154 0.07451923076923077
0 0.33413461538461536 0.4014423076923077 0.10336538461538461 0.06971153846153846
1 0.4639423076923077 0.4170673076923077 0.11778846153846154 0.07932692307692307
0 0.8677884615384616 0.46875 0.11778846153846154 0.06971153846153846
0 0.5528846153846154 0.453125 0.11298076923076923 0.06971153846153846
1 0.234375 0.41947115384615385 0.11778846153846154 0.08413461538461539
0 0.7776442307692307 0.49278846153846156 0.11778846153846154 0.07451923076923077
2 0.36778846153846156 0.4495192307692308 0.11298076923076923 0.06971153846153846
0 0.6490384615384616 0.4855769230769231 0.11778846153846154 0.07932692307692307
1 0.10817307692307693 0.4230769230769231 0.1346153846153846 0.09134615384615384
2 0.9086538461538461 0.53125 0.14182692307692307 0.0889423076923077
1 0.46274038461538464 0.4879807692307692 0.1346153846153846 0.09134615384615384
0 0.1658653846153846 0.4723557692307692 0.12259615384615384 0.08173076923076923
0 0.8149038461538461 0.5600961538461539 0.12740384615384615 0.08653846153846154
2 0.6983173076923077 0.5456730769230769 0.1346153846153846 0.09134615384615384
1 0.29086538461538464 0.5024038461538461 0.12980769230769232 0.10096153846153846
0 0.5132211538461539 0.5552884615384616 0.1201923076923077 0.0889423076923077
2 0.9206730769230769 0.6117788461538461 0.14423076923076922 0.10336538461538461
1 0.390625 0.5516826923076923 0.14903846153846154 0.10336538461538461
0 0.10336538461538461 0.5300480769230769 0.1201923076923077 0.0889423076923077
2 0.6177884615384616 0.5961538461538461 0.1346153846153846 0.09615384615384616
0 0.20673076923076922 0.5564903846153846 0.125 0.09615384615384616
2 0.2800480769230769 0.6153846153846154 0.1346153846153846 0.11057692307692307
0 0.7439903846153846 0.6742788461538461 0.15865384615384615 0.10336538461538461
2 0.515625 0.6586538461538461 0.14423076923076922 0.10336538461538461
0 0.08653846153846154 0.6081730769230769 0.13942307692307693 0.10576923076923077
0 0.35336538461538464 0.6826923076923077 0.13942307692307693 0.11057692307692307
2 0.5973557692307693 0.7451923076923077 0.17067307692307693 0.1346153846153846