0 0.578125 0.26802884615384615 0.0889423076923077 0.052884615384615384
1 0.6754807692307693 0.2848557692307692 0.10817307692307693 0.06009615384615385
1 0.3954326923076923 0.2692307692307692 0.10576923076923077 0.06490384615384616
1 0.4855769230769231 0.28365384615384615 0.10096153846153846 0.06009615384615385
1 0.5889423076923077 0.31009615384615385 0.11057692307692307 0.06009615384615385
0 0.6911057692307693 0.3329326923076923 0.09375 0.057692307692307696
2 0.7776442307692307 0.359375 0.0985576923076923 0.06009615384615385
0 0.3088942307692308 0.30288461538461536 0.09375 0.057692307692307696
1 0.5024038461538461 0.3269230769230769 0.11298076923076923 0.06490384615384616
1 0.3918269230769231 0.3161057692307692 0.11538461538461539 0.06490384615384616
2 0.5829326923076923 0.3605769230769231 0.10576923076923077 0.06490384615384616
1 0.22596153846153846 0.3269230769230769 0.11538461538461539 0.07451923076923077
2 0.7055288461538461 0.3918269230769231 0.10817307692307693 0.06971153846153846
2 0.8509615384615384 0.41346153846153844 0.10576923076923077 0.06971153846153846
2 0.47836538461538464 0.3762019230769231 0.11057692307692307 0.06490384615384616
1 0.375 0.36538461538461536 0.11538461538461539 0.06971153846153846
1 0.11899038461538461 0.34975961538461536 0.1201923076923077 0.08173076923076923
0 0.5913461538461539 0.41225961538461536 0.0985576923076923 0.06490384615384616
0 0.26802884615384615 0.3713942307692308 0.10336538461538461 0.06490384615384616
2 0.7776442307692307 0.44591346153846156 0.11778846153846154 0.06971153846153846
2 0.671875 0.44711538461538464 0.1201923076923077 0.07692307692307693
0 0.3317307692307692 0.41466346153846156 0.10576923076923077 0.06971153846153846
1 0.4639423076923077 0.43149038461538464 0.1201923076923077 0.08173076923076923
0 0.8737980769230769 0.48197115384615385 0.1201923076923077 0.07211538461538461
0 0.5552884615384616 0.46634615384615385 0.11298076923076923 0.06971153846153846
1 0.22956730769230768 0.42908653846153844 0.1201923076923077 0.08653846153846154
0 0.7836538461538461 0.5072115384615384 0.11778846153846154 0.07451923076923077
2 0.36658653846153844 0.4639423076923077 0.11298076923076923 0.06971153846153846
0 0.6526442307692307 0.5 0.11778846153846154 0.07932692307692307
1 0.10336538461538461 0.4362980769230769 0.13942307692307693 0.09375
2 0.9158653846153846 0.5456730769230769 0.1466346153846154 0.0889423076923077
1 0.46274038461538464 0.5 0.13942307692307693 0.09375
0 0.16105769230769232 0.4855769230769231 0.125 0.08173076923076923
0 0.8197115384615384 0.5745192307692307 0.12740384615384615 0.08653846153846154
2 0.7007211538461539 0.5625 0.13942307692307693 0.09375
1 0.28966346153846156 0.5180288461538461 0.13221153846153846 0.10096153846153846
0 0.5132211538461539 0.5709134615384616 0.12259615384615384 0.09134615384615384
2 0.9230769230769231 0.6286057692307693 0.13942307692307693 0.10336538461538461
1 0.3894230769230769 0.5673076923076923 0.15384615384615385 0.10336538461538461
0 0.09735576923076923 0.5444711538461539 0.12259615384615384 0.09134615384615384
2 0.6213942307692307 0.609375 0.13942307692307693 0.0985576923076923
0 0.203125 0.5709134615384616 0.12740384615384615 0.09615384615384616
2 0.2776442307692308 0.6298076923076923 0.13942307692307693 0.11057692307692307
0 0.7475961538461539 0.6911057692307693 0.15865384615384615 0.10576923076923077
2 0.5180288461538461 0.6730769230769231 0.14423076923076922 0.10576923076923077
0 0.08173076923076923 0.6237980769230769 0.13942307692307693 0.10817307692307693
0 0.35216346153846156 0.6995192307692307 0.1466346153846154 0.11538461538461539
2 0.5997596153846154 0.7620192307692307 0.17548076923076922 0.1346153846153846