0 0.7307692307692307 0.5877403846153846 0.05048076923076923 0.0889423076923077
1 0.7199519230769231 0.6862980769230769 0.057692307692307696 0.10817307692307693
1 0.7211538461538461 0.39663461538461536 0.06490384615384616 0.11057692307692307
1 0.7139423076923077 0.49278846153846156 0.055288461538461536 0.10336538461538461
1 0.6899038461538461 0.6009615384615384 0.057692307692307696 0.11298076923076923
0 0.6706730769230769 0.7055288461538461 0.055288461538461536 0.09375
2 0.6514423076923077 0.7992788461538461 0.055288461538461536 0.0985576923076923
0 0.6850961538461539 0.3076923076923077 0.057692307692307696 0.09375
1 0.6682692307692307 0.5096153846153846 0.06490384615384616 0.11538461538461539
1 0.6754807692307693 0.39903846153846156 0.06490384615384616 0.1201923076923077
2 0.6370192307692307 0.5973557692307693 0.06490384615384616 0.11057692307692307
1 0.6538461538461539 0.22355769230769232 0.07451923076923077 0.11538461538461539
2 0.6105769230769231 0.7259615384615384 0.06490384615384616 0.11057692307692307
2 0.5961538461538461 0.8774038461538461 0.0673076923076923 0.10576923076923077
2 0.6165865384615384 0.4891826923076923 0.06490384615384616 0.11538461538461539
1 0.6201923076923077 0.38341346153846156 0.06971153846153846 0.11538461538461539
1 0.6225961538461539 0.11658653846153846 0.07692307692307693 0.12259615384615384
0 0.5877403846153846 0.6081730769230769 0.06490384615384616 0.10096153846153846
0 0.6081730769230769 0.27283653846153844 0.0625 0.10576923076923077
2 0.5625 0.8016826923076923 0.0673076923076923 0.1201923076923077
2 0.5552884615384616 0.6935096153846154 0.07451923076923077 0.12259615384615384
0 0.5697115384615384 0.34134615384615385 0.06971153846153846 0.10576923076923077
1 0.5600961538461539 0.47836538461538464 0.07932692307692307 0.12259615384615384
0 0.5288461538461539 0.9050480769230769 0.06971153846153846 0.12259615384615384
0 0.5288461538461539 0.5745192307692307 0.06971153846153846 0.11538461538461539
1 0.5456730769230769 0.234375 0.08413461538461539 0.12259615384615384
0 0.4987980769230769 0.8137019230769231 0.07451923076923077 0.1201923076923077
2 0.5216346153846154 0.3798076923076923 0.06971153846153846 0.11538461538461539
0 0.5 0.6742788461538461 0.07451923076923077 0.1201923076923077
1 0.5348557692307693 0.10576923076923077 0.09134615384615384 0.13701923076923078
2 0.4651442307692308 0.9387019230769231 0.08413461538461539 0.12259615384615384
1 0.4855769230769231 0.4807692307692308 0.09134615384615384 0.13701923076923078
0 0.4855769230769231 0.16706730769230768 0.07692307692307693 0.12740384615384615
0 0.42908653846153844 0.8521634615384616 0.08653846153846154 0.12980769230769232
2 0.4387019230769231 0.7283653846153846 0.09134615384615384 0.13701923076923078
1 0.46033653846153844 0.3004807692307692 0.0985576923076923 0.13221153846153846
0 0.4182692307692308 0.5372596153846154 0.0889423076923077 0.12259615384615384
2 0.38221153846153844 0.9447115384615384 0.0985576923076923 0.10336538461538461
1 0.41586538461538464 0.4098557692307692 0.0985576923076923 0.15384615384615385
0 0.4230769230769231 0.10576923076923077 0.0889423076923077 0.12259615384615384
2 0.38221153846153844 0.6466346153846154 0.09615384615384616 0.13701923076923078
0 0.40024038461538464 0.21754807692307693 0.09134615384615384 0.12740384615384615
2 0.34134615384615385 0.296875 0.11057692307692307 0.13942307692307693
0 0.30649038461538464 0.7836538461538461 0.10096153846153846 0.15865384615384615
2 0.31009615384615385 0.5444711538461539 0.10096153846153846 0.1466346153846154
0 0.3389423076923077 0.09375 0.10576923076923077 0.14182692307692307
0 0.2764423076923077 0.375 0.11298076923076923 0.1466346153846154
2 0.22355769230769232 0.6334134615384616 0.13221153846153846 0.17548076923076922