0 0.78125 0.5024038461538461 0.057692307692307696 0.09375
1 0.7896634615384616 0.6069711538461539 0.06490384615384616 0.11538461538461539
1 0.734375 0.3137019230769231 0.06971153846153846 0.11538461538461539
1 0.7439903846153846 0.4110576923076923 0.0625 0.10576923076923077
1 0.7415865384615384 0.5252403846153846 0.0673076923076923 0.11778846153846154
0 0.7427884615384616 0.6370192307692307 0.0625 0.10096153846153846
2 0.7415865384615384 0.7331730769230769 0.0625 0.10576923076923077
0 0.6790865384615384 0.23076923076923078 0.06490384615384616 0.10096153846153846
1 0.7019230769230769 0.4375 0.07211538461538461 0.12259615384615384
1 0.6875 0.32211538461538464 0.07211538461538461 0.12740384615384615
2 0.6862980769230769 0.53125 0.06971153846153846 0.11538461538461539
1 0.6334134615384616 0.15144230769230768 0.08173076923076923 0.12259615384615384
2 0.6862980769230769 0.6670673076923077 0.07211538461538461 0.11538461538461539
2 0.7019230769230769 0.8233173076923077 0.07451923076923077 0.11298076923076923
2 0.6454326923076923 0.42788461538461536 0.07211538461538461 0.1201923076923077
1 0.6286057692307693 0.3173076923076923 0.07692307692307693 0.12259615384615384
1 0.5769230769230769 0.055288461538461536 0.08653846153846154 0.11057692307692307
0 0.6382211538461539 0.5516826923076923 0.06971153846153846 0.10817307692307693
0 0.5949519230769231 0.20793269230769232 0.0673076923076923 0.11057692307692307
2 0.6526442307692307 0.7560096153846154 0.07451923076923077 0.12740384615384615
2 0.625 0.6466346153846154 0.08173076923076923 0.12740384615384615
0 0.5697115384615384 0.2848557692307692 0.07451923076923077 0.11298076923076923
1 0.5865384615384616 0.4254807692307692 0.08653846153846154 0.12740384615384615
0 0.6382211538461539 0.8641826923076923 0.07692307692307693 0.12740384615384615
0 0.5721153846153846 0.5300480769230769 0.07692307692307693 0.1201923076923077
1 0.5252403846153846 0.18389423076923078 0.09375 0.12980769230769232
0 0.5901442307692307 0.7776442307692307 0.08173076923076923 0.12740384615384615
2 0.5264423076923077 0.3329326923076923 0.07692307692307693 0.1201923076923077
0 0.5637019230769231 0.6394230769230769 0.08653846153846154 0.12740384615384615
1 0.48677884615384615 0.0625 0.0985576923076923 0.125
2 0.5829326923076923 0.921875 0.09615384615384616 0.15144230769230768
1 0.5108173076923077 0.44350961538461536 0.10096153846153846 0.1466346153846154
0 0.45072115384615385 0.12740384615384615 0.08653846153846154 0.13221153846153846
0 0.5276442307692307 0.8317307692307693 0.09375 0.13942307692307693
2 0.5120192307692307 0.7055288461538461 0.10096153846153846 0.1466346153846154
1 0.4519230769230769 0.2668269230769231 0.10576923076923077 0.13942307692307693
0 0.4543269230769231 0.5144230769230769 0.0985576923076923 0.12980769230769232
2 0.4963942307692308 0.9387019230769231 0.10817307692307693 0.12259615384615384
1 0.4266826923076923 0.38461538461538464 0.11057692307692307 0.16346153846153846
0 0.3737980769230769 0.07572115384615384 0.0985576923076923 0.12980769230769232
2 0.43990384615384615 0.6346153846153846 0.10576923076923077 0.1466346153846154
0 0.3737980769230769 0.19230769230769232 0.10096153846153846 0.1346153846153846
2 0.3293269230769231 0.2848557692307692 0.11778846153846154 0.14903846153846154
0 0.390625 0.7884615384615384 0.11538461538461539 0.17067307692307693
2 0.3473557692307692 0.5444711538461539 0.11298076923076923 0.15384615384615385
0 0.28725961538461536 0.08653846153846154 0.11538461538461539 0.13701923076923078
0 0.2776442307692308 0.3786057692307692 0.12259615384615384 0.15384615384615385
2 0.2764423076923077 0.6526442307692307 0.1466346153846154 0.18990384615384615