0 0.4855769230769231 0.1658653846153846 0.09375 0.055288461538461536
1 0.3798076923076923 0.1778846153846154 0.11778846153846154 0.06009615384615385
1 0.6887019230769231 0.17548076923076922 0.11538461538461539 0.0673076923076923
1 0.5853365384615384 0.18389423076923078 0.10817307692307693 0.06009615384615385
1 0.4699519230769231 0.21033653846153846 0.11778846153846154 0.06009615384615385
0 0.3581730769230769 0.23076923076923078 0.0985576923076923 0.06009615384615385
2 0.25961538461538464 0.2512019230769231 0.10576923076923077 0.06009615384615385
0 0.7824519230769231 0.21634615384615385 0.0985576923076923 0.06009615384615385
1 0.5685096153846154 0.234375 0.125 0.0673076923076923
1 0.6862980769230769 0.22596153846153846 0.12740384615384615 0.0673076923076923
2 0.4735576923076923 0.26802884615384615 0.11538461538461539 0.0673076923076923
1 0.8713942307692307 0.24759615384615385 0.125 0.07932692307692307
2 0.33774038461538464 0.29447115384615385 0.11538461538461539 0.06971153846153846
2 0.17548076923076922 0.31009615384615385 0.11298076923076923 0.07211538461538461
2 0.5901442307692307 0.28846153846153844 0.1201923076923077 0.0673076923076923
1 0.703125 0.2848557692307692 0.125 0.07211538461538461
1 0.9543269230769231 0.28365384615384615 0.0673076923076923 0.07692307692307693
0 0.4639423076923077 0.32091346153846156 0.10817307692307693 0.0673076923076923
0 0.8209134615384616 0.296875 0.11298076923076923 0.06490384615384616
2 0.25721153846153844 0.3473557692307692 0.12740384615384615 0.06971153846153846
2 0.37259615384615385 0.35336538461538464 0.12980769230769232 0.08173076923076923
0 0.7475961538461539 0.33774038461538464 0.11298076923076923 0.07211538461538461
1 0.6009615384615384 0.3485576923076923 0.12980769230769232 0.08653846153846154
0 0.14543269230769232 0.38221153846153844 0.12980769230769232 0.07451923076923077
0 0.4987980769230769 0.38341346153846156 0.1201923076923077 0.07211538461538461
1 0.8605769230769231 0.3629807692307692 0.12980769230769232 0.09134615384615384
0 0.24519230769230768 0.41466346153846156 0.12740384615384615 0.07932692307692307
2 0.7055288461538461 0.390625 0.1201923076923077 0.07211538461538461
0 0.3918269230769231 0.41346153846153844 0.12740384615384615 0.07932692307692307
1 0.9603365384615384 0.37740384615384615 0.06971153846153846 0.09134615384615384
2 0.09615384615384616 0.4483173076923077 0.15865384615384615 0.09134615384615384
1 0.5985576923076923 0.42788461538461536 0.1466346153846154 0.09615384615384616
0 0.9326923076923077 0.42788461538461536 0.13221153846153846 0.08173076923076923
0 0.20432692307692307 0.4879807692307692 0.13942307692307693 0.09134615384615384
2 0.33413461538461536 0.4795673076923077 0.1466346153846154 0.09615384615384616
1 0.7908653846153846 0.4543269230769231 0.14182692307692307 0.10576923076923077
0 0.5384615384615384 0.5 0.12980769230769232 0.09615384615384616
2 0.07932692307692307 0.5408653846153846 0.15865384615384615 0.10576923076923077
1 0.6742788461538461 0.5024038461538461 0.1658653846153846 0.10817307692307693
0 0.9663461538461539 0.49759615384615385 0.0673076923076923 0.09134615384615384
2 0.4206730769230769 0.5384615384615384 0.14903846153846154 0.10096153846153846
0 0.8798076923076923 0.5180288461538461 0.13701923076923078 0.10096153846153846
2 0.7944711538461539 0.5817307692307693 0.14903846153846154 0.11538461538461539
0 0.27524038461538464 0.6189903846153846 0.17307692307692307 0.10817307692307693
2 0.53125 0.6141826923076923 0.15625 0.10576923076923077
0 0.9663461538461539 0.5853365384615384 0.0673076923076923 0.10817307692307693
0 0.7115384615384616 0.6514423076923077 0.15384615384615385 0.11778846153846154
2 0.43509615384615385 0.7067307692307693 0.1875 0.13942307692307693