0 0.7475961538461539 0.4807692307692308 0.055288461538461536 0.0889423076923077
1 0.7572115384615384 0.38341346153846156 0.0625 0.10817307692307693
1 0.6995192307692307 0.6586538461538461 0.0673076923076923 0.10817307692307693
1 0.7115384615384616 0.5661057692307693 0.06009615384615385 0.10096153846153846
1 0.7115384615384616 0.4579326923076923 0.0625 0.11057692307692307
0 0.7139423076923077 0.3557692307692308 0.06009615384615385 0.09375
2 0.7139423076923077 0.26322115384615385 0.06009615384615385 0.0985576923076923
0 0.6466346153846154 0.7355769230769231 0.06009615384615385 0.09375
1 0.671875 0.5408653846153846 0.0673076923076923 0.11778846153846154
1 0.65625 0.6478365384615384 0.0673076923076923 0.11778846153846154
2 0.6598557692307693 0.45072115384615385 0.0673076923076923 0.10817307692307693
1 0.6009615384615384 0.8088942307692307 0.07932692307692307 0.11778846153846154
2 0.6610576923076923 0.3233173076923077 0.07211538461538461 0.10817307692307693
2 0.6778846153846154 0.1778846153846154 0.07211538461538461 0.10576923076923077
2 0.6177884615384616 0.5504807692307693 0.0673076923076923 0.11298076923076923
1 0.6009615384615384 0.6514423076923077 0.07211538461538461 0.11778846153846154
1 0.5504807692307693 0.9038461538461539 0.08173076923076923 0.12259615384615384
0 0.6141826923076923 0.43149038461538464 0.06490384615384616 0.10096153846153846
0 0.5673076923076923 0.7548076923076923 0.06490384615384616 0.10576923076923077
2 0.6298076923076923 0.24158653846153846 0.07211538461538461 0.11778846153846154
2 0.6021634615384616 0.3449519230769231 0.07932692307692307 0.12259615384615384
0 0.5444711538461539 0.6814903846153846 0.06971153846153846 0.10576923076923077
1 0.5637019230769231 0.5492788461538461 0.08413461538461539 0.125
0 0.6189903846153846 0.13701923076923078 0.07211538461538461 0.12259615384615384
0 0.5516826923076923 0.4519230769230769 0.07211538461538461 0.11298076923076923
1 0.5012019230769231 0.7776442307692307 0.0889423076923077 0.125
0 0.5721153846153846 0.21875 0.07932692307692307 0.11778846153846154
2 0.5060096153846154 0.6346153846153846 0.07211538461538461 0.11298076923076923
0 0.5456730769230769 0.34975961538461536 0.08173076923076923 0.11778846153846154
1 0.4639423076923077 0.8978365384615384 0.09615384615384616 0.13942307692307693
2 0.5685096153846154 0.08052884615384616 0.09375 0.14903846153846154
1 0.49278846153846156 0.53125 0.09615384615384616 0.13942307692307693
0 0.42908653846153844 0.8293269230769231 0.08413461538461539 0.12740384615384615
0 0.5144230769230769 0.16826923076923078 0.09134615384615384 0.12980769230769232
2 0.49759615384615385 0.28725961538461536 0.09615384615384616 0.13942307692307693
1 0.4338942307692308 0.6983173076923077 0.10336538461538461 0.13701923076923078
0 0.43990384615384615 0.4639423076923077 0.09375 0.125
2 0.4879807692307692 0.06129807692307692 0.10576923076923077 0.12259615384615384
1 0.4110576923076923 0.5841346153846154 0.10576923076923077 0.15384615384615385
0 0.35697115384615385 0.875 0.09375 0.125
2 0.42788461538461536 0.35336538461538464 0.10096153846153846 0.13942307692307693
0 0.359375 0.765625 0.0985576923076923 0.12980769230769232
2 0.31850961538461536 0.6766826923076923 0.11298076923076923 0.14182692307692307
0 0.38341346153846156 0.20673076923076922 0.10817307692307693 0.16346153846153846
2 0.3389423076923077 0.4362980769230769 0.10576923076923077 0.1466346153846154
0 0.27524038461538464 0.8701923076923077 0.11057692307692307 0.14182692307692307
0 0.27283653846153844 0.5901442307692307 0.11538461538461539 0.1466346153846154
2 0.27403846153846156 0.33413461538461536 0.13942307692307693 0.1778846153846154