0 0.2644230769230769 0.5444711538461539 0.04807692307692308 0.08653846153846154
1 0.26802884615384615 0.6454326923076923 0.052884615384615384 0.10576923076923077
1 0.29086538461538464 0.3581730769230769 0.057692307692307696 0.10336538461538461
1 0.29086538461538464 0.4519230769230769 0.05048076923076923 0.0985576923076923
1 0.30408653846153844 0.5612980769230769 0.052884615384615384 0.10817307692307693
0 0.31490384615384615 0.6682692307692307 0.05048076923076923 0.09134615384615384
2 0.3245192307692308 0.7596153846153846 0.05048076923076923 0.09615384615384616
0 0.33413461538461536 0.27524038461538464 0.052884615384615384 0.09134615384615384
1 0.3329326923076923 0.47475961538461536 0.057692307692307696 0.11057692307692307
1 0.33533653846153844 0.3629807692307692 0.057692307692307696 0.11538461538461539
2 0.35697115384615385 0.5625 0.057692307692307696 0.10336538461538461
1 0.3713942307692308 0.19471153846153846 0.06971153846153846 0.11057692307692307
2 0.3713942307692308 0.6911057692307693 0.06009615384615385 0.10336538461538461
2 0.37259615384615385 0.8413461538461539 0.0625 0.10096153846153846
2 0.3870192307692308 0.4579326923076923 0.057692307692307696 0.10817307692307693
1 0.3918269230769231 0.35096153846153844 0.0625 0.11057692307692307
1 0.41225961538461536 0.09014423076923077 0.06971153846153846 0.11538461538461539
0 0.4050480769230769 0.5769230769230769 0.057692307692307696 0.09615384615384616
0 0.41225961538461536 0.2439903846153846 0.055288461538461536 0.10096153846153846
2 0.41346153846153844 0.7728365384615384 0.06009615384615385 0.11538461538461539
2 0.42908653846153844 0.6658653846153846 0.06971153846153846 0.11538461538461539
0 0.44591346153846156 0.31490384615384615 0.0625 0.10096153846153846
1 0.44350961538461536 0.45072115384615385 0.07451923076923077 0.11778846153846154
0 0.4387019230769231 0.875 0.0625 0.11538461538461539
0 0.46634615384615385 0.5492788461538461 0.0625 0.10817307692307693
1 0.47716346153846156 0.21514423076923078 0.07932692307692307 0.11778846153846154
0 0.47475961538461536 0.7860576923076923 0.06971153846153846 0.11538461538461539
2 0.4891826923076923 0.35697115384615385 0.0625 0.10817307692307693
0 0.48677884615384615 0.6526442307692307 0.06971153846153846 0.11538461538461539
1 0.5 0.08533653846153846 0.08413461538461539 0.13221153846153846
2 0.4951923076923077 0.9266826923076923 0.07932692307692307 0.14423076923076922
1 0.5168269230769231 0.45913461538461536 0.08413461538461539 0.13221153846153846
0 0.5420673076923077 0.15264423076923078 0.06971153846153846 0.1201923076923077
0 0.5396634615384616 0.8329326923076923 0.07932692307692307 0.12740384615384615
2 0.5420673076923077 0.7103365384615384 0.08413461538461539 0.13221153846153846
1 0.5552884615384616 0.2860576923076923 0.09134615384615384 0.12740384615384615
0 0.578125 0.5216346153846154 0.08413461538461539 0.11778846153846154
2 0.578125 0.9387019230769231 0.09375 0.12259615384615384
1 0.5925480769230769 0.3954326923076923 0.09134615384615384 0.14903846153846154
0 0.6105769230769231 0.09615384615384616 0.08413461538461539 0.11778846153846154
2 0.6033653846153846 0.6358173076923077 0.0889423076923077 0.13221153846153846
0 0.6225961538461539 0.20673076923076922 0.08413461538461539 0.12259615384615384
2 0.6742788461538461 0.2920673076923077 0.10096153846153846 0.13221153846153846
0 0.6670673076923077 0.7764423076923077 0.09375 0.15625
2 0.6826923076923077 0.5396634615384616 0.09375 0.14182692307692307
0 0.6935096153846154 0.09014423076923077 0.0985576923076923 0.13701923076923078
0 0.7319711538461539 0.375 0.10336538461538461 0.13701923076923078
2 0.7620192307692307 0.6358173076923077 0.12259615384615384 0.17067307692307693