0 0.5637019230769231 0.2247596153846154 0.09134615384615384 0.055288461538461536
1 0.6634615384615384 0.2403846153846154 0.11057692307692307 0.06009615384615385
1 0.37740384615384615 0.2283653846153846 0.10817307692307693 0.06490384615384616
1 0.47115384615384615 0.23918269230769232 0.10336538461538461 0.057692307692307696
1 0.5769230769230769 0.2668269230769231 0.11298076923076923 0.0625
0 0.6814903846153846 0.28966346153846156 0.09615384615384616 0.057692307692307696
2 0.7716346153846154 0.3112980769230769 0.10096153846153846 0.057692307692307696
0 0.28966346153846156 0.2620192307692308 0.09615384615384616 0.06009615384615385
1 0.4879807692307692 0.2860576923076923 0.11538461538461539 0.0673076923076923
1 0.375 0.27403846153846156 0.1201923076923077 0.0673076923076923
2 0.5709134615384616 0.31971153846153844 0.10817307692307693 0.06490384615384616
1 0.20432692307692307 0.28846153846153844 0.11778846153846154 0.07932692307692307
2 0.6971153846153846 0.3485576923076923 0.10817307692307693 0.0673076923076923
2 0.8461538461538461 0.36899038461538464 0.10576923076923077 0.06971153846153846
2 0.4651442307692308 0.33653846153846156 0.11298076923076923 0.0673076923076923
1 0.3581730769230769 0.328125 0.11538461538461539 0.07211538461538461
1 0.09495192307692307 0.3161057692307692 0.12259615384615384 0.07932692307692307
0 0.5805288461538461 0.36778846153846156 0.10096153846153846 0.06490384615384616
0 0.24759615384615385 0.33413461538461536 0.10576923076923077 0.0625
2 0.7728365384615384 0.40024038461538464 0.1201923076923077 0.06971153846153846
2 0.6646634615384616 0.4026442307692308 0.12259615384615384 0.07932692307692307
0 0.31490384615384615 0.3762019230769231 0.10576923076923077 0.06971153846153846
1 0.45072115384615385 0.390625 0.12259615384615384 0.08413461538461539
0 0.8725961538461539 0.4375 0.1201923076923077 0.07211538461538461
0 0.5444711538461539 0.4254807692307692 0.11298076923076923 0.07211538461538461
1 0.21153846153846154 0.3954326923076923 0.12259615384615384 0.0889423076923077
0 0.7800480769230769 0.46274038461538464 0.12259615384615384 0.07932692307692307
2 0.35216346153846156 0.4266826923076923 0.11298076923076923 0.07211538461538461
0 0.6454326923076923 0.4579326923076923 0.12259615384615384 0.07932692307692307
1 0.08173076923076923 0.4026442307692308 0.13701923076923078 0.09375
2 0.9170673076923077 0.5 0.14903846153846154 0.09134615384615384
1 0.45072115384615385 0.4651442307692308 0.13701923076923078 0.09375
0 0.14182692307692307 0.4543269230769231 0.12740384615384615 0.07932692307692307
0 0.8185096153846154 0.5336538461538461 0.13221153846153846 0.0889423076923077
2 0.6959134615384616 0.5204326923076923 0.13701923076923078 0.09375
1 0.27403846153846156 0.48197115384615385 0.1346153846153846 0.10096153846153846
0 0.5036057692307693 0.5324519230769231 0.12259615384615384 0.09375
2 0.9254807692307693 0.5853365384615384 0.14423076923076922 0.10576923076923077
1 0.37740384615384615 0.53125 0.15625 0.10336538461538461
0 0.07692307692307693 0.5132211538461539 0.12259615384615384 0.09375
2 0.6141826923076923 0.5721153846153846 0.13701923076923078 0.0985576923076923
0 0.18629807692307693 0.5396634615384616 0.12740384615384615 0.09375
2 0.26322115384615385 0.6009615384615384 0.13942307692307693 0.11057692307692307
0 0.7463942307692307 0.6526442307692307 0.16346153846153846 0.10576923076923077
2 0.5096153846153846 0.640625 0.14903846153846154 0.10576923076923077
0 0.0673076923076923 0.5961538461538461 0.1346153846153846 0.11057692307692307
0 0.3401442307692308 0.6682692307692307 0.14423076923076922 0.11538461538461539
2 0.5949519230769231 0.7295673076923077 0.18028846153846154 0.13701923076923078