0 0.5108173076923077 0.18509615384615385 0.0985576923076923 0.055288461538461536
1 0.6201923076923077 0.20072115384615385 0.1201923076923077 0.06490384615384616
1 0.30649038461538464 0.19230769230769232 0.11778846153846154 0.07211538461538461
1 0.4074519230769231 0.20432692307692307 0.11298076923076923 0.0625
1 0.5252403846153846 0.23076923076923078 0.125 0.06490384615384616
0 0.640625 0.25240384615384615 0.10576923076923077 0.0625
2 0.7391826923076923 0.27884615384615385 0.11057692307692307 0.0625
0 0.2091346153846154 0.23317307692307693 0.10576923076923077 0.06490384615384616
1 0.42788461538461536 0.25240384615384615 0.125 0.07211538461538461
1 0.30528846153846156 0.2439903846153846 0.12980769230769232 0.07211538461538461
2 0.5192307692307693 0.28846153846153844 0.11778846153846154 0.07211538461538461
1 0.11899038461538461 0.2644230769230769 0.125 0.08173076923076923
2 0.6586538461538461 0.31850961538461536 0.11778846153846154 0.07211538461538461
2 0.8221153846153846 0.33653846153846156 0.11538461538461539 0.07692307692307693
2 0.4050480769230769 0.3076923076923077 0.125 0.07211538461538461
1 0.28725961538461536 0.3016826923076923 0.125 0.07692307692307693
1 0.039663461538461536 0.2980769230769231 0.055288461538461536 0.07932692307692307
0 0.5300480769230769 0.3449519230769231 0.11057692307692307 0.07211538461538461
0 0.16706730769230768 0.3112980769230769 0.11538461538461539 0.0673076923076923
2 0.7427884615384616 0.375 0.12980769230769232 0.07211538461538461
2 0.6237980769230769 0.38100961538461536 0.13221153846153846 0.08413461538461539
0 0.2403846153846154 0.3581730769230769 0.11538461538461539 0.07692307692307693
1 0.3894230769230769 0.3713942307692308 0.1346153846153846 0.08653846153846154
0 0.8521634615384616 0.4110576923076923 0.13221153846153846 0.07932692307692307
0 0.49278846153846156 0.4074519230769231 0.125 0.07692307692307693
1 0.12860576923076922 0.3786057692307692 0.1346153846153846 0.09134615384615384
0 0.75 0.44471153846153844 0.12980769230769232 0.08173076923076923
2 0.2824519230769231 0.41225961538461536 0.125 0.07692307692307693
0 0.6045673076923077 0.4411057692307692 0.13221153846153846 0.08413461538461539
1 0.03245192307692308 0.3954326923076923 0.055288461538461536 0.09375
2 0.9014423076923077 0.48197115384615385 0.16105769230769232 0.09375
1 0.390625 0.4495192307692308 0.15144230769230768 0.10096153846153846
0 0.06129807692307692 0.44350961538461536 0.12259615384615384 0.08413461538461539
0 0.7944711538461539 0.5168269230769231 0.14182692307692307 0.09375
2 0.6598557692307693 0.5084134615384616 0.15144230769230768 0.10096153846153846
1 0.1971153846153846 0.47475961538461536 0.1466346153846154 0.10817307692307693
0 0.45072115384615385 0.5264423076923077 0.1346153846153846 0.0985576923076923
2 0.9170673076923077 0.5733173076923077 0.16346153846153846 0.11298076923076923
1 0.3112980769230769 0.5264423076923077 0.1658653846153846 0.11057692307692307
0 0.02403846153846154 0.515625 0.04807692307692308 0.09375
2 0.5721153846153846 0.5637019230769231 0.15144230769230768 0.10576923076923077
0 0.10336538461538461 0.5384615384615384 0.13942307692307693 0.10336538461538461
2 0.18870192307692307 0.6021634615384616 0.15384615384615385 0.1201923076923077
0 0.71875 0.6514423076923077 0.17548076923076922 0.11538461538461539
2 0.45913461538461536 0.640625 0.15865384615384615 0.11298076923076923
0 0.02283653846153846 0.6057692307692307 0.04567307692307692 0.11057692307692307
0 0.27283653846153844 0.6766826923076923 0.15865384615384615 0.12259615384615384
2 0.5540865384615384 0.7367788461538461 0.19230769230769232 0.14423076923076922