0 0.515625 0.7932692307692307 0.0889423076923077 0.04807692307692308
1 0.6201923076923077 0.7884615384615384 0.11057692307692307 0.052884615384615384
1 0.3233173076923077 0.7692307692307693 0.10576923076923077 0.057692307692307696
1 0.4206730769230769 0.765625 0.10096153846153846 0.04807692307692308
1 0.5324519230769231 0.7512019230769231 0.11298076923076923 0.052884615384615384
0 0.6442307692307693 0.7391826923076923 0.09375 0.04807692307692308
2 0.7379807692307693 0.7235576923076923 0.10096153846153846 0.05048076923076923
0 0.23557692307692307 0.7223557692307693 0.09375 0.052884615384615384
1 0.4423076923076923 0.7223557692307693 0.11538461538461539 0.057692307692307696
1 0.32572115384615385 0.7199519230769231 0.11778846153846154 0.057692307692307696
2 0.5324519230769231 0.6959134615384616 0.10576923076923077 0.057692307692307696
1 0.15144230769230768 0.6862980769230769 0.11538461538461539 0.06971153846153846
2 0.6658653846153846 0.6790865384615384 0.10576923076923077 0.06009615384615385
2 0.8221153846153846 0.6754807692307693 0.10576923076923077 0.0625
2 0.4254807692307692 0.6670673076923077 0.11298076923076923 0.057692307692307696
1 0.3137019230769231 0.6646634615384616 0.11538461538461539 0.0625
1 0.05048076923076923 0.6490384615384616 0.10096153846153846 0.07211538461538461
0 0.546875 0.6442307692307693 0.10096153846153846 0.057692307692307696
0 0.20192307692307693 0.6454326923076923 0.10576923076923077 0.055288461538461536
2 0.75 0.6322115384615384 0.11778846153846154 0.06009615384615385
2 0.6382211538461539 0.6177884615384616 0.1201923076923077 0.0673076923076923
0 0.27524038461538464 0.6069711538461539 0.10576923076923077 0.0625
1 0.41586538461538464 0.6069711538461539 0.1201923076923077 0.07211538461538461
0 0.8557692307692307 0.6069711538461539 0.1201923076923077 0.0625
0 0.5168269230769231 0.5817307692307693 0.11298076923076923 0.0625
1 0.17067307692307693 0.578125 0.1201923076923077 0.07692307692307693
0 0.7632211538461539 0.5685096153846154 0.11778846153846154 0.0673076923076923
2 0.31850961538461536 0.5600961538461539 0.11298076923076923 0.0625
0 0.6237980769230769 0.5588942307692307 0.11778846153846154 0.07211538461538461
1 0.052884615384615384 0.5552884615384616 0.10576923076923077 0.08413461538461539
2 0.9086538461538461 0.5444711538461539 0.1466346153846154 0.07692307692307693
1 0.42427884615384615 0.5336538461538461 0.1346153846153846 0.08413461538461539
0 0.1045673076923077 0.5120192307692307 0.125 0.07211538461538461
0 0.8100961538461539 0.5024038461538461 0.12980769230769232 0.07692307692307693
2 0.6826923076923077 0.5 0.1346153846153846 0.08413461538461539
1 0.2439903846153846 0.49399038461538464 0.12980769230769232 0.09134615384615384
0 0.48677884615384615 0.46634615384615385 0.1201923076923077 0.08413461538461539
2 0.9290865384615384 0.4579326923076923 0.14182692307692307 0.09375
1 0.3557692307692308 0.4543269230769231 0.15144230769230768 0.09134615384615384
0 0.052884615384615384 0.43990384615384615 0.10576923076923077 0.08413461538461539
2 0.6045673076923077 0.43990384615384615 0.1346153846153846 0.0889423076923077
0 0.15985576923076922 0.4254807692307692 0.125 0.08653846153846154
2 0.24639423076923078 0.37259615384615385 0.1346153846153846 0.10096153846153846
0 0.75 0.36899038461538464 0.15865384615384615 0.09375
2 0.5036057692307693 0.3581730769230769 0.14423076923076922 0.09375
0 0.054086538461538464 0.35336538461538464 0.10576923076923077 0.10096153846153846
0 0.3329326923076923 0.3088942307692308 0.14182692307692307 0.10576923076923077
2 0.6021634615384616 0.2764423076923077 0.17307692307692307 0.12259615384615384