0 0.46153846153846156 0.2764423076923077 0.09134615384615384 0.052884615384615384
1 0.359375 0.2764423076923077 0.11298076923076923 0.057692307692307696
1 0.65625 0.3112980769230769 0.11057692307692307 0.0625
1 0.5552884615384616 0.30649038461538464 0.10336538461538461 0.055288461538461536
1 0.4423076923076923 0.3173076923076923 0.11538461538461539 0.057692307692307696
0 0.3317307692307692 0.3233173076923077 0.0985576923076923 0.055288461538461536
2 0.234375 0.3317307692307692 0.10336538461538461 0.055288461538461536
0 0.7415865384615384 0.359375 0.0985576923076923 0.057692307692307696
1 0.5348557692307693 0.35096153846153844 0.11778846153846154 0.0625
1 0.6478365384615384 0.35697115384615385 0.12259615384615384 0.06490384615384616
2 0.4387019230769231 0.37259615384615385 0.11057692307692307 0.0625
1 0.8245192307692307 0.4014423076923077 0.11778846153846154 0.07211538461538461
2 0.30528846153846156 0.38221153846153844 0.11057692307692307 0.06490384615384616
2 0.14783653846153846 0.3798076923076923 0.10817307692307693 0.0673076923076923
2 0.5480769230769231 0.4074519230769231 0.11538461538461539 0.0625
1 0.6574519230769231 0.41586538461538464 0.11778846153846154 0.0673076923076923
1 0.9302884615384616 0.4483173076923077 0.125 0.07932692307692307
0 0.421875 0.4230769230769231 0.10336538461538461 0.0625
0 0.7692307692307693 0.4423076923076923 0.10817307692307693 0.06009615384615385
2 0.22115384615384615 0.42427884615384615 0.12259615384615384 0.0673076923076923
2 0.3317307692307692 0.44471153846153844 0.12259615384615384 0.07451923076923077
0 0.6935096153846154 0.4723557692307692 0.10817307692307693 0.0673076923076923
1 0.5528846153846154 0.4651442307692308 0.125 0.07932692307692307
0 0.11057692307692307 0.44591346153846156 0.12259615384615384 0.06971153846153846
0 0.4495192307692308 0.48677884615384615 0.11538461538461539 0.0673076923076923
1 0.8004807692307693 0.5108173076923077 0.125 0.08653846153846154
0 0.20072115384615385 0.48677884615384615 0.12259615384615384 0.07451923076923077
2 0.6478365384615384 0.5180288461538461 0.11538461538461539 0.0673076923076923
0 0.34375 0.5036057692307693 0.125 0.07932692307692307
1 0.9290865384615384 0.5384615384615384 0.14182692307692307 0.09134615384615384
2 0.06490384615384616 0.5024038461538461 0.12980769230769232 0.08653846153846154
1 0.5396634615384616 0.5420673076923077 0.14182692307692307 0.09134615384615384
0 0.8617788461538461 0.5805288461538461 0.12740384615384615 0.07932692307692307
0 0.15264423076923078 0.5528846153846154 0.1346153846153846 0.08653846153846154
2 0.2800480769230769 0.5588942307692307 0.14182692307692307 0.09134615384615384
1 0.7211538461538461 0.5901442307692307 0.1346153846153846 0.0985576923076923
0 0.4723557692307692 0.6045673076923077 0.125 0.09134615384615384
2 0.052884615384615384 0.5889423076923077 0.10576923076923077 0.10096153846153846
1 0.6045673076923077 0.6225961538461539 0.15865384615384615 0.0985576923076923
0 0.9170673076923077 0.6526442307692307 0.125 0.09134615384615384
2 0.3557692307692308 0.6274038461538461 0.14182692307692307 0.09615384615384616
0 0.7992788461538461 0.6622596153846154 0.12980769230769232 0.09375
2 0.7103365384615384 0.7115384615384616 0.14182692307692307 0.11057692307692307
0 0.20673076923076922 0.6875 0.1658653846153846 0.10336538461538461
2 0.453125 0.7139423076923077 0.14903846153846154 0.10336538461538461
0 0.9182692307692307 0.7403846153846154 0.14423076923076922 0.10817307692307693
0 0.6225961538461539 0.7704326923076923 0.1466346153846154 0.11298076923076923
2 0.34975961538461536 0.7920673076923077 0.18028846153846154 0.1346153846153846