0 0.46153846153846156 0.24158653846153846 0.08653846153846154 0.04807692307692308
1 0.36538461538461536 0.24158653846153846 0.10576923076923077 0.052884615384615384
1 0.6442307692307693 0.27283653846153844 0.10336538461538461 0.057692307692307696
1 0.5504807692307693 0.2692307692307692 0.0985576923076923 0.052884615384615384
1 0.44350961538461536 0.2800480769230769 0.10817307692307693 0.052884615384615384
0 0.34134615384615385 0.2860576923076923 0.09134615384615384 0.052884615384615384
2 0.25 0.2932692307692308 0.09615384615384616 0.052884615384615384
0 0.7235576923076923 0.31971153846153844 0.09134615384615384 0.052884615384615384
1 0.5288461538461539 0.3112980769230769 0.11057692307692307 0.057692307692307696
1 0.6370192307692307 0.3173076923076923 0.11298076923076923 0.057692307692307696
2 0.4411057692307692 0.3317307692307692 0.10336538461538461 0.057692307692307696
1 0.8016826923076923 0.3581730769230769 0.11057692307692307 0.0673076923076923
2 0.31490384615384615 0.34134615384615385 0.10336538461538461 0.0625
2 0.16826923076923078 0.33653846153846156 0.10096153846153846 0.0625
2 0.5432692307692307 0.3641826923076923 0.10817307692307693 0.057692307692307696
1 0.6454326923076923 0.3713942307692308 0.11057692307692307 0.0625
1 0.9002403846153846 0.4014423076923077 0.11538461538461539 0.07211538461538461
0 0.42427884615384615 0.3786057692307692 0.09615384615384616 0.057692307692307696
0 0.75 0.39663461538461536 0.10096153846153846 0.057692307692307696
2 0.23677884615384615 0.3786057692307692 0.11298076923076923 0.0625
2 0.3401442307692308 0.39783653846153844 0.11538461538461539 0.0673076923076923
0 0.6778846153846154 0.4254807692307692 0.10096153846153846 0.0625
1 0.546875 0.4182692307692308 0.11538461538461539 0.07211538461538461
0 0.13341346153846154 0.39903846153846156 0.11538461538461539 0.0625
0 0.45072115384615385 0.4387019230769231 0.10817307692307693 0.0625
1 0.7788461538461539 0.46033653846153844 0.11778846153846154 0.07692307692307693
0 0.21754807692307693 0.4387019230769231 0.11298076923076923 0.0673076923076923
2 0.6370192307692307 0.4675480769230769 0.10817307692307693 0.0625
0 0.35096153846153844 0.453125 0.11298076923076923 0.07211538461538461
1 0.9002403846153846 0.4855769230769231 0.1346153846153846 0.08653846153846154
2 0.08173076923076923 0.4543269230769231 0.14182692307692307 0.07932692307692307
1 0.5348557692307693 0.49038461538461536 0.1346153846153846 0.08653846153846154
0 0.8365384615384616 0.5264423076923077 0.1201923076923077 0.07451923076923077
0 0.17307692307692307 0.5 0.125 0.07932692307692307
2 0.2932692307692308 0.5060096153846154 0.1346153846153846 0.08653846153846154
1 0.7055288461538461 0.5336538461538461 0.12740384615384615 0.09375
0 0.4735576923076923 0.5480769230769231 0.11778846153846154 0.08413461538461539
2 0.06370192307692307 0.5336538461538461 0.12740384615384615 0.09615384615384616
1 0.5949519230769231 0.5649038461538461 0.14903846153846154 0.09375
0 0.8870192307692307 0.59375 0.11778846153846154 0.08413461538461539
2 0.3629807692307692 0.5697115384615384 0.1346153846153846 0.09134615384615384
0 0.7788461538461539 0.6021634615384616 0.12259615384615384 0.0889423076923077
2 0.6947115384615384 0.6502403846153846 0.1346153846153846 0.10336538461538461
0 0.22355769230769232 0.6262019230769231 0.15384615384615385 0.09615384615384616
2 0.453125 0.6502403846153846 0.13942307692307693 0.09615384615384616
0 0.8894230769230769 0.6754807692307693 0.1346153846153846 0.10096153846153846
0 0.6117788461538461 0.703125 0.13942307692307693 0.10576923076923077
2 0.35697115384615385 0.7235576923076923 0.16826923076923078 0.12259615384615384