0 0.5204326923076923 0.2512019230769231 0.09134615384615384 0.05048076923076923
1 0.6262019230769231 0.2536057692307692 0.11298076923076923 0.057692307692307696
1 0.328125 0.2824519230769231 0.11057692307692307 0.0625
1 0.4254807692307692 0.2824519230769231 0.10336538461538461 0.052884615384615384
1 0.5384615384615384 0.2932692307692308 0.11538461538461539 0.057692307692307696
0 0.6502403846153846 0.3016826923076923 0.0985576923076923 0.052884615384615384
2 0.7463942307692307 0.3137019230769231 0.10336538461538461 0.052884615384615384
0 0.24158653846153846 0.3317307692307692 0.0985576923076923 0.055288461538461536
1 0.4495192307692308 0.3245192307692308 0.11778846153846154 0.0625
1 0.3317307692307692 0.3317307692307692 0.12259615384615384 0.0625
2 0.5408653846153846 0.3485576923076923 0.11057692307692307 0.0625
1 0.15865384615384615 0.37259615384615385 0.11778846153846154 0.07211538461538461
2 0.6754807692307693 0.3605769230769231 0.11057692307692307 0.06490384615384616
2 0.8317307692307693 0.359375 0.10817307692307693 0.0673076923076923
2 0.43509615384615385 0.38100961538461536 0.11538461538461539 0.0625
1 0.32211538461538464 0.3870192307692308 0.11778846153846154 0.0673076923076923
1 0.055288461538461536 0.41346153846153844 0.11057692307692307 0.07692307692307693
0 0.5564903846153846 0.40024038461538464 0.10336538461538461 0.06009615384615385
0 0.2091346153846154 0.4110576923076923 0.10817307692307693 0.06009615384615385
2 0.7608173076923077 0.4050480769230769 0.12259615384615384 0.06490384615384616
2 0.6502403846153846 0.42427884615384615 0.12259615384615384 0.07211538461538461
0 0.2848557692307692 0.44711538461538464 0.10817307692307693 0.0673076923076923
1 0.4266826923076923 0.4423076923076923 0.12259615384615384 0.07692307692307693
0 0.8689903846153846 0.4266826923076923 0.12259615384615384 0.0673076923076923
0 0.5288461538461539 0.4651442307692308 0.11538461538461539 0.0673076923076923
1 0.18028846153846154 0.4795673076923077 0.12259615384615384 0.08413461538461539
0 0.7764423076923077 0.46875 0.12259615384615384 0.07211538461538461
2 0.33052884615384615 0.49278846153846156 0.11538461538461539 0.0673076923076923
0 0.6382211538461539 0.4831730769230769 0.12259615384615384 0.07692307692307693
1 0.057692307692307696 0.5060096153846154 0.11538461538461539 0.0889423076923077
2 0.9242788461538461 0.4879807692307692 0.15144230769230768 0.08413461538461539
1 0.4362980769230769 0.515625 0.13942307692307693 0.0889423076923077
0 0.11658653846153846 0.5492788461538461 0.12740384615384615 0.07692307692307693
0 0.8257211538461539 0.5336538461538461 0.13221153846153846 0.08413461538461539
2 0.6983173076923077 0.5396634615384616 0.13942307692307693 0.0889423076923077
1 0.25721153846153844 0.5625 0.13221153846153846 0.09615384615384616
0 0.5024038461538461 0.5817307692307693 0.12259615384615384 0.0889423076923077
2 0.9375 0.5721153846153846 0.125 0.10096153846153846
1 0.37259615384615385 0.5985576923076923 0.15625 0.09615384615384616
0 0.06129807692307692 0.6237980769230769 0.11778846153846154 0.0889423076923077
2 0.6225961538461539 0.6033653846153846 0.13942307692307693 0.09375
0 0.17548076923076922 0.6346153846153846 0.12740384615384615 0.09134615384615384
2 0.2644230769230769 0.6838942307692307 0.13942307692307693 0.10817307692307693
0 0.7704326923076923 0.6694711538461539 0.16346153846153846 0.10096153846153846
2 0.5240384615384616 0.6887019230769231 0.1466346153846154 0.10096153846153846
0 0.06610576923076923 0.7091346153846154 0.1201923076923077 0.10336538461538461
0 0.35336538461538464 0.7439903846153846 0.14423076923076922 0.11057692307692307
2 0.625 0.7692307692307693 0.1778846153846154 0.12980769230769232