0 0.25841346153846156 0.5276442307692307 0.04567307692307692 0.08653846153846154
1 0.26322115384615385 0.6262019230769231 0.05048076923076923 0.10576923076923077
1 0.28125 0.3401442307692308 0.055288461538461536 0.10336538461538461
1 0.2824519230769231 0.4362980769230769 0.04807692307692308 0.0985576923076923
1 0.29927884615384615 0.5444711538461539 0.05048076923076923 0.10817307692307693
0 0.31009615384615385 0.6478365384615384 0.04807692307692308 0.09134615384615384
2 0.3233173076923077 0.7415865384615384 0.04807692307692308 0.09615384615384616
0 0.3245192307692308 0.25600961538461536 0.05048076923076923 0.09134615384615384
1 0.3269230769230769 0.4543269230769231 0.055288461538461536 0.11057692307692307
1 0.3269230769230769 0.3449519230769231 0.055288461538461536 0.11298076923076923
2 0.35216346153846156 0.5444711538461539 0.055288461538461536 0.10336538461538461
1 0.359375 0.17548076923076922 0.06490384615384616 0.11057692307692307
2 0.36778846153846156 0.671875 0.057692307692307696 0.10336538461538461
2 0.3713942307692308 0.8221153846153846 0.06009615384615385 0.10096153846153846
2 0.3798076923076923 0.4387019230769231 0.055288461538461536 0.10817307692307693
1 0.38221153846153844 0.33413461538461536 0.06009615384615385 0.11057692307692307
1 0.39783653846153844 0.0733173076923077 0.0673076923076923 0.11538461538461539
0 0.39903846153846156 0.5576923076923077 0.055288461538461536 0.09615384615384616
0 0.40024038461538464 0.22596153846153846 0.052884615384615384 0.10096153846153846
2 0.4110576923076923 0.75 0.057692307692307696 0.11298076923076923
2 0.42427884615384615 0.6430288461538461 0.06490384615384616 0.11538461538461539
0 0.43509615384615385 0.296875 0.06009615384615385 0.10096153846153846
1 0.43509615384615385 0.4326923076923077 0.07211538461538461 0.11538461538461539
0 0.4375 0.8545673076923077 0.06009615384615385 0.11538461538461539
0 0.46033653846153844 0.5288461538461539 0.06009615384615385 0.10817307692307693
1 0.4651442307692308 0.1935096153846154 0.07692307692307693 0.11538461538461539
0 0.4723557692307692 0.765625 0.06490384615384616 0.11298076923076923
2 0.4795673076923077 0.33774038461538464 0.06009615384615385 0.10817307692307693
0 0.4807692307692308 0.6298076923076923 0.0673076923076923 0.11298076923076923
1 0.484375 0.0673076923076923 0.08173076923076923 0.12980769230769232
2 0.4951923076923077 0.9050480769230769 0.07692307692307693 0.13942307692307693
1 0.5072115384615384 0.43990384615384615 0.08173076923076923 0.12980769230769232
0 0.5288461538461539 0.1310096153846154 0.0673076923076923 0.1201923076923077
0 0.5372596153846154 0.8076923076923077 0.07692307692307693 0.12259615384615384
2 0.5372596153846154 0.6862980769230769 0.08173076923076923 0.12980769230769232
1 0.5444711538461539 0.26322115384615385 0.0889423076923077 0.125
0 0.5709134615384616 0.5 0.08173076923076923 0.11538461538461539
2 0.578125 0.9266826923076923 0.0889423076923077 0.14423076923076922
1 0.5817307692307693 0.3737980769230769 0.08653846153846154 0.14423076923076922
0 0.5949519230769231 0.07572115384615384 0.08173076923076923 0.11538461538461539
2 0.5985576923076923 0.6105769230769231 0.08653846153846154 0.12980769230769232
0 0.609375 0.18629807692307693 0.08413461538461539 0.1201923076923077
2 0.6622596153846154 0.2692307692307692 0.0985576923076923 0.12980769230769232
0 0.6634615384615384 0.75 0.09134615384615384 0.15384615384615385
2 0.6754807692307693 0.5132211538461539 0.09134615384615384 0.13942307692307693
0 0.6778846153846154 0.06850961538461539 0.09615384615384616 0.1346153846153846
0 0.7211538461538461 0.34975961538461536 0.10096153846153846 0.1346153846153846
2 0.7548076923076923 0.6081730769230769 0.11778846153846154 0.1658653846153846