0 0.5733173076923077 0.7848557692307693 0.09615384615384616 0.05048076923076923
1 0.6826923076923077 0.7836538461538461 0.11778846153846154 0.06009615384615385
1 0.37259615384615385 0.7536057692307693 0.11538461538461539 0.06490384615384616
1 0.4735576923076923 0.7560096153846154 0.11057692307692307 0.057692307692307696
1 0.5913461538461539 0.7427884615384616 0.1201923076923077 0.06009615384615385
0 0.7091346153846154 0.734375 0.10096153846153846 0.055288461538461536
2 0.8088942307692307 0.7235576923076923 0.10817307692307693 0.057692307692307696
0 0.28125 0.7043269230769231 0.10096153846153846 0.057692307692307696
1 0.4987980769230769 0.7091346153846154 0.12259615384615384 0.06490384615384616
1 0.3762019230769231 0.7055288461538461 0.12740384615384615 0.06490384615384616
2 0.59375 0.6850961538461539 0.11538461538461539 0.06490384615384616
1 0.19471153846153846 0.6622596153846154 0.125 0.07692307692307693
2 0.734375 0.671875 0.11538461538461539 0.0673076923076923
2 0.8978365384615384 0.6742788461538461 0.11298076923076923 0.07211538461538461
2 0.4831730769230769 0.6514423076923077 0.1201923076923077 0.06490384615384616
1 0.36658653846153844 0.6430288461538461 0.12259615384615384 0.07211538461538461
1 0.08052884615384616 0.6165865384615384 0.12740384615384615 0.07932692307692307
0 0.6105769230769231 0.6322115384615384 0.10817307692307693 0.06490384615384616
0 0.24759615384615385 0.6189903846153846 0.11298076923076923 0.0625
2 0.8233173076923077 0.6274038461538461 0.12740384615384615 0.06971153846153846
2 0.7079326923076923 0.609375 0.12740384615384615 0.07692307692307693
0 0.32572115384615385 0.5841346153846154 0.11298076923076923 0.07211538461538461
1 0.47475961538461536 0.5889423076923077 0.12740384615384615 0.08173076923076923
0 0.9338942307692307 0.6021634615384616 0.12740384615384615 0.07211538461538461
0 0.5817307692307693 0.5661057692307693 0.1201923076923077 0.07211538461538461
1 0.21754807692307693 0.5480769230769231 0.12740384615384615 0.0889423076923077
0 0.8401442307692307 0.5612980769230769 0.12740384615384615 0.07692307692307693
2 0.3737980769230769 0.5360576923076923 0.1201923076923077 0.07211538461538461
0 0.6947115384615384 0.546875 0.12740384615384615 0.07932692307692307
1 0.078125 0.5216346153846154 0.1466346153846154 0.09134615384615384
2 0.9567307692307693 0.5396634615384616 0.08653846153846154 0.08413461538461539
1 0.48677884615384615 0.5108173076923077 0.1466346153846154 0.09134615384615384
0 0.15264423076923078 0.47596153846153844 0.1346153846153846 0.07932692307692307
0 0.8918269230769231 0.49158653846153844 0.13701923076923078 0.08653846153846154
2 0.7584134615384616 0.4879807692307692 0.1466346153846154 0.09375
1 0.2980769230769231 0.4639423076923077 0.13942307692307693 0.10096153846153846
0 0.5540865384615384 0.44471153846153844 0.12740384615384615 0.09134615384615384
2 0.9711538461538461 0.4495192307692308 0.057692307692307696 0.10096153846153846
1 0.4170673076923077 0.42788461538461536 0.16105769230769232 0.10096153846153846
0 0.09134615384615384 0.40024038461538464 0.12980769230769232 0.09134615384615384
2 0.6778846153846154 0.4182692307692308 0.1466346153846154 0.0985576923076923
0 0.2127403846153846 0.390625 0.1346153846153846 0.09615384615384616
2 0.30528846153846156 0.33533653846153844 0.1466346153846154 0.11057692307692307
0 0.8329326923076923 0.35216346153846156 0.17067307692307693 0.10336538461538461
2 0.5757211538461539 0.3293269230769231 0.15384615384615385 0.10336538461538461
0 0.08653846153846154 0.31009615384615385 0.14903846153846154 0.11057692307692307
0 0.39903846153846156 0.27403846153846156 0.15384615384615385 0.11538461538461539
2 0.6814903846153846 0.24639423076923078 0.1875 0.13701923076923078