0 0.5288461538461539 0.2548076923076923 0.08413461538461539 0.04807692307692308
1 0.6262019230769231 0.2548076923076923 0.10576923076923077 0.052884615384615384
1 0.35096153846153844 0.2860576923076923 0.10336538461538461 0.057692307692307696
1 0.4411057692307692 0.2860576923076923 0.0985576923076923 0.052884615384615384
1 0.546875 0.29447115384615385 0.10817307692307693 0.052884615384615384
0 0.6514423076923077 0.29927884615384615 0.0889423076923077 0.052884615384615384
2 0.7403846153846154 0.3088942307692308 0.09375 0.052884615384615384
0 0.2704326923076923 0.33533653846153844 0.0889423076923077 0.052884615384615384
1 0.4639423076923077 0.3245192307692308 0.11057692307692307 0.057692307692307696
1 0.3557692307692308 0.3329326923076923 0.11298076923076923 0.057692307692307696
2 0.5492788461538461 0.34615384615384615 0.10336538461538461 0.057692307692307696
1 0.1935096153846154 0.3737980769230769 0.11057692307692307 0.0673076923076923
2 0.6754807692307693 0.3545673076923077 0.10336538461538461 0.0625
2 0.8209134615384616 0.35096153846153844 0.10096153846153846 0.0625
2 0.45072115384615385 0.37740384615384615 0.10817307692307693 0.057692307692307696
1 0.3473557692307692 0.3858173076923077 0.11057692307692307 0.0625
1 0.09375 0.41466346153846156 0.11538461538461539 0.07211538461538461
0 0.5649038461538461 0.39302884615384615 0.09375 0.057692307692307696
0 0.24278846153846154 0.40865384615384615 0.10096153846153846 0.057692307692307696
2 0.7560096153846154 0.3954326923076923 0.11298076923076923 0.0625
2 0.6526442307692307 0.41346153846153844 0.11538461538461539 0.0673076923076923
0 0.3125 0.4411057692307692 0.10096153846153846 0.0625
1 0.44471153846153844 0.4338942307692308 0.11538461538461539 0.07211538461538461
0 0.8569711538461539 0.41225961538461536 0.11538461538461539 0.0625
0 0.5408653846153846 0.453125 0.10817307692307693 0.0625
1 0.21514423076923078 0.4723557692307692 0.11778846153846154 0.07692307692307693
0 0.7704326923076923 0.453125 0.11298076923076923 0.0673076923076923
2 0.3557692307692308 0.4831730769230769 0.10817307692307693 0.0625
0 0.6418269230769231 0.4699519230769231 0.11298076923076923 0.07211538461538461
1 0.09254807692307693 0.5024038461538461 0.13221153846153846 0.08413461538461539
2 0.9086538461538461 0.46875 0.13942307692307693 0.07932692307692307
1 0.45552884615384615 0.5024038461538461 0.13221153846153846 0.08413461538461539
0 0.15865384615384615 0.5384615384615384 0.1201923076923077 0.07451923076923077
0 0.8185096153846154 0.5120192307692307 0.125 0.07932692307692307
2 0.6995192307692307 0.5216346153846154 0.13221153846153846 0.08413461538461539
1 0.28966346153846156 0.5492788461538461 0.12740384615384615 0.09375
0 0.5180288461538461 0.5625 0.11778846153846154 0.08173076923076923
2 0.9314903846153846 0.546875 0.13701923076923078 0.09375
1 0.3954326923076923 0.5805288461538461 0.1466346153846154 0.09375
0 0.10576923076923077 0.6081730769230769 0.11778846153846154 0.08173076923076923
2 0.6298076923076923 0.5805288461538461 0.13221153846153846 0.0889423076923077
0 0.21394230769230768 0.6177884615384616 0.12259615384615384 0.0889423076923077
2 0.2980769230769231 0.6610576923076923 0.13221153846153846 0.10336538461538461
0 0.7680288461538461 0.6394230769230769 0.15384615384615385 0.09615384615384616
2 0.5384615384615384 0.6634615384615384 0.13942307692307693 0.09375
0 0.1045673076923077 0.6899038461538461 0.1346153846153846 0.0985576923076923
0 0.38100961538461536 0.7163461538461539 0.13701923076923078 0.10576923076923077
2 0.6346153846153846 0.734375 0.16826923076923078 0.12259615384615384