0 0.44591346153846156 0.2608173076923077 0.09615384615384616 0.055288461538461536
1 0.3401442307692308 0.27524038461538464 0.1201923076923077 0.0625
1 0.6514423076923077 0.2668269230769231 0.11538461538461539 0.06971153846153846
1 0.5480769230769231 0.2776442307692308 0.11057692307692307 0.0625
1 0.4326923076923077 0.30528846153846156 0.12259615384615384 0.0625
0 0.32091346153846156 0.3269230769230769 0.10336538461538461 0.06009615384615385
2 0.21995192307692307 0.35096153846153844 0.10817307692307693 0.0625
0 0.7463942307692307 0.30649038461538464 0.10336538461538461 0.06009615384615385
1 0.5324519230769231 0.3269230769230769 0.125 0.06971153846153846
1 0.6502403846153846 0.3173076923076923 0.12740384615384615 0.06971153846153846
2 0.4375 0.3629807692307692 0.11538461538461539 0.06971153846153846
1 0.8365384615384616 0.33653846153846156 0.125 0.08173076923076923
2 0.3004807692307692 0.39302884615384615 0.11538461538461539 0.07211538461538461
2 0.13822115384615385 0.4110576923076923 0.11538461538461539 0.07692307692307693
2 0.5540865384615384 0.38341346153846156 0.12259615384615384 0.06971153846153846
1 0.6682692307692307 0.375 0.125 0.07692307692307693
1 0.9399038461538461 0.3701923076923077 0.10576923076923077 0.08173076923076923
0 0.4266826923076923 0.41586538461538464 0.10817307692307693 0.06971153846153846
0 0.7872596153846154 0.3858173076923077 0.11538461538461539 0.0673076923076923
2 0.21995192307692307 0.44591346153846156 0.12740384615384615 0.07211538461538461
2 0.33653846153846156 0.4519230769230769 0.12980769230769232 0.08173076923076923
0 0.7139423076923077 0.42908653846153844 0.11538461538461539 0.07692307692307693
1 0.5661057692307693 0.4423076923076923 0.13221153846153846 0.08653846153846154
0 0.109375 0.484375 0.12980769230769232 0.07692307692307693
0 0.4639423076923077 0.4795673076923077 0.12259615384615384 0.07692307692307693
1 0.828125 0.4519230769230769 0.13221153846153846 0.09134615384615384
0 0.2091346153846154 0.5144230769230769 0.12740384615384615 0.08173076923076923
2 0.671875 0.48197115384615385 0.12259615384615384 0.07692307692307693
0 0.35697115384615385 0.5108173076923077 0.12740384615384615 0.08173076923076923
1 0.9459134615384616 0.46153846153846156 0.10817307692307693 0.09615384615384616
2 0.06971153846153846 0.5492788461538461 0.13942307692307693 0.09375
1 0.5649038461538461 0.5216346153846154 0.14903846153846154 0.0985576923076923
0 0.9014423076923077 0.515625 0.1346153846153846 0.08413461538461539
0 0.16826923076923078 0.5889423076923077 0.14182692307692307 0.09375
2 0.3016826923076923 0.578125 0.14903846153846154 0.0985576923076923
1 0.7584134615384616 0.5444711538461539 0.14423076923076922 0.10817307692307693
0 0.5060096153846154 0.5961538461538461 0.13221153846153846 0.09615384615384616
2 0.0673076923076923 0.6418269230769231 0.11778846153846154 0.10817307692307693
1 0.6418269230769231 0.5961538461538461 0.1658653846153846 0.11057692307692307
0 0.9507211538461539 0.5817307692307693 0.0985576923076923 0.09615384615384616
2 0.3894230769230769 0.6358173076923077 0.14903846153846154 0.10336538461538461
0 0.8497596153846154 0.6081730769230769 0.13701923076923078 0.10336538461538461
2 0.7644230769230769 0.6730769230769231 0.15144230769230768 0.11778846153846154
0 0.2439903846153846 0.7199519230769231 0.17548076923076922 0.11298076923076923
2 0.5 0.7115384615384616 0.15625 0.11057692307692307
0 0.9519230769230769 0.671875 0.09615384615384616 0.11298076923076923
0 0.6826923076923077 0.7439903846153846 0.15865384615384615 0.12259615384615384
2 0.40625 0.8064903846153846 0.18990384615384615 0.14423076923076922