0 0.19831730769230768 0.5084134615384616 0.05048076923076923 0.09375
1 0.20072115384615385 0.6189903846153846 0.057692307692307696 0.11538461538461539
1 0.22596153846153846 0.30649038461538464 0.0625 0.11298076923076923
1 0.2283653846153846 0.40865384615384615 0.055288461538461536 0.10576923076923077
1 0.24158653846153846 0.5264423076923077 0.057692307692307696 0.11778846153846154
0 0.2512019230769231 0.6430288461538461 0.055288461538461536 0.0985576923076923
2 0.265625 0.7439903846153846 0.055288461538461536 0.10576923076923077
0 0.2764423076923077 0.21634615384615385 0.057692307692307696 0.0985576923076923
1 0.27283653846153844 0.4326923076923077 0.0625 0.1201923076923077
1 0.27884615384615385 0.3112980769230769 0.0625 0.125
2 0.29927884615384615 0.5276442307692307 0.0625 0.11298076923076923
1 0.3161057692307692 0.12860576923076922 0.07451923076923077 0.12259615384615384
2 0.31490384615384615 0.6682692307692307 0.06490384615384616 0.11298076923076923
2 0.31490384615384615 0.8317307692307693 0.06971153846153846 0.11057692307692307
2 0.33052884615384615 0.4170673076923077 0.0625 0.11778846153846154
1 0.33653846153846156 0.29927884615384615 0.06971153846153846 0.1201923076923077
1 0.3581730769230769 0.038461538461538464 0.07692307692307693 0.07692307692307693
0 0.35336538461538464 0.5444711538461539 0.0625 0.10576923076923077
0 0.359375 0.1814903846153846 0.06009615384615385 0.11057692307692307
2 0.36177884615384615 0.7572115384615384 0.06490384615384616 0.125
2 0.3798076923076923 0.640625 0.07451923076923077 0.12740384615384615
0 0.39663461538461536 0.25841346153846156 0.06971153846153846 0.11057692307692307
1 0.3942307692307692 0.4074519230769231 0.07932692307692307 0.12740384615384615
0 0.3870192307692308 0.8689903846153846 0.06971153846153846 0.125
0 0.4206730769230769 0.5144230769230769 0.06971153846153846 0.11778846153846154
1 0.42908653846153844 0.1502403846153846 0.08413461538461539 0.12740384615384615
0 0.42908653846153844 0.7716346153846154 0.07451923076923077 0.12740384615384615
2 0.44591346153846156 0.30528846153846156 0.06971153846153846 0.11778846153846154
0 0.4411057692307692 0.6262019230769231 0.07692307692307693 0.12740384615384615
1 0.45552884615384615 0.040865384615384616 0.0889423076923077 0.08173076923076923
2 0.4519230769230769 0.9230769230769231 0.08413461538461539 0.15384615384615385
1 0.47115384615384615 0.4170673076923077 0.0889423076923077 0.1466346153846154
0 0.5 0.0829326923076923 0.07692307692307693 0.1346153846153846
0 0.4963942307692308 0.8233173076923077 0.08413461538461539 0.13701923076923078
2 0.5024038461538461 0.6899038461538461 0.0889423076923077 0.1466346153846154
1 0.5168269230769231 0.2283653846153846 0.0985576923076923 0.13942307692307693
0 0.5408653846153846 0.484375 0.0889423076923077 0.12740384615384615
2 0.5408653846153846 0.9362980769230769 0.10096153846153846 0.12740384615384615
1 0.5564903846153846 0.3473557692307692 0.0985576923076923 0.16105769230769232
0 0.5757211538461539 0.042067307692307696 0.0889423076923077 0.08413461538461539
2 0.5661057692307693 0.6081730769230769 0.09615384615384616 0.1466346153846154
0 0.5901442307692307 0.14182692307692307 0.09375 0.1346153846153846
2 0.6430288461538461 0.23317307692307693 0.10817307692307693 0.1466346153846154
0 0.6382211538461539 0.7620192307692307 0.10096153846153846 0.17067307692307693
2 0.6538461538461539 0.5036057692307693 0.10096153846153846 0.15384615384615385
0 0.6670673076923077 0.04447115384615385 0.10817307692307693 0.08653846153846154
0 0.7091346153846154 0.3245192307692308 0.11298076923076923 0.15144230769230768
2 0.7379807692307693 0.6081730769230769 0.13221153846153846 0.18509615384615385