0 0.21394230769230768 0.5 0.06009615384615385 0.09615384615384616
1 0.20432692307692307 0.6057692307692307 0.0673076923076923 0.11778846153846154
1 0.2644230769230769 0.31009615384615385 0.07211538461538461 0.11538461538461539
1 0.25600961538461536 0.40865384615384615 0.06490384615384616 0.11057692307692307
1 0.2536057692307692 0.5228365384615384 0.0673076923076923 0.12259615384615384
0 0.25 0.6358173076923077 0.0625 0.10336538461538461
2 0.25240384615384615 0.7319711538461539 0.06490384615384616 0.10817307692307693
0 0.3245192307692308 0.22956730769230768 0.06490384615384616 0.10336538461538461
1 0.2956730769230769 0.4362980769230769 0.07211538461538461 0.12259615384615384
1 0.3137019230769231 0.31971153846153844 0.07451923076923077 0.12740384615384615
2 0.3088942307692308 0.5300480769230769 0.07211538461538461 0.11538461538461539
1 0.37259615384615385 0.1502403846153846 0.08173076923076923 0.12259615384615384
2 0.30649038461538464 0.6670673076923077 0.07692307692307693 0.11538461538461539
2 0.28966346153846156 0.8233173076923077 0.07692307692307693 0.11298076923076923
2 0.35216346153846156 0.4266826923076923 0.07211538461538461 0.12259615384615384
1 0.3701923076923077 0.3173076923076923 0.07692307692307693 0.12259615384615384
1 0.4266826923076923 0.055288461538461536 0.0889423076923077 0.11057692307692307
0 0.359375 0.5516826923076923 0.07211538461538461 0.10817307692307693
0 0.40625 0.20673076923076922 0.06971153846153846 0.11298076923076923
2 0.3425480769230769 0.7572115384615384 0.07932692307692307 0.12740384615384615
2 0.37259615384615385 0.6466346153846154 0.08413461538461539 0.12740384615384615
0 0.4338942307692308 0.2860576923076923 0.07692307692307693 0.11298076923076923
1 0.41466346153846156 0.4266826923076923 0.09134615384615384 0.12980769230769232
0 0.35216346153846156 0.8665865384615384 0.07932692307692307 0.12740384615384615
0 0.4266826923076923 0.53125 0.07692307692307693 0.12259615384615384
1 0.47716346153846156 0.18389423076923078 0.09615384615384616 0.12980769230769232
0 0.4050480769230769 0.7788461538461539 0.08413461538461539 0.12740384615384615
2 0.47475961538461536 0.33533653846153844 0.07692307692307693 0.12259615384615384
0 0.4326923076923077 0.640625 0.0889423076923077 0.12980769230769232
1 0.5192307692307693 0.06370192307692307 0.10096153846153846 0.12740384615384615
2 0.40865384615384615 0.9230769230769231 0.0985576923076923 0.1466346153846154
1 0.4855769230769231 0.44471153846153844 0.10336538461538461 0.1466346153846154
0 0.5540865384615384 0.12740384615384615 0.0889423076923077 0.13701923076923078
0 0.4639423076923077 0.8365384615384616 0.09615384615384616 0.13942307692307693
2 0.484375 0.7091346153846154 0.10336538461538461 0.1466346153846154
1 0.5528846153846154 0.2692307692307692 0.10817307692307693 0.14423076923076922
0 0.5456730769230769 0.5168269230769231 0.10096153846153846 0.12980769230769232
2 0.49158653846153844 0.9411057692307693 0.10817307692307693 0.11778846153846154
1 0.5769230769230769 0.38822115384615385 0.11298076923076923 0.1658653846153846
0 0.6346153846153846 0.078125 0.10096153846153846 0.12980769230769232
2 0.5552884615384616 0.6394230769230769 0.11057692307692307 0.14903846153846154
0 0.6322115384615384 0.19591346153846154 0.10336538461538461 0.13701923076923078
2 0.6730769230769231 0.28846153846153844 0.12259615384615384 0.14903846153846154
0 0.6057692307692307 0.7944711538461539 0.11778846153846154 0.17307692307692307
2 0.6514423076923077 0.5492788461538461 0.11538461538461539 0.15625
0 0.7199519230769231 0.09014423076923077 0.11778846153846154 0.13942307692307693
0 0.7247596153846154 0.38461538461538464 0.125 0.15865384615384615
2 0.71875 0.6598557692307693 0.14903846153846154 0.18990384615384615