2 0.6394230769230769 0.1502403846153846 0.11778846153846154 0.0889423076923077
2 0.8016826923076923 0.25240384615384615 0.12259615384615384 0.08653846153846154
0 0.39663461538461536 0.234375 0.10817307692307693 0.08413461538461539
1 0.23197115384615385 0.22716346153846154 0.12740384615384615 0.10576923076923077
1 0.5336538461538461 0.25961538461538464 0.12740384615384615 0.09615384615384616
0 0.6538461538461539 0.3137019230769231 0.10576923076923077 0.07932692307692307
1 0.35096153846153844 0.33653846153846156 0.12259615384615384 0.09615384615384616
2 0.10576923076923077 0.3485576923076923 0.11298076923076923 0.0889423076923077
2 0.8185096153846154 0.4483173076923077 0.12740384615384615 0.0889423076923077
1 0.5204326923076923 0.43149038461538464 0.12259615384615384 0.09375
0 0.25240384615384615 0.453125 0.10096153846153846 0.07692307692307693
1 0.5733173076923077 0.5444711538461539 0.12259615384615384 0.09615384615384616
1 0.36538461538461536 0.5504807692307693 0.12740384615384615 0.09375
1 0.71875 0.6165865384615384 0.13221153846153846 0.10576923076923077