2 0.4026442307692308 0.8557692307692307 0.11298076923076923 0.07932692307692307
2 0.23557692307692307 0.7728365384615384 0.11298076923076923 0.07932692307692307
0 0.6298076923076923 0.75 0.10336538461538461 0.07451923076923077
1 0.7896634615384616 0.7379807692307693 0.11778846153846154 0.09375
1 0.49399038461538464 0.7367788461538461 0.1201923076923077 0.0889423076923077
0 0.37259615384615385 0.6995192307692307 0.09615384615384616 0.06971153846153846
1 0.6622596153846154 0.6442307692307693 0.11298076923076923 0.0889423076923077
2 0.9014423076923077 0.6069711538461539 0.10817307692307693 0.08173076923076923
2 0.19951923076923078 0.5829326923076923 0.12259615384615384 0.07932692307692307
1 0.4891826923076923 0.5709134615384616 0.11298076923076923 0.08413461538461539
0 0.7475961538461539 0.5216346153846154 0.09375 0.07211538461538461
1 0.4254807692307692 0.4639423076923077 0.11298076923076923 0.0889423076923077
1 0.6274038461538461 0.4375 0.11778846153846154 0.08413461538461539
1 0.2776442307692308 0.4110576923076923 0.12259615384615384 0.09615384615384616