2 0.43149038461538464 0.8641826923076923 0.11778846153846154 0.0889423076923077
2 0.25841346153846156 0.7944711538461539 0.11778846153846154 0.0889423076923077
0 0.6478365384615384 0.7379807692307693 0.10817307692307693 0.08173076923076923
1 0.8076923076923077 0.7115384615384616 0.125 0.10336538461538461
1 0.5132211538461539 0.7367788461538461 0.125 0.0985576923076923
0 0.38822115384615385 0.7103365384615384 0.10336538461538461 0.07692307692307693
1 0.671875 0.6298076923076923 0.1201923076923077 0.0985576923076923
2 0.90625 0.5721153846153846 0.11298076923076923 0.0889423076923077
2 0.20552884615384615 0.609375 0.12740384615384615 0.0889423076923077
1 0.49278846153846156 0.5721153846153846 0.11778846153846154 0.09375
0 0.7463942307692307 0.5012019230769231 0.0985576923076923 0.07932692307692307
1 0.4206730769230769 0.47115384615384615 0.1201923076923077 0.0985576923076923
1 0.6189903846153846 0.4266826923076923 0.12259615384615384 0.09375
1 0.26802884615384615 0.43149038461538464 0.12980769230769232 0.10576923076923077