2 0.3713942307692308 0.12379807692307693 0.11778846153846154 0.08413461538461539
2 0.19951923076923078 0.21514423076923078 0.11778846153846154 0.07932692307692307
0 0.6105769230769231 0.2247596153846154 0.10576923076923077 0.07932692307692307
1 0.7776442307692307 0.23197115384615385 0.12259615384615384 0.0985576923076923
1 0.4699519230769231 0.2439903846153846 0.12259615384615384 0.09134615384615384
0 0.3449519230769231 0.28725961538461536 0.10336538461538461 0.07451923076923077
1 0.6490384615384616 0.33413461538461536 0.11778846153846154 0.09134615384615384
2 0.8978365384615384 0.3641826923076923 0.11057692307692307 0.08413461538461539
2 0.16947115384615385 0.41466346153846156 0.12740384615384615 0.08413461538461539
1 0.47115384615384615 0.4170673076923077 0.11778846153846154 0.0889423076923077
0 0.7415865384615384 0.4567307692307692 0.0985576923076923 0.07451923076923077
1 0.40865384615384615 0.5300480769230769 0.11778846153846154 0.09134615384615384
1 0.6201923076923077 0.5504807692307693 0.12259615384615384 0.0889423076923077
1 0.25600961538461536 0.5901442307692307 0.12740384615384615 0.0985576923076923