2 0.07091346153846154 0.5733173076923077 0.08413461538461539 0.1201923076923077
2 0.1658653846153846 0.7536057692307693 0.08173076923076923 0.1201923076923077
0 0.18269230769230768 0.3245192307692308 0.07932692307692307 0.10817307692307693
1 0.1935096153846154 0.14783653846153846 0.10096153846153846 0.12740384615384615
1 0.19951923076923078 0.47115384615384615 0.09134615384615384 0.12740384615384615
0 0.24278846153846154 0.6033653846153846 0.07451923076923077 0.10576923076923077
1 0.2980769230769231 0.2860576923076923 0.09134615384615384 0.1201923076923077
2 0.3329326923076923 0.040865384615384616 0.08413461538461539 0.08173076923076923
2 0.37259615384615385 0.7896634615384616 0.08413461538461539 0.12980769230769232
1 0.38100961538461536 0.4735576923076923 0.09134615384615384 0.1201923076923077
0 0.42908653846153844 0.18990384615384615 0.07451923076923077 0.10096153846153846
1 0.4987980769230769 0.5396634615384616 0.09134615384615384 0.1201923076923077
1 0.5240384615384616 0.31971153846153844 0.09134615384615384 0.12740384615384615
1 0.5576923076923077 0.7007211538461539 0.10096153846153846 0.13221153846153846