2 0.8846153846153846 0.4651442307692308 0.10096153846153846 0.125
2 0.8269230769230769 0.2800480769230769 0.09615384615384616 0.12740384615384615
0 0.7403846153846154 0.6778846153846154 0.09134615384615384 0.11298076923076923
1 0.703125 0.8413461538461539 0.11538461538461539 0.1346153846153846
1 0.75 0.5396634615384616 0.10576923076923077 0.13221153846153846
0 0.7295673076923077 0.40865384615384615 0.08653846153846154 0.11057692307692307
1 0.6286057692307693 0.6947115384615384 0.10576923076923077 0.12980769230769232
2 0.5528846153846154 0.9314903846153846 0.0985576923076923 0.11778846153846154
2 0.6418269230769231 0.21394230769230768 0.10096153846153846 0.1346153846153846
1 0.5805288461538461 0.5072115384615384 0.10576923076923077 0.12980769230769232
0 0.4891826923076923 0.7620192307692307 0.08653846153846154 0.10576923076923077
1 0.4831730769230769 0.4266826923076923 0.10576923076923077 0.12980769230769232
1 0.42427884615384615 0.6262019230769231 0.10576923076923077 0.13221153846153846
1 0.4519230769230769 0.265625 0.11538461538461539 0.13942307692307693