2 0.65625 0.8389423076923077 0.11778846153846154 0.09134615384615384
2 0.8173076923076923 0.7319711538461539 0.12259615384615384 0.0889423076923077
0 0.41346153846153844 0.7596153846153846 0.10817307692307693 0.08413461538461539
1 0.24759615384615385 0.7692307692307693 0.12980769230769232 0.10817307692307693
1 0.5492788461538461 0.7319711538461539 0.12740384615384615 0.0985576923076923
0 0.6682692307692307 0.6742788461538461 0.10817307692307693 0.07932692307692307
1 0.36658653846153844 0.6574519230769231 0.125 0.0985576923076923
2 0.11899038461538461 0.6502403846153846 0.11298076923076923 0.0889423076923077
2 0.8305288461538461 0.5372596153846154 0.12740384615384615 0.09134615384615384
1 0.5336538461538461 0.5588942307692307 0.12259615384615384 0.09615384615384616
0 0.2644230769230769 0.5420673076923077 0.10336538461538461 0.07932692307692307
1 0.5853365384615384 0.44471153846153844 0.125 0.0985576923076923
1 0.3762019230769231 0.4423076923076923 0.12740384615384615 0.09615384615384616
1 0.7295673076923077 0.3701923076923077 0.1346153846153846 0.10817307692307693