2 0.6081730769230769 0.8822115384615384 0.125 0.09615384615384616
2 0.7956730769230769 0.8088942307692307 0.12740384615384615 0.09375
0 0.375 0.7475961538461539 0.11298076923076923 0.08653846153846154
1 0.20192307692307693 0.7211538461538461 0.1346153846153846 0.11298076923076923
1 0.5204326923076923 0.7487980769230769 0.1346153846153846 0.10336538461538461
0 0.65625 0.7175480769230769 0.11298076923076923 0.08173076923076923
1 0.34975961538461536 0.6334134615384616 0.12980769230769232 0.10336538461538461
2 0.09615384615384616 0.5709134615384616 0.1201923076923077 0.09615384615384616
2 0.8533653846153846 0.6105769230769231 0.13701923076923078 0.09615384615384616
1 0.5420673076923077 0.5673076923076923 0.12980769230769232 0.10096153846153846
0 0.2692307692307692 0.49158653846153844 0.10817307692307693 0.08173076923076923
1 0.6201923076923077 0.46153846153846156 0.12980769230769232 0.10336538461538461
1 0.40625 0.41346153846153844 0.1346153846153846 0.10096153846153846
1 0.7860576923076923 0.41586538461538464 0.13942307692307693 0.11298076923076923