2 0.6466346153846154 0.859375 0.12259615384615384 0.09375
2 0.8088942307692307 0.7512019230769231 0.12259615384615384 0.09134615384615384
0 0.39783653846153844 0.7788461538461539 0.11298076923076923 0.08653846153846154
1 0.22956730769230768 0.7884615384615384 0.12980769230769232 0.10817307692307693
1 0.5360576923076923 0.75 0.12980769230769232 0.10096153846153846
0 0.6574519230769231 0.6923076923076923 0.10817307692307693 0.08173076923076923
1 0.35096153846153844 0.6754807692307693 0.125 0.10096153846153846
2 0.0985576923076923 0.6670673076923077 0.11778846153846154 0.09375
2 0.8233173076923077 0.5528846153846154 0.13221153846153846 0.09375
1 0.5216346153846154 0.5745192307692307 0.125 0.0985576923076923
0 0.24639423076923078 0.5564903846153846 0.10336538461538461 0.08173076923076923
1 0.5721153846153846 0.4579326923076923 0.125 0.10096153846153846
1 0.359375 0.45552884615384615 0.12740384615384615 0.0985576923076923
1 0.7199519230769231 0.38221153846153844 0.13701923076923078 0.10817307692307693