2 0.5348557692307693 0.9519230769230769 0.13701923076923078 0.09615384615384616
2 0.7355769230769231 0.8918269230769231 0.13701923076923078 0.10576923076923077
0 0.296875 0.8052884615384616 0.125 0.10096153846153846
1 0.11778846153846154 0.7680288461538461 0.1466346153846154 0.125
1 0.45072115384615385 0.8137019230769231 0.1466346153846154 0.11538461538461539
0 0.59375 0.7872596153846154 0.1201923076923077 0.09375
1 0.2764423076923077 0.6826923076923077 0.13942307692307693 0.11538461538461539
2 0.039663461538461536 0.6045673076923077 0.07932692307692307 0.10336538461538461
2 0.8052884615384616 0.6875 0.1466346153846154 0.10576923076923077
1 0.4831730769230769 0.625 0.13701923076923078 0.11298076923076923
0 0.20072115384615385 0.5300480769230769 0.11538461538461539 0.09134615384615384
1 0.5685096153846154 0.5180288461538461 0.13942307692307693 0.11538461538461539
1 0.3485576923076923 0.4567307692307692 0.14423076923076922 0.11298076923076923
1 0.7451923076923077 0.4807692307692308 0.15144230769230768 0.125