2 0.6274038461538461 0.8473557692307693 0.125 0.09375
2 0.8161057692307693 0.7620192307692307 0.12740384615384615 0.09134615384615384
0 0.38221153846153844 0.7211538461538461 0.11538461538461539 0.08653846153846154
1 0.20552884615384615 0.703125 0.1346153846153846 0.10817307692307693
1 0.5324519230769231 0.7151442307692307 0.1346153846153846 0.10096153846153846
0 0.6682692307692307 0.6754807692307693 0.11057692307692307 0.07932692307692307
1 0.34975961538461536 0.6069711538461539 0.12740384615384615 0.10096153846153846
2 0.0889423076923077 0.5564903846153846 0.1201923076923077 0.09134615384615384
2 0.8629807692307693 0.5564903846153846 0.1346153846153846 0.09375
1 0.5444711538461539 0.5288461538461539 0.12740384615384615 0.0985576923076923
0 0.2608173076923077 0.46634615384615385 0.10576923076923077 0.07932692307692307
1 0.6165865384615384 0.41586538461538464 0.12740384615384615 0.10096153846153846
1 0.39663461538461536 0.3786057692307692 0.1346153846153846 0.0985576923076923
1 0.7824519230769231 0.36177884615384615 0.13942307692307693 0.10817307692307693