2 0.14423076923076922 0.4338942307692308 0.09375 0.125
2 0.2283653846153846 0.2439903846153846 0.09134615384615384 0.12980769230769232
0 0.27524038461538464 0.6778846153846154 0.0889423076923077 0.11538461538461539
1 0.2980769230769231 0.8557692307692307 0.11057692307692307 0.1346153846153846
1 0.2824519230769231 0.5288461538461539 0.10336538461538461 0.13701923076923078
0 0.3173076923076923 0.390625 0.08413461538461539 0.11057692307692307
1 0.3942307692307692 0.7103365384615384 0.10336538461538461 0.13221153846153846
2 0.4483173076923077 0.9555288461538461 0.09375 0.0889423076923077
2 0.43509615384615385 0.1935096153846154 0.09615384615384616 0.13701923076923078
1 0.46634615384615385 0.5132211538461539 0.10096153846153846 0.13221153846153846
0 0.5336538461538461 0.796875 0.08413461538461539 0.10576923076923077
1 0.5805288461538461 0.4375 0.10336538461538461 0.13221153846153846
1 0.6213942307692307 0.6586538461538461 0.10096153846153846 0.13701923076923078
1 0.6298076923076923 0.2704326923076923 0.11057692307692307 0.14182692307692307