2 0.3798076923076923 0.8449519230769231 0.11298076923076923 0.08413461538461539
2 0.21634615384615385 0.7524038461538461 0.11298076923076923 0.08173076923076923
0 0.6117788461538461 0.75 0.10336538461538461 0.07451923076923077
1 0.7740384615384616 0.7487980769230769 0.11778846153846154 0.0985576923076923
1 0.47716346153846156 0.7319711538461539 0.11778846153846154 0.09134615384615384
0 0.35697115384615385 0.6850961538461539 0.0985576923076923 0.06971153846153846
1 0.6514423076923077 0.6478365384615384 0.11298076923076923 0.09134615384615384
2 0.8930288461538461 0.6225961538461539 0.10817307692307693 0.08173076923076923
2 0.18870192307692307 0.5625 0.12259615384615384 0.08173076923076923
1 0.4807692307692308 0.5625 0.11298076923076923 0.08653846153846154
0 0.7427884615384616 0.5276442307692307 0.09375 0.06971153846153846
1 0.4230769230769231 0.4543269230769231 0.11298076923076923 0.09134615384615384
1 0.6262019230769231 0.4387019230769231 0.11778846153846154 0.08653846153846154
1 0.2764423076923077 0.3918269230769231 0.12259615384615384 0.09615384615384616