2 0.859375 0.5685096153846154 0.0889423076923077 0.11778846153846154
2 0.7896634615384616 0.7427884615384616 0.0889423076923077 0.11778846153846154
0 0.7331730769230769 0.35216346153846156 0.08173076923076923 0.10817307692307693
1 0.7091346153846154 0.19230769230769232 0.10336538461538461 0.12740384615384615
1 0.734375 0.4879807692307692 0.0985576923076923 0.125
0 0.7055288461538461 0.6129807692307693 0.07692307692307693 0.10336538461538461
1 0.6274038461538461 0.328125 0.0985576923076923 0.1201923076923077
2 0.5697115384615384 0.09375 0.0889423076923077 0.11298076923076923
2 0.6069711538461539 0.7944711538461539 0.09134615384615384 0.12740384615384615
1 0.5673076923076923 0.5072115384615384 0.09375 0.11778846153846154
0 0.4963942307692308 0.2536057692307692 0.07932692307692307 0.0985576923076923
1 0.46875 0.5793269230769231 0.0985576923076923 0.1201923076923077
1 0.4230769230769231 0.38100961538461536 0.09375 0.12259615384615384
1 0.4266826923076923 0.7319711538461539 0.10576923076923077 0.12980769230769232