2 0.10817307692307693 0.65625 0.09134615384615384 0.12259615384615384
2 0.21153846153846154 0.8329326923076923 0.0889423076923077 0.125
0 0.20552884615384615 0.4026442307692308 0.08413461538461539 0.11298076923076923
1 0.20552884615384615 0.22716346153846154 0.10817307692307693 0.13221153846153846
1 0.2283653846153846 0.5492788461538461 0.0985576923076923 0.13221153846153846
0 0.2824519230769231 0.6790865384615384 0.07932692307692307 0.11057692307692307
1 0.3173076923076923 0.359375 0.10096153846153846 0.125
2 0.33774038461538464 0.09735576923076923 0.0889423076923077 0.1201923076923077
2 0.4182692307692308 0.8581730769230769 0.09134615384615384 0.1346153846153846
1 0.41225961538461536 0.5420673076923077 0.0985576923076923 0.125
0 0.44471153846153844 0.25600961538461536 0.07932692307692307 0.10576923076923077
1 0.5300480769230769 0.6021634615384616 0.0985576923076923 0.125
1 0.5444711538461539 0.38100961538461536 0.0985576923076923 0.13221153846153846
1 0.6009615384615384 0.7596153846153846 0.10817307692307693 0.13701923076923078