1 0.5492788461538461 0.8954326923076923 0.17307692307692307 0.14423076923076922
1 0.29447115384615385 0.9098557692307693 0.1658653846153846 0.14182692307692307
1 0.8485576923076923 0.7139423076923077 0.16826923076923078 0.1346153846153846
1 0.2644230769230769 0.75 0.15865384615384615 0.12740384615384615
1 0.5516826923076923 0.7175480769230769 0.15865384615384615 0.12740384615384615
1 0.8185096153846154 0.5228365384615384 0.16105769230769232 0.125
1 0.5276442307692307 0.5276442307692307 0.15865384615384615 0.12740384615384615
1 0.2620192307692308 0.5372596153846154 0.16105769230769232 0.13701923076923078
1 0.2668269230769231 0.3449519230769231 0.15865384615384615 0.13221153846153846
1 0.8028846153846154 0.29447115384615385 0.17307692307692307 0.13701923076923078
1 0.546875 0.3137019230769231 0.15865384615384615 0.13701923076923078
1 0.7896634615384616 0.06610576923076923 0.15625 0.13221153846153846
1 0.5036057692307693 0.07932692307692307 0.16826923076923078 0.1346153846153846
1 0.25 0.0985576923076923 0.15384615384615385 0.125
1 0.8858173076923077 0.8725961538461539 0.1875 0.14423076923076922