1 0.8894230769230769 0.49038461538461536 0.12980769230769232 0.1658653846153846
1 0.8822115384615384 0.23197115384615385 0.12980769230769232 0.15865384615384615
1 0.7331730769230769 0.8064903846153846 0.1201923076923077 0.16105769230769232
1 0.71875 0.21634615384615385 0.11538461538461539 0.14903846153846154
1 0.7115384615384616 0.5072115384615384 0.11538461538461539 0.14903846153846154
1 0.5384615384615384 0.7932692307692307 0.11298076923076923 0.15384615384615385
1 0.5180288461538461 0.5 0.11538461538461539 0.14903846153846154
1 0.5048076923076923 0.23197115384615385 0.125 0.15384615384615385
1 0.3112980769230769 0.2536057692307692 0.1201923076923077 0.14903846153846154
1 0.3076923076923077 0.7980769230769231 0.12259615384615384 0.16346153846153846
1 0.30408653846153844 0.5372596153846154 0.125 0.14903846153846154
1 0.07572115384615384 0.8052884615384616 0.1201923076923077 0.14903846153846154
1 0.06490384615384616 0.515625 0.1201923076923077 0.16105769230769232
1 0.06129807692307692 0.25841346153846156 0.11298076923076923 0.14423076923076922
1 0.8966346153846154 0.8305288461538461 0.12980769230769232 0.1778846153846154