1 0.11778846153846154 0.5492788461538461 0.14903846153846154 0.1778846153846154
1 0.15865384615384615 0.7956730769230769 0.1466346153846154 0.17067307692307693
1 0.2247596153846154 0.22355769230769232 0.13701923076923078 0.17067307692307693
1 0.31850961538461536 0.7884615384615384 0.12980769230769232 0.16105769230769232
1 0.2860576923076923 0.5084134615384616 0.12980769230769232 0.16105769230769232
1 0.41225961538461536 0.21033653846153846 0.125 0.16346153846153846
1 0.47475961538461536 0.4891826923076923 0.12980769230769232 0.16105769230769232
1 0.5216346153846154 0.7439903846153846 0.13942307692307693 0.16346153846153846
1 0.7055288461538461 0.6983173076923077 0.1346153846153846 0.16105769230769232
1 0.6346153846153846 0.17548076923076922 0.14182692307692307 0.17067307692307693
1 0.6742788461538461 0.4230769230769231 0.13942307692307693 0.16105769230769232
1 0.8581730769230769 0.13581730769230768 0.1346153846153846 0.15865384615384615
1 0.90625 0.41346153846153844 0.13701923076923078 0.17067307692307693
1 0.9399038461538461 0.6610576923076923 0.1201923076923077 0.15865384615384615
1 0.06971153846153846 0.22235576923076922 0.13942307692307693 0.18990384615384615