1 0.5048076923076923 0.10576923076923077 0.1778846153846154 0.14182692307692307
1 0.7764423076923077 0.12379807692307693 0.17307692307692307 0.14182692307692307
1 0.16706730769230768 0.25841346153846156 0.17307692307692307 0.13221153846153846
1 0.7872596153846154 0.2956730769230769 0.16346153846153846 0.125
1 0.4807692307692308 0.2920673076923077 0.16346153846153846 0.125
1 0.17427884615384615 0.46274038461538464 0.1658653846153846 0.1201923076923077
1 0.48197115384615385 0.4963942307692308 0.16346153846153846 0.125
1 0.7632211538461539 0.5204326923076923 0.1658653846153846 0.13701923076923078
1 0.7331730769230769 0.7223557692307693 0.16346153846153846 0.13221153846153846
1 0.1622596153846154 0.7067307692307693 0.17307692307692307 0.1346153846153846
1 0.43509615384615385 0.7199519230769231 0.16346153846153846 0.13701923076923078
1 0.14423076923076922 0.9375 0.15865384615384615 0.10576923076923077
1 0.4483173076923077 0.953125 0.17067307692307693 0.09375
1 0.7199519230769231 0.9615384615384616 0.15625 0.07692307692307693
1 0.14783653846153846 0.08533653846153846 0.19230769230769232 0.14423076923076922