1 0.8978365384615384 0.5192307692307693 0.1346153846153846 0.16826923076923078
1 0.8978365384615384 0.2620192307692308 0.1346153846153846 0.16346153846153846
1 0.7319711538461539 0.828125 0.125 0.16346153846153846
1 0.7367788461538461 0.2403846153846154 0.1201923076923077 0.15384615384615385
1 0.71875 0.5300480769230769 0.1201923076923077 0.15384615384615385
1 0.5396634615384616 0.8076923076923077 0.11538461538461539 0.15865384615384615
1 0.5276442307692307 0.515625 0.1201923076923077 0.15384615384615385
1 0.5228365384615384 0.25 0.12980769230769232 0.15865384615384615
1 0.33052884615384615 0.2644230769230769 0.125 0.15384615384615385
1 0.3076923076923077 0.8040865384615384 0.12740384615384615 0.16346153846153846
1 0.3137019230769231 0.546875 0.12980769230769232 0.15384615384615385
1 0.07692307692307693 0.8040865384615384 0.125 0.15384615384615385
1 0.07572115384615384 0.515625 0.125 0.16346153846153846
1 0.08173076923076923 0.2608173076923077 0.11778846153846154 0.14903846153846154
1 0.8930288461538461 0.8581730769230769 0.13701923076923078 0.18269230769230768