1 0.5300480769230769 0.10336538461538461 0.17307692307692307 0.14182692307692307
1 0.27524038461538464 0.09254807692307693 0.1658653846153846 0.13942307692307693
1 0.8329326923076923 0.27884615384615385 0.1658653846153846 0.12980769230769232
1 0.24759615384615385 0.2536057692307692 0.15625 0.125
1 0.5360576923076923 0.28125 0.15625 0.125
1 0.8040865384615384 0.47115384615384615 0.15865384615384615 0.12259615384615384
1 0.5144230769230769 0.47115384615384615 0.15625 0.125
1 0.24879807692307693 0.4651442307692308 0.15865384615384615 0.1346153846153846
1 0.25721153846153844 0.6574519230769231 0.15625 0.12980769230769232
1 0.7944711538461539 0.6983173076923077 0.17067307692307693 0.13221153846153846
1 0.5360576923076923 0.6838942307692307 0.15625 0.1346153846153846
1 0.7860576923076923 0.9278846153846154 0.15384615384615385 0.12980769230769232
1 0.4987980769230769 0.9194711538461539 0.1658653846153846 0.12980769230769232
1 0.24519230769230768 0.9050480769230769 0.15144230769230768 0.1201923076923077
1 0.8677884615384616 0.1201923076923077 0.1875 0.14182692307692307