1 0.07572115384615384 0.40625 0.15144230769230768 0.1875
1 0.05889423076923077 0.6670673076923077 0.11778846153846154 0.18028846153846154
1 0.2776442307692308 0.11177884615384616 0.1466346153846154 0.18028846153846154
1 0.19951923076923078 0.7091346153846154 0.13942307692307693 0.17067307692307693
1 0.2536057692307692 0.4170673076923077 0.13942307692307693 0.17067307692307693
1 0.47115384615384615 0.15745192307692307 0.13701923076923078 0.17307692307692307
1 0.44711538461538464 0.45552884615384615 0.13942307692307693 0.17067307692307693
1 0.4182692307692308 0.7271634615384616 0.15384615384615385 0.17548076923076922
1 0.6153846153846154 0.7367788461538461 0.14423076923076922 0.17067307692307693
1 0.7067307692307693 0.18990384615384615 0.14903846153846154 0.18028846153846154
1 0.6682692307692307 0.45072115384615385 0.15144230769230768 0.17307692307692307
1 0.9338942307692307 0.21875 0.13221153846153846 0.16826923076923078
1 0.90625 0.5120192307692307 0.1466346153846154 0.18028846153846154
1 0.8677884615384616 0.7716346153846154 0.13701923076923078 0.1658653846153846
1 0.12379807692307693 0.08173076923076923 0.1466346153846154 0.16346153846153846