1 0.44591346153846156 0.11057692307692307 0.18028846153846154 0.14903846153846154
1 0.7055288461538461 0.09014423076923077 0.17067307692307693 0.14903846153846154
1 0.14423076923076922 0.3004807692307692 0.17548076923076922 0.13701923076923078
1 0.7403846153846154 0.25240384615384615 0.1658653846153846 0.12980769230769232
1 0.4483173076923077 0.2920673076923077 0.1658653846153846 0.12980769230769232
1 0.17908653846153846 0.49399038461538464 0.1658653846153846 0.12980769230769232
1 0.47596153846153844 0.484375 0.1658653846153846 0.12980769230769232
1 0.7451923076923077 0.46875 0.1658653846153846 0.14182692307692307
1 0.7439903846153846 0.6646634615384616 0.1658653846153846 0.1346153846153846
1 0.19831730769230768 0.7271634615384616 0.17548076923076922 0.14182692307692307
1 0.46033653846153844 0.703125 0.1658653846153846 0.14182692307692307
1 0.21514423076923078 0.9471153846153846 0.16105769230769232 0.10576923076923077
1 0.5060096153846154 0.9350961538461539 0.17548076923076922 0.12980769230769232
1 0.765625 0.9170673076923077 0.15865384615384615 0.12980769230769232
1 0.10336538461538461 0.13822115384615385 0.19230769230769232 0.15144230769230768