1 0.11057692307692307 0.5024038461538461 0.1346153846153846 0.17307692307692307
1 0.12740384615384615 0.24278846153846154 0.1346153846153846 0.16346153846153846
1 0.25600961538461536 0.8245192307692307 0.12740384615384615 0.1658653846153846
1 0.2920673076923077 0.23317307692307693 0.12259615384615384 0.15625
1 0.28966346153846156 0.5252403846153846 0.1201923076923077 0.15625
1 0.45072115384615385 0.8185096153846154 0.11538461538461539 0.15865384615384615
1 0.4831730769230769 0.5252403846153846 0.1201923076923077 0.15625
1 0.5060096153846154 0.25600961538461536 0.13221153846153846 0.15865384615384615
1 0.6995192307692307 0.2848557692307692 0.125 0.15625
1 0.6850961538461539 0.8305288461538461 0.12980769230769232 0.1658653846153846
1 0.6971153846153846 0.5709134615384616 0.12980769230769232 0.15625
1 0.9170673076923077 0.8461538461538461 0.125 0.15384615384615385
1 0.9375 0.5564903846153846 0.125 0.1658653846153846
1 0.9459134615384616 0.2956730769230769 0.10817307692307693 0.15384615384615385
1 0.09134615384615384 0.8425480769230769 0.13942307692307693 0.18269230769230768