1 0.9266826923076923 0.47475961538461536 0.1466346153846154 0.18990384615384615
1 0.9326923076923077 0.19471153846153846 0.1346153846153846 0.18269230769230768
1 0.7391826923076923 0.8064903846153846 0.14182692307692307 0.18269230769230768
1 0.7668269230769231 0.1658653846153846 0.13701923076923078 0.17067307692307693
1 0.7367788461538461 0.4807692307692308 0.13701923076923078 0.17067307692307693
1 0.5288461538461539 0.7764423076923077 0.1346153846153846 0.17548076923076922
1 0.5264423076923077 0.4579326923076923 0.13701923076923078 0.17067307692307693
1 0.5336538461538461 0.16706730769230768 0.14903846153846154 0.1778846153846154
1 0.32211538461538464 0.17548076923076922 0.14182692307692307 0.17307692307692307
1 0.2776442307692308 0.765625 0.1466346153846154 0.1875
1 0.2932692307692308 0.4831730769230769 0.14903846153846154 0.17307692307692307
1 0.046875 0.7572115384615384 0.09375 0.16826923076923078
1 0.054086538461538464 0.4411057692307692 0.10817307692307693 0.18028846153846154
1 0.06850961538461539 0.1622596153846154 0.10336538461538461 0.16346153846153846
1 0.9098557692307693 0.8449519230769231 0.1466346153846154 0.20192307692307693