1 0.43509615384615385 0.1310096153846154 0.19471153846153846 0.16105769230769232
1 0.7103365384615384 0.10576923076923077 0.18509615384615385 0.15865384615384615
1 0.1201923076923077 0.33774038461538464 0.1875 0.14903846153846154
1 0.7487980769230769 0.2764423076923077 0.17548076923076922 0.14423076923076922
1 0.4411057692307692 0.3233173076923077 0.17548076923076922 0.14423076923076922
1 0.15985576923076922 0.5420673076923077 0.17548076923076922 0.13701923076923078
1 0.4735576923076923 0.5276442307692307 0.17548076923076922 0.14423076923076922
1 0.7596153846153846 0.5060096153846154 0.1778846153846154 0.15384615384615385
1 0.7620192307692307 0.7151442307692307 0.17548076923076922 0.14903846153846154
1 0.18509615384615385 0.7896634615384616 0.1875 0.15144230769230768
1 0.46153846153846156 0.7596153846153846 0.17548076923076922 0.15384615384615385
1 0.203125 0.9807692307692307 0.1658653846153846 0.038461538461538464
1 0.5108173076923077 0.96875 0.17548076923076922 0.0625
1 0.7860576923076923 0.9447115384615384 0.16346153846153846 0.0673076923076923
1 0.08774038461538461 0.16706730769230768 0.17548076923076922 0.16105769230769232