1 0.5733173076923077 0.06850961538461539 0.18509615384615385 0.13701923076923078
1 0.3088942307692308 0.05889423076923077 0.17548076923076922 0.11778846153846154
1 0.8858173076923077 0.25600961538461536 0.18028846153846154 0.14182692307692307
1 0.27283653846153844 0.20793269230769232 0.17067307692307693 0.13701923076923078
1 0.5733173076923077 0.24639423076923078 0.17067307692307693 0.13701923076923078
1 0.8509615384615384 0.4543269230769231 0.17067307692307693 0.13221153846153846
1 0.5456730769230769 0.44711538461538464 0.17067307692307693 0.13701923076923078
1 0.2668269230769231 0.43028846153846156 0.17067307692307693 0.1466346153846154
1 0.2668269230769231 0.6334134615384616 0.17067307692307693 0.14423076923076922
1 0.8293269230769231 0.6971153846153846 0.18028846153846154 0.1466346153846154
1 0.5600961538461539 0.671875 0.17067307692307693 0.1466346153846154
1 0.8112980769230769 0.9326923076923077 0.1658653846153846 0.1346153846153846
1 0.5120192307692307 0.9170673076923077 0.18028846153846154 0.14182692307692307
1 0.2439903846153846 0.8918269230769231 0.1658653846153846 0.13221153846153846
1 0.9134615384615384 0.0985576923076923 0.17307692307692307 0.1346153846153846