1 0.03245192307692308 0.4891826923076923 0.06490384615384616 0.18990384615384615
1 0.02283653846153846 0.203125 0.04567307692307692 0.18028846153846154
1 0.18629807692307693 0.8257211538461539 0.14903846153846154 0.18990384615384615
1 0.14543269230769232 0.17427884615384615 0.14182692307692307 0.1778846153846154
1 0.18269230769230768 0.49399038461538464 0.14182692307692307 0.1778846153846154
1 0.39783653846153844 0.7920673076923077 0.13701923076923078 0.1778846153846154
1 0.39302884615384615 0.4675480769230769 0.14182692307692307 0.1778846153846154
1 0.38221153846153844 0.171875 0.15384615384615385 0.18028846153846154
1 0.5973557692307693 0.17668269230769232 0.14903846153846154 0.18028846153846154
1 0.6526442307692307 0.7740384615384616 0.14903846153846154 0.18990384615384615
1 0.6334134615384616 0.4879807692307692 0.15384615384615385 0.18028846153846154
1 0.9098557692307693 0.7608173076923077 0.14903846153846154 0.17548076923076922
1 0.8930288461538461 0.43990384615384615 0.14903846153846154 0.18990384615384615
1 0.8725961538461539 0.15625 0.13942307692307693 0.17307692307692307
1 0.055288461538461536 0.8629807692307693 0.0673076923076923 0.20192307692307693