1 0.11778846153846154 0.49278846153846156 0.1466346153846154 0.18028846153846154
1 0.10576923076923077 0.2283653846153846 0.1466346153846154 0.17307692307692307
1 0.29927884615384615 0.8052884615384616 0.13701923076923078 0.17067307692307693
1 0.27163461538461536 0.20072115384615385 0.12980769230769232 0.16105769230769232
1 0.3004807692307692 0.4987980769230769 0.12980769230769232 0.16105769230769232
1 0.4963942307692308 0.7788461538461539 0.12259615384615384 0.1658653846153846
1 0.4987980769230769 0.47716346153846156 0.12980769230769232 0.16105769230769232
1 0.49278846153846156 0.20192307692307693 0.13942307692307693 0.16826923076923078
1 0.6923076923076923 0.21033653846153846 0.1346153846153846 0.16105769230769232
1 0.734375 0.765625 0.13701923076923078 0.17067307692307693
1 0.71875 0.5 0.13942307692307693 0.1658653846153846
1 0.953125 0.7584134615384616 0.09375 0.16105769230769232
1 0.9471153846153846 0.46033653846153844 0.10576923076923077 0.17067307692307693
1 0.9338942307692307 0.1971153846153846 0.10096153846153846 0.15865384615384615
1 0.13341346153846154 0.8425480769230769 0.1466346153846154 0.19230769230769232