1 0.055288461538461536 0.5516826923076923 0.11057692307692307 0.18269230769230768
1 0.056490384615384616 0.2704326923076923 0.11298076923076923 0.17548076923076922
1 0.21153846153846154 0.8930288461538461 0.13221153846153846 0.17548076923076922
1 0.21634615384615385 0.2512019230769231 0.12740384615384615 0.1658653846153846
1 0.23076923076923078 0.5673076923076923 0.12740384615384615 0.1658653846153846
1 0.421875 0.8737980769230769 0.12259615384615384 0.17067307692307693
1 0.4411057692307692 0.5552884615384616 0.12740384615384615 0.1658653846153846
1 0.4495192307692308 0.2644230769230769 0.13942307692307693 0.17067307692307693
1 0.6598557692307693 0.2848557692307692 0.13221153846153846 0.1658653846153846
1 0.6742788461538461 0.875 0.13701923076923078 0.17548076923076922
1 0.6730769230769231 0.5925480769230769 0.13942307692307693 0.1658653846153846
1 0.9278846153846154 0.8798076923076923 0.13221153846153846 0.16346153846153846
1 0.9326923076923077 0.5637019230769231 0.13221153846153846 0.17548076923076922
1 0.9326923076923077 0.28365384615384615 0.125 0.16346153846153846
1 0.055288461538461536 0.9110576923076923 0.10096153846153846 0.1778846153846154