1 0.9026442307692307 0.5072115384615384 0.1346153846153846 0.16826923076923078
1 0.8870192307692307 0.7608173076923077 0.1346153846153846 0.16105769230769232
1 0.7596153846153846 0.1875 0.125 0.16346153846153846
1 0.7247596153846154 0.7716346153846154 0.1201923076923077 0.15384615384615385
1 0.7271634615384616 0.4831730769230769 0.1201923076923077 0.15384615384615385
1 0.5685096153846154 0.19471153846153846 0.11538461538461539 0.15625
1 0.5348557692307693 0.484375 0.1201923076923077 0.15384615384615385
1 0.5144230769230769 0.7487980769230769 0.12980769230769232 0.15625
1 0.3233173076923077 0.7199519230769231 0.125 0.15384615384615385
1 0.33774038461538464 0.18269230769230768 0.125 0.16346153846153846
1 0.32572115384615385 0.4387019230769231 0.12980769230769232 0.15384615384615385
1 0.10817307692307693 0.1658653846153846 0.125 0.15144230769230768
1 0.08774038461538461 0.453125 0.125 0.16346153846153846
1 0.07572115384615384 0.7067307692307693 0.11538461538461539 0.14903846153846154
1 0.921875 0.16947115384615385 0.13701923076923078 0.18269230769230768