1 0.9242788461538461 0.5600961538461539 0.15144230769230768 0.19230769230769232
1 0.890625 0.8329326923076923 0.15865384615384615 0.18509615384615385
1 0.8088942307692307 0.20552884615384615 0.14903846153846154 0.18509615384615385
1 0.7151442307692307 0.828125 0.14182692307692307 0.17307692307692307
1 0.7463942307692307 0.5192307692307693 0.14182692307692307 0.17548076923076922
1 0.6009615384615384 0.19591346153846154 0.13701923076923078 0.17548076923076922
1 0.5396634615384616 0.5024038461538461 0.14182692307692307 0.17307692307692307
1 0.49158653846153844 0.7836538461538461 0.15384615384615385 0.1778846153846154
1 0.29086538461538464 0.7355769230769231 0.14903846153846154 0.17307692307692307
1 0.35697115384615385 0.16105769230769232 0.15144230769230768 0.18509615384615385
1 0.31971153846153844 0.4338942307692308 0.15384615384615385 0.17307692307692307
1 0.11298076923076923 0.12139423076923077 0.14903846153846154 0.17307692307692307
1 0.06850961538461539 0.4266826923076923 0.13701923076923078 0.18509615384615385
1 0.04807692307692308 0.6983173076923077 0.09615384615384616 0.17067307692307693
1 0.9507211538461539 0.20072115384615385 0.0985576923076923 0.20432692307692307