1 0.5480769230769231 0.90625 0.18509615384615385 0.14903846153846154
1 0.8233173076923077 0.8834134615384616 0.17548076923076922 0.14903846153846154
1 0.20192307692307693 0.7572115384615384 0.18028846153846154 0.13942307692307693
1 0.8305288461538461 0.7091346153846154 0.16826923076923078 0.13221153846153846
1 0.5192307692307693 0.7163461538461539 0.16826923076923078 0.13221153846153846
1 0.20552884615384615 0.5504807692307693 0.16826923076923078 0.125
1 0.515625 0.5096153846153846 0.16826923076923078 0.13221153846153846
1 0.8028846153846154 0.48197115384615385 0.17067307692307693 0.14182692307692307
1 0.7692307692307693 0.2764423076923077 0.16826923076923078 0.13701923076923078
1 0.18870192307692307 0.3016826923076923 0.18028846153846154 0.14182692307692307
1 0.4651442307692308 0.28365384615384615 0.16826923076923078 0.14182692307692307
1 0.16706730769230768 0.0673076923076923 0.16346153846153846 0.10817307692307693
1 0.47596153846153844 0.04807692307692308 0.1778846153846154 0.09615384615384616
1 0.75 0.036057692307692304 0.16346153846153846 0.07211538461538461
1 0.18389423076923078 0.9290865384615384 0.19951923076923078 0.14182692307692307