1 0.06971153846153846 0.5132211538461539 0.13942307692307693 0.19951923076923078
1 0.051682692307692304 0.23798076923076922 0.10336538461538461 0.19230769230769232
1 0.27524038461538464 0.8293269230769231 0.15625 0.19230769230769232
1 0.19110576923076922 0.19230769230769232 0.14903846153846154 0.18028846153846154
1 0.24879807692307693 0.5036057692307693 0.14903846153846154 0.18028846153846154
1 0.4807692307692308 0.7800480769230769 0.14423076923076922 0.18509615384615385
1 0.45552884615384615 0.46274038461538464 0.14903846153846154 0.18028846153846154
1 0.42427884615384615 0.17427884615384615 0.16105769230769232 0.1875
1 0.6358173076923077 0.16346153846153846 0.15384615384615385 0.18269230769230768
1 0.7307692307692307 0.7451923076923077 0.16105769230769232 0.19230769230769232
1 0.6911057692307693 0.4675480769230769 0.16105769230769232 0.18269230769230768
1 0.9519230769230769 0.7163461538461539 0.09615384615384616 0.1778846153846154
1 0.9326923076923077 0.40384615384615385 0.1346153846153846 0.1875
1 0.8954326923076923 0.12740384615384615 0.12740384615384615 0.17307692307692307
1 0.11538461538461539 0.8810096153846154 0.14903846153846154 0.2091346153846154