1 0.8978365384615384 0.4987980769230769 0.1466346153846154 0.18509615384615385
1 0.8954326923076923 0.21754807692307693 0.1466346153846154 0.17548076923076922
1 0.7223557692307693 0.8413461538461539 0.1346153846153846 0.1778846153846154
1 0.7163461538461539 0.19591346153846154 0.12740384615384615 0.1658653846153846
1 0.703125 0.5144230769230769 0.12740384615384615 0.1658653846153846
1 0.5108173076923077 0.8233173076923077 0.12259615384615384 0.17067307692307693
1 0.49158653846153844 0.5024038461538461 0.12740384615384615 0.1658653846153846
1 0.4831730769230769 0.21033653846153846 0.13942307692307693 0.17067307692307693
1 0.27163461538461536 0.22956730769230768 0.1346153846153846 0.1658653846153846
1 0.25600961538461536 0.8233173076923077 0.13701923076923078 0.1778846153846154
1 0.25721153846153844 0.5396634615384616 0.13942307692307693 0.1658653846153846
1 0.03485576923076923 0.828125 0.06971153846153846 0.1658653846153846
1 0.03125 0.5108173076923077 0.0625 0.17548076923076922
1 0.03245192307692308 0.22956730769230768 0.057692307692307696 0.16346153846153846
1 0.9002403846153846 0.8713942307692307 0.1466346153846154 0.1971153846153846