0 0.07572115384615384 0.9639423076923077 0.0985576923076923 0.07211538461538461
0 0.23317307692307693 0.9399038461538461 0.09375 0.07211538461538461
0 0.6189903846153846 0.9242788461538461 0.09375 0.07932692307692307
0 0.41225961538461536 0.9266826923076923 0.09375 0.07451923076923077
0 0.8233173076923077 0.9014423076923077 0.09375 0.07451923076923077
0 0.0889423076923077 0.8137019230769231 0.0985576923076923 0.07451923076923077
0 0.41225961538461536 0.7992788461538461 0.10336538461538461 0.07211538461538461
0 0.2403846153846154 0.7944711538461539 0.09375 0.0673076923076923
0 0.6069711538461539 0.7800480769230769 0.0985576923076923 0.06971153846153846
0 0.8209134615384616 0.7596153846153846 0.0985576923076923 0.07451923076923077
0 0.07692307692307693 0.6754807692307693 0.09615384615384616 0.07211538461538461
0 0.24639423076923078 0.6550480769230769 0.09375 0.07451923076923077
0 0.4170673076923077 0.6478365384615384 0.08413461538461539 0.0673076923076923
0 0.6057692307692307 0.6394230769230769 0.09134615384615384 0.0673076923076923
0 0.7980769230769231 0.6177884615384616 0.09375 0.07211538461538461
1 0.2091346153846154 0.5108173076923077 0.10817307692307693 0.08173076923076923
1 0.39302884615384615 0.5 0.11538461538461539 0.08653846153846154
1 0.06009615384615385 0.5048076923076923 0.10817307692307693 0.08653846153846154
1 0.5829326923076923 0.4855769230769231 0.10336538461538461 0.08413461538461539
1 0.8125 0.47596153846153844 0.12259615384615384 0.09134615384615384
1 0.056490384615384616 0.37259615384615385 0.11298076923076923 0.09134615384615384
1 0.3858173076923077 0.359375 0.11298076923076923 0.08653846153846154
1 0.21033653846153846 0.35697115384615385 0.11538461538461539 0.08653846153846154
1 0.8040865384615384 0.33653846153846156 0.11778846153846154 0.08653846153846154
1 0.5745192307692307 0.33413461538461536 0.11538461538461539 0.09134615384615384
1 0.3641826923076923 0.2091346153846154 0.11298076923076923 0.08653846153846154
1 0.5709134615384616 0.1935096153846154 0.11298076923076923 0.08653846153846154
1 0.18870192307692307 0.20432692307692307 0.11538461538461539 0.08653846153846154
1 0.7956730769230769 0.18028846153846154 0.11538461538461539 0.09134615384615384
1 0.051682692307692304 0.19951923076923078 0.10336538461538461 0.08653846153846154