0 0.025240384615384616 0.8509615384615384 0.05048076923076923 0.07211538461538461
0 0.15745192307692307 0.84375 0.09134615384615384 0.07211538461538461
0 0.5348557692307693 0.8605769230769231 0.09134615384615384 0.07692307692307693
0 0.3329326923076923 0.8461538461538461 0.09375 0.07692307692307693
0 0.7331730769230769 0.8545673076923077 0.09375 0.07692307692307693
0 0.038461538461538464 0.7091346153846154 0.07692307692307693 0.07692307692307693
0 0.3425480769230769 0.7223557692307693 0.0985576923076923 0.07211538461538461
0 0.1778846153846154 0.7007211538461539 0.09134615384615384 0.0673076923076923
0 0.5336538461538461 0.71875 0.09615384615384616 0.06971153846153846
0 0.7427884615384616 0.7175480769230769 0.09615384615384616 0.07211538461538461
0 0.036057692307692304 0.5733173076923077 0.07211538461538461 0.06971153846153846
0 0.19591346153846154 0.5697115384615384 0.09375 0.07692307692307693
0 0.36177884615384615 0.5745192307692307 0.08413461538461539 0.0673076923076923
0 0.5432692307692307 0.5841346153846154 0.0889423076923077 0.0673076923076923
0 0.7319711538461539 0.5805288461538461 0.09134615384615384 0.07211538461538461
1 0.17067307692307693 0.42427884615384615 0.11057692307692307 0.08173076923076923
1 0.3485576923076923 0.42788461538461536 0.11538461538461539 0.08653846153846154
1 0.040865384615384616 0.40625 0.07692307692307693 0.08173076923076923
1 0.5348557692307693 0.43149038461538464 0.10576923076923077 0.08653846153846154
1 0.7584134615384616 0.43990384615384615 0.12259615384615384 0.09134615384615384
1 0.05048076923076923 0.2800480769230769 0.08173076923076923 0.0889423076923077
1 0.3545673076923077 0.29086538461538464 0.11057692307692307 0.08653846153846154
1 0.18389423076923078 0.27524038461538464 0.11538461538461539 0.08653846153846154
1 0.7632211538461539 0.30408653846153844 0.11778846153846154 0.08173076923076923
1 0.5408653846153846 0.2824519230769231 0.11538461538461539 0.0889423076923077
1 0.34615384615384615 0.1466346153846154 0.11057692307692307 0.08173076923076923
1 0.5480769230769231 0.14903846153846154 0.11057692307692307 0.08173076923076923
1 0.17668269230769232 0.12620192307692307 0.11538461538461539 0.08173076923076923
1 0.7668269230769231 0.15504807692307693 0.11538461538461539 0.0889423076923077
1 0.056490384615384616 0.10817307692307693 0.07692307692307693 0.08173076923076923