0 0.08653846153846154 0.12139423076923077 0.09375 0.06971153846153846
0 0.234375 0.1346153846153846 0.0889423076923077 0.06971153846153846
0 0.6021634615384616 0.12379807692307693 0.0889423076923077 0.07451923076923077
0 0.4050480769230769 0.1346153846153846 0.0889423076923077 0.06971153846153846
0 0.7956730769230769 0.1310096153846154 0.0889423076923077 0.06971153846153846
0 0.10697115384615384 0.2620192307692308 0.09375 0.06971153846153846
0 0.41346153846153844 0.2548076923076923 0.0985576923076923 0.06971153846153846
0 0.2512019230769231 0.27163461538461536 0.0889423076923077 0.06490384615384616
0 0.5985576923076923 0.2608173076923077 0.09375 0.06490384615384616
0 0.8028846153846154 0.265625 0.09375 0.06971153846153846
0 0.1045673076923077 0.39302884615384615 0.09134615384615384 0.06971153846153846
0 0.2668269230769231 0.4026442307692308 0.0889423076923077 0.06971153846153846
0 0.42908653846153844 0.39783653846153844 0.08173076923076923 0.06490384615384616
0 0.6069711538461539 0.3942307692307692 0.08653846153846154 0.06490384615384616
0 0.7896634615384616 0.4014423076923077 0.0889423076923077 0.06971153846153846
1 0.24158653846153846 0.5420673076923077 0.10336538461538461 0.07692307692307693
1 0.41466346153846156 0.5396634615384616 0.10817307692307693 0.08413461538461539
1 0.09975961538461539 0.5576923076923077 0.10336538461538461 0.07932692307692307
1 0.5961538461538461 0.5408653846153846 0.0985576923076923 0.08173076923076923
1 0.8137019230769231 0.5348557692307693 0.11778846153846154 0.08653846153846154
1 0.10576923076923077 0.6826923076923077 0.10817307692307693 0.08653846153846154
1 0.4182692307692308 0.671875 0.10817307692307693 0.08413461538461539
1 0.2512019230769231 0.6875 0.10817307692307693 0.08173076923076923
1 0.8161057692307693 0.6682692307692307 0.11298076923076923 0.08173076923076923
1 0.5973557692307693 0.6850961538461539 0.10817307692307693 0.08653846153846154
1 0.4074519230769231 0.8173076923076923 0.10817307692307693 0.08173076923076923
1 0.6033653846153846 0.8173076923076923 0.10817307692307693 0.08173076923076923
1 0.24158653846153846 0.8341346153846154 0.10817307692307693 0.08173076923076923
1 0.8173076923076923 0.8161057692307693 0.10817307692307693 0.08653846153846154
1 0.10336538461538461 0.8461538461538461 0.11298076923076923 0.08173076923076923