0 0.921875 0.953125 0.07451923076923077 0.09375
0 0.9266826923076923 0.796875 0.08173076923076923 0.10096153846153846
0 0.9615384615384616 0.40024038461538464 0.07692307692307693 0.0985576923076923
0 0.9387019230769231 0.6129807692307693 0.08413461538461539 0.10096153846153846
0 0.9639423076923077 0.18990384615384615 0.07211538461538461 0.10096153846153846
0 0.7788461538461539 0.9266826923076923 0.08413461538461539 0.10817307692307693
0 0.8088942307692307 0.5949519230769231 0.08173076923076923 0.10817307692307693
0 0.7776442307692307 0.7680288461538461 0.07692307692307693 0.10096153846153846
0 0.8161057692307693 0.3942307692307692 0.07692307692307693 0.10817307692307693
0 0.8257211538461539 0.17307692307692307 0.08173076923076923 0.10817307692307693
0 0.6346153846153846 0.9206730769230769 0.07692307692307693 0.10096153846153846
0 0.640625 0.7415865384615384 0.08413461538461539 0.10096153846153846
0 0.6538461538461539 0.5685096153846154 0.07692307692307693 0.09375
0 0.6742788461538461 0.3762019230769231 0.07692307692307693 0.0985576923076923
0 0.6814903846153846 0.17668269230769232 0.08173076923076923 0.10096153846153846
1 0.484375 0.7596153846153846 0.09375 0.11778846153846154
1 0.5 0.5721153846153846 0.0985576923076923 0.125
1 0.45913461538461536 0.9110576923076923 0.09375 0.11538461538461539
1 0.5144230769230769 0.37740384615384615 0.09615384615384616 0.11538461538461539
1 0.5348557692307693 0.140625 0.10096153846153846 0.1346153846153846
1 0.32572115384615385 0.8954326923076923 0.10096153846153846 0.12740384615384615
1 0.3557692307692308 0.5588942307692307 0.0985576923076923 0.12259615384615384
1 0.3293269230769231 0.7367788461538461 0.0985576923076923 0.125
1 0.3918269230769231 0.12860576923076922 0.09375 0.12740384615384615
1 0.3557692307692308 0.3629807692307692 0.10096153846153846 0.125
1 0.20192307692307693 0.5588942307692307 0.09375 0.1201923076923077
1 0.21634615384615385 0.3473557692307692 0.09375 0.1201923076923077
1 0.171875 0.7379807692307693 0.09375 0.125
1 0.234375 0.11658653846153846 0.10096153846153846 0.125
1 0.14543269230769232 0.8846153846153846 0.09375 0.12740384615384615