0 0.006009615384615385 0.7848557692307693 0.01201923076923077 0.07451923076923077
0 0.11658653846153846 0.7788461538461539 0.0985576923076923 0.07932692307692307
0 0.5012019230769231 0.8173076923076923 0.0985576923076923 0.08653846153846154
0 0.296875 0.7908653846153846 0.0985576923076923 0.08173076923076923
0 0.7067307692307693 0.8221153846153846 0.0985576923076923 0.08173076923076923
0 0.020432692307692308 0.6370192307692307 0.040865384615384616 0.07692307692307693
0 0.3137019230769231 0.6646634615384616 0.10817307692307693 0.07932692307692307
0 0.14543269230769232 0.6358173076923077 0.0985576923076923 0.07451923076923077
0 0.5084134615384616 0.6730769230769231 0.10336538461538461 0.07692307692307693
0 0.7235576923076923 0.6814903846153846 0.10336538461538461 0.08173076923076923
0 0.02403846153846154 0.4963942307692308 0.04807692307692308 0.07451923076923077
0 0.17067307692307693 0.4987980769230769 0.0985576923076923 0.08173076923076923
0 0.3401442307692308 0.515625 0.0889423076923077 0.07211538461538461
0 0.5276442307692307 0.5336538461538461 0.09615384615384616 0.07451923076923077
0 0.7211538461538461 0.5384615384615384 0.0985576923076923 0.07932692307692307
1 0.15264423076923078 0.35096153846153844 0.11298076923076923 0.08653846153846154
1 0.33533653846153844 0.36538461538461536 0.1201923076923077 0.09375
1 0.037259615384615384 0.3269230769230769 0.05048076923076923 0.08653846153846154
1 0.5264423076923077 0.37740384615384615 0.10817307692307693 0.09134615384615384
1 0.7548076923076923 0.40024038461538464 0.12740384615384615 0.0985576923076923
1 0.052884615384615384 0.1971153846153846 0.057692307692307696 0.09134615384615384
1 0.3485576923076923 0.22596153846153846 0.11778846153846154 0.09375
1 0.17548076923076922 0.19831730769230768 0.1201923076923077 0.09375
1 0.7668269230769231 0.2608173076923077 0.12259615384615384 0.09375
1 0.5396634615384616 0.22596153846153846 0.12259615384615384 0.0985576923076923
1 0.3485576923076923 0.0733173076923077 0.11778846153846154 0.09375
1 0.5552884615384616 0.08653846153846154 0.11778846153846154 0.09375
1 0.17307692307692307 0.04567307692307692 0.1201923076923077 0.09134615384615384
1 0.7800480769230769 0.10576923076923077 0.12259615384615384 0.0985576923076923
1 0.06850961538461539 0.03365384615384615 0.05048076923076923 0.0673076923076923