0 0.9567307692307693 0.11658653846153846 0.08173076923076923 0.10576923076923077
0 0.9242788461538461 0.27524038461538464 0.07932692307692307 0.10096153846153846
0 0.8870192307692307 0.6742788461538461 0.08413461538461539 0.10336538461538461
0 0.9002403846153846 0.46033653846153844 0.08173076923076923 0.10336538461538461
0 0.8521634615384616 0.8822115384615384 0.08173076923076923 0.10336538461538461
0 0.8028846153846154 0.1201923076923077 0.08413461538461539 0.10817307692307693
0 0.7692307692307693 0.4519230769230769 0.08173076923076923 0.10817307692307693
0 0.7728365384615384 0.27524038461538464 0.07451923076923077 0.10096153846153846
0 0.7391826923076923 0.6526442307692307 0.07932692307692307 0.10576923076923077
0 0.7067307692307693 0.8725961538461539 0.08173076923076923 0.10576923076923077
0 0.6598557692307693 0.09975961538461539 0.07932692307692307 0.10096153846153846
0 0.6298076923076923 0.27524038461538464 0.08173076923076923 0.10336538461538461
0 0.6129807692307693 0.4495192307692308 0.07451923076923077 0.09134615384615384
0 0.59375 0.6430288461538461 0.07451923076923077 0.09615384615384616
0 0.5625 0.8401442307692307 0.07932692307692307 0.10096153846153846
1 0.4831730769230769 0.2283653846153846 0.09134615384615384 0.11778846153846154
1 0.46153846153846156 0.41586538461538464 0.09615384615384616 0.12259615384615384
1 0.484375 0.07451923076923077 0.09134615384615384 0.11538461538461539
1 0.4362980769230769 0.6117788461538461 0.09615384615384616 0.11298076923076923
1 0.41346153846153844 0.8485576923076923 0.0985576923076923 0.13221153846153846
1 0.3485576923076923 0.06370192307692307 0.0985576923076923 0.12259615384615384
1 0.31850961538461536 0.4014423076923077 0.09615384615384616 0.12259615384615384
1 0.3245192307692308 0.21875 0.09134615384615384 0.12259615384615384
1 0.2704326923076923 0.8317307692307693 0.09134615384615384 0.12740384615384615
1 0.27884615384615385 0.5949519230769231 0.0985576923076923 0.12259615384615384
1 0.1622596153846154 0.3713942307692308 0.09134615384615384 0.12259615384615384
1 0.13581730769230768 0.5841346153846154 0.09134615384615384 0.12259615384615384
1 0.16706730769230768 0.18990384615384615 0.09134615384615384 0.12259615384615384
1 0.11057692307692307 0.8149038461538461 0.0985576923076923 0.12259615384615384
1 0.17067307692307693 0.051682692307692304 0.09134615384615384 0.10336538461538461