0 0.0889423076923077 0.027644230769230768 0.07692307692307693 0.055288461538461536
0 0.2283653846153846 0.054086538461538464 0.0985576923076923 0.07932692307692307
0 0.6081730769230769 0.10216346153846154 0.0985576923076923 0.08413461538461539
0 0.40384615384615385 0.0829326923076923 0.0985576923076923 0.08173076923076923
0 0.8064903846153846 0.14302884615384615 0.0985576923076923 0.08173076923076923
0 0.07932692307692307 0.16466346153846154 0.09134615384615384 0.08173076923076923
0 0.39302884615384615 0.20793269230769232 0.10576923076923077 0.08173076923076923
0 0.22355769230769232 0.19831730769230768 0.0985576923076923 0.07451923076923077
0 0.5817307692307693 0.2439903846153846 0.10336538461538461 0.07932692307692307
0 0.7920673076923077 0.2824519230769231 0.10336538461538461 0.08413461538461539
0 0.05889423076923077 0.3016826923076923 0.08413461538461539 0.07932692307692307
0 0.21754807692307693 0.33533653846153844 0.0985576923076923 0.08173076923076923
0 0.38461538461538464 0.35697115384615385 0.0889423076923077 0.07211538461538461
0 0.5685096153846154 0.38221153846153844 0.09375 0.07211538461538461
0 0.7572115384615384 0.41947115384615385 0.0985576923076923 0.07932692307692307
1 0.16826923076923078 0.4735576923076923 0.11538461538461539 0.0889423076923077
1 0.3473557692307692 0.5024038461538461 0.1201923076923077 0.09375
1 0.038461538461538464 0.46875 0.07692307692307693 0.08653846153846154
1 0.5336538461538461 0.5324519230769231 0.11057692307692307 0.09375
1 0.7584134615384616 0.5612980769230769 0.12980769230769232 0.10096153846153846
1 0.03245192307692308 0.5997596153846154 0.06490384615384616 0.09375
1 0.3293269230769231 0.6394230769230769 0.1201923076923077 0.09375
1 0.15504807692307693 0.6262019230769231 0.12259615384615384 0.09134615384615384
1 0.7391826923076923 0.6983173076923077 0.125 0.09375
1 0.5132211538461539 0.6802884615384616 0.1201923076923077 0.0985576923076923
1 0.29447115384615385 0.7860576923076923 0.1201923076923077 0.09134615384615384
1 0.49759615384615385 0.8185096153846154 0.1201923076923077 0.09134615384615384
1 0.12139423076923077 0.7752403846153846 0.1201923076923077 0.09134615384615384
1 0.7175480769230769 0.8509615384615384 0.1201923076923077 0.0985576923076923
1 0.020432692307692308 0.7668269230769231 0.040865384615384616 0.08653846153846154