0 0.0673076923076923 0.1658653846153846 0.0889423076923077 0.0673076923076923
0 0.2091346153846154 0.17307692307692307 0.08413461538461539 0.0673076923076923
0 0.5600961538461539 0.15745192307692307 0.08413461538461539 0.07211538461538461
0 0.3737980769230769 0.17067307692307693 0.08413461538461539 0.07211538461538461
0 0.7463942307692307 0.16346153846153846 0.08413461538461539 0.07211538461538461
0 0.0889423076923077 0.2980769230769231 0.0889423076923077 0.07211538461538461
0 0.38341346153846156 0.2860576923076923 0.09375 0.0673076923076923
0 0.2283653846153846 0.3076923076923077 0.08413461538461539 0.0625
0 0.5600961538461539 0.29086538461538464 0.0889423076923077 0.0673076923076923
0 0.7548076923076923 0.2920673076923077 0.0889423076923077 0.0673076923076923
0 0.08774038461538461 0.4266826923076923 0.08413461538461539 0.0673076923076923
0 0.24519230769230768 0.43028846153846156 0.08413461538461539 0.0673076923076923
0 0.40024038461538464 0.42427884615384615 0.07932692307692307 0.0625
0 0.5697115384615384 0.41586538461538464 0.08413461538461539 0.0625
0 0.7451923076923077 0.4182692307692308 0.08413461538461539 0.0673076923076923
1 0.22355769230769232 0.5649038461538461 0.10096153846153846 0.07692307692307693
1 0.3894230769230769 0.5612980769230769 0.10576923076923077 0.08173076923076923
1 0.08774038461538461 0.5805288461538461 0.10096153846153846 0.07692307692307693
1 0.5625 0.5564903846153846 0.09615384615384616 0.08173076923076923
1 0.7692307692307693 0.5492788461538461 0.11538461538461539 0.08173076923076923
1 0.09495192307692307 0.6995192307692307 0.10576923076923077 0.08173076923076923
1 0.3942307692307692 0.6875 0.10576923076923077 0.08173076923076923
1 0.23557692307692307 0.7043269230769231 0.10576923076923077 0.07692307692307693
1 0.7740384615384616 0.6754807692307693 0.11057692307692307 0.07692307692307693
1 0.5673076923076923 0.6959134615384616 0.10576923076923077 0.08173076923076923
1 0.38461538461538464 0.8233173076923077 0.10096153846153846 0.07692307692307693
1 0.5745192307692307 0.8209134615384616 0.10576923076923077 0.07692307692307693
1 0.2283653846153846 0.8413461538461539 0.10576923076923077 0.07692307692307693
1 0.7776442307692307 0.8149038461538461 0.10576923076923077 0.08173076923076923
1 0.09615384615384616 0.8581730769230769 0.11057692307692307 0.07692307692307693