0 0.8653846153846154 0.1045673076923077 0.09615384615384616 0.07211538461538461
0 0.7259615384615384 0.13942307692307693 0.09134615384615384 0.07451923076923077
0 0.3737980769230769 0.18509615384615385 0.09134615384615384 0.07692307692307693
0 0.5637019230769231 0.16706730769230768 0.09134615384615384 0.07692307692307693
0 0.19110576923076922 0.22235576923076922 0.09134615384615384 0.07692307692307693
0 0.8677884615384616 0.24278846153846154 0.09615384615384616 0.07692307692307693
0 0.5733173076923077 0.2824519230769231 0.0985576923076923 0.07211538461538461
0 0.7295673076923077 0.27283653846153844 0.09134615384615384 0.06971153846153846
0 0.39783653846153844 0.31490384615384615 0.09615384615384616 0.07211538461538461
0 0.203125 0.35096153846153844 0.09615384615384616 0.07692307692307693
0 0.8894230769230769 0.36778846153846156 0.09375 0.07211538461538461
0 0.7355769230769231 0.40024038461538464 0.09134615384615384 0.07692307692307693
0 0.5805288461538461 0.4206730769230769 0.08413461538461539 0.0673076923076923
0 0.4098557692307692 0.44471153846153844 0.0889423076923077 0.0673076923076923
0 0.23677884615384615 0.47836538461538464 0.09134615384615384 0.07451923076923077
1 0.7824519230769231 0.5288461538461539 0.10576923076923077 0.08413461538461539
1 0.6153846153846154 0.5540865384615384 0.11298076923076923 0.0889423076923077
1 0.9182692307692307 0.5228365384615384 0.10336538461538461 0.08413461538461539
1 0.44350961538461536 0.5829326923076923 0.10336538461538461 0.0889423076923077
1 0.234375 0.6105769230769231 0.1201923076923077 0.09134615384615384
1 0.9314903846153846 0.6430288461538461 0.11298076923076923 0.09134615384615384
1 0.6322115384615384 0.6814903846153846 0.11057692307692307 0.0889423076923077
1 0.7932692307692307 0.6694711538461539 0.11057692307692307 0.08413461538461539
1 0.25240384615384615 0.7367788461538461 0.11298076923076923 0.08413461538461539
1 0.46274038461538464 0.7199519230769231 0.11298076923076923 0.09134615384615384
1 0.6634615384615384 0.8173076923076923 0.10817307692307693 0.08413461538461539
1 0.47716346153846156 0.8473557692307693 0.10817307692307693 0.08413461538461539
1 0.8257211538461539 0.8076923076923077 0.11057692307692307 0.08413461538461539
1 0.27403846153846156 0.8774038461538461 0.11298076923076923 0.09134615384615384
1 0.9495192307692307 0.796875 0.10096153846153846 0.08413461538461539