0 0.9242788461538461 0.8533653846153846 0.07451923076923077 0.0985576923076923
0 0.8858173076923077 0.7151442307692307 0.07451923076923077 0.09375
0 0.828125 0.36538461538461536 0.07932692307692307 0.09375
0 0.8545673076923077 0.5528846153846154 0.07932692307692307 0.09375
0 0.7860576923076923 0.18389423076923078 0.07932692307692307 0.09375
0 0.7884615384615384 0.8605769230769231 0.07932692307692307 0.0985576923076923
0 0.7367788461538461 0.5685096153846154 0.07692307692307693 0.10096153846153846
0 0.7524038461538461 0.7235576923076923 0.06971153846153846 0.09134615384615384
0 0.6983173076923077 0.3942307692307692 0.07451923076923077 0.0985576923076923
0 0.65625 0.20192307692307693 0.07932692307692307 0.0985576923076923
0 0.6634615384615384 0.8870192307692307 0.07451923076923077 0.09615384615384616
0 0.6262019230769231 0.734375 0.07932692307692307 0.09375
0 0.5997596153846154 0.5805288461538461 0.06971153846153846 0.08413461538461539
0 0.5709134615384616 0.4098557692307692 0.06971153846153846 0.0889423076923077
0 0.5300480769230769 0.23798076923076922 0.07451923076923077 0.09375
1 0.4987980769230769 0.7848557692307693 0.08653846153846154 0.10817307692307693
1 0.4675480769230769 0.6189903846153846 0.09134615384615384 0.11298076923076923
1 0.5096153846153846 0.9206730769230769 0.08653846153846154 0.10576923076923077
1 0.4338942307692308 0.4483173076923077 0.09134615384615384 0.10576923076923077
1 0.39903846153846156 0.2403846153846154 0.09615384615384616 0.12259615384615384
1 0.3894230769230769 0.9387019230769231 0.09375 0.11538461538461539
1 0.34134615384615385 0.640625 0.09134615384615384 0.11057692307692307
1 0.3581730769230769 0.8028846153846154 0.08653846153846154 0.11298076923076923
1 0.27283653846153844 0.26322115384615385 0.0889423076923077 0.11538461538461539
1 0.2956730769230769 0.4723557692307692 0.09375 0.11538461538461539
1 0.20673076923076922 0.6778846153846154 0.08653846153846154 0.11057692307692307
1 0.16947115384615385 0.49158653846153844 0.08653846153846154 0.11057692307692307
1 0.22115384615384615 0.8389423076923077 0.08653846153846154 0.11298076923076923
1 0.13221153846153846 0.28966346153846156 0.09375 0.11538461538461539
1 0.234375 0.9555288461538461 0.0889423076923077 0.0889423076923077