0 0.027644230769230768 0.14903846153846154 0.055288461538461536 0.07211538461538461
0 0.15865384615384615 0.15144230769230768 0.09375 0.07451923076923077
0 0.5276442307692307 0.12259615384615384 0.0889423076923077 0.07932692307692307
0 0.33052884615384615 0.14302884615384615 0.09134615384615384 0.07692307692307693
0 0.7211538461538461 0.12139423076923077 0.09134615384615384 0.07692307692307693
0 0.042067307692307696 0.2860576923076923 0.08413461538461539 0.07692307692307693
0 0.34375 0.2644230769230769 0.10096153846153846 0.07451923076923077
0 0.18389423076923078 0.29086538461538464 0.09134615384615384 0.06971153846153846
0 0.53125 0.2620192307692308 0.09615384615384616 0.06971153846153846
0 0.7355769230769231 0.2548076923076923 0.09615384615384616 0.07451923076923077
0 0.04326923076923077 0.41947115384615385 0.08653846153846154 0.06971153846153846
0 0.20432692307692307 0.4182692307692308 0.09375 0.07692307692307693
0 0.36778846153846156 0.40865384615384615 0.08413461538461539 0.06971153846153846
0 0.5456730769230769 0.39302884615384615 0.0889423076923077 0.06971153846153846
0 0.7295673076923077 0.3894230769230769 0.09134615384615384 0.07451923076923077
1 0.18629807692307693 0.5625 0.10817307692307693 0.08413461538461539
1 0.3605769230769231 0.5516826923076923 0.11538461538461539 0.0889423076923077
1 0.05048076923076923 0.5829326923076923 0.09615384615384616 0.08413461538461539
1 0.5420673076923077 0.5408653846153846 0.10336538461538461 0.08653846153846154
1 0.7608173076923077 0.5264423076923077 0.12259615384615384 0.09134615384615384
1 0.06370192307692307 0.7091346153846154 0.10096153846153846 0.0889423076923077
1 0.3701923076923077 0.6850961538461539 0.11298076923076923 0.0889423076923077
1 0.20432692307692307 0.7067307692307693 0.11538461538461539 0.0889423076923077
1 0.7692307692307693 0.6586538461538461 0.11778846153846154 0.08653846153846154
1 0.5528846153846154 0.6887019230769231 0.11538461538461539 0.09134615384615384
1 0.36778846153846156 0.828125 0.11298076923076923 0.08653846153846154
1 0.5649038461538461 0.8185096153846154 0.11298076923076923 0.08653846153846154
1 0.20192307692307693 0.8533653846153846 0.11538461538461539 0.08653846153846154
1 0.7788461538461539 0.8052884615384616 0.11538461538461539 0.09134615384615384
1 0.07572115384615384 0.875 0.09615384615384616 0.08413461538461539