0 0.06971153846153846 0.8221153846153846 0.09134615384615384 0.0673076923076923
0 0.21033653846153846 0.8173076923076923 0.08653846153846154 0.0673076923076923
0 0.5564903846153846 0.8389423076923077 0.08413461538461539 0.07211538461538461
0 0.3713942307692308 0.8221153846153846 0.08653846153846154 0.06971153846153846
0 0.7391826923076923 0.8365384615384616 0.08653846153846154 0.06971153846153846
0 0.09375 0.6923076923076923 0.09134615384615384 0.06971153846153846
0 0.38341346153846156 0.7091346153846154 0.09375 0.06971153846153846
0 0.23197115384615385 0.6862980769230769 0.08653846153846154 0.0625
0 0.5576923076923077 0.7079326923076923 0.09134615384615384 0.06490384615384616
0 0.75 0.7103365384615384 0.09134615384615384 0.0673076923076923
0 0.09495192307692307 0.5673076923076923 0.08653846153846154 0.06490384615384616
0 0.25 0.5661057692307693 0.08653846153846154 0.06971153846153846
0 0.4026442307692308 0.5721153846153846 0.07932692307692307 0.0625
0 0.5697115384615384 0.5841346153846154 0.08413461538461539 0.0625
0 0.7427884615384616 0.5841346153846154 0.08653846153846154 0.0673076923076923
1 0.22956730769230768 0.43149038461538464 0.10096153846153846 0.07692307692307693
1 0.39302884615384615 0.4387019230769231 0.10576923076923077 0.08173076923076923
1 0.09735576923076923 0.41346153846153844 0.0985576923076923 0.07932692307692307
1 0.5637019230769231 0.44591346153846156 0.09615384615384616 0.08173076923076923
1 0.7692307692307693 0.4567307692307692 0.11298076923076923 0.08413461538461539
1 0.10697115384615384 0.296875 0.10576923076923077 0.08413461538461539
1 0.4014423076923077 0.3137019230769231 0.10336538461538461 0.08173076923076923
1 0.2439903846153846 0.2956730769230769 0.10576923076923077 0.08173076923076923
1 0.7752403846153846 0.3317307692307692 0.10817307692307693 0.07932692307692307
1 0.5709134615384616 0.3076923076923077 0.10576923076923077 0.08413461538461539
1 0.3954326923076923 0.17908653846153846 0.10336538461538461 0.07932692307692307
1 0.5805288461538461 0.18509615384615385 0.10336538461538461 0.07932692307692307
1 0.23918269230769232 0.15865384615384615 0.10576923076923077 0.07932692307692307
1 0.78125 0.19471153846153846 0.10576923076923077 0.08413461538461539
1 0.11057692307692307 0.140625 0.11057692307692307 0.07932692307692307