0 0.08413461538461539 0.8533653846153846 0.08653846153846154 0.06490384615384616
0 0.22596153846153846 0.8413461538461539 0.08173076923076923 0.06490384615384616
0 0.5769230769230769 0.8449519230769231 0.08173076923076923 0.06971153846153846
0 0.3894230769230769 0.8377403846153846 0.08173076923076923 0.06971153846153846
0 0.7620192307692307 0.8329326923076923 0.08173076923076923 0.06971153846153846
0 0.10096153846153846 0.7211538461538461 0.08653846153846154 0.06971153846153846
0 0.3954326923076923 0.7235576923076923 0.09134615384615384 0.06490384615384616
0 0.2403846153846154 0.7079326923076923 0.08173076923076923 0.06009615384615385
0 0.5721153846153846 0.7127403846153846 0.08653846153846154 0.06490384615384616
0 0.7668269230769231 0.7043269230769231 0.08653846153846154 0.06490384615384616
0 0.09615384615384616 0.5925480769230769 0.08173076923076923 0.06490384615384616
0 0.25240384615384615 0.5829326923076923 0.08173076923076923 0.06490384615384616
0 0.4074519230769231 0.5841346153846154 0.07692307692307693 0.06009615384615385
0 0.578125 0.5865384615384616 0.08173076923076923 0.06009615384615385
0 0.7524038461538461 0.578125 0.08173076923076923 0.0673076923076923
1 0.22596153846153846 0.4495192307692308 0.0985576923076923 0.07451923076923077
1 0.3918269230769231 0.44711538461538464 0.10336538461538461 0.07932692307692307
1 0.09014423076923077 0.4387019230769231 0.0985576923076923 0.07451923076923077
1 0.5649038461538461 0.44591346153846156 0.09375 0.07932692307692307
1 0.7728365384615384 0.44591346153846156 0.11298076923076923 0.08173076923076923
1 0.09375 0.31971153846153844 0.10336538461538461 0.07932692307692307
1 0.39302884615384615 0.32091346153846156 0.10336538461538461 0.07932692307692307
1 0.23317307692307693 0.31009615384615385 0.10336538461538461 0.07692307692307693
1 0.7728365384615384 0.31971153846153844 0.10817307692307693 0.07692307692307693
1 0.5649038461538461 0.30649038461538464 0.10336538461538461 0.07932692307692307
1 0.3786057692307692 0.18509615384615385 0.10096153846153846 0.07451923076923077
1 0.5685096153846154 0.1814903846153846 0.10336538461538461 0.07451923076923077
1 0.22115384615384615 0.17307692307692307 0.10336538461538461 0.07692307692307693
1 0.7716346153846154 0.18028846153846154 0.10336538461538461 0.08173076923076923
1 0.0889423076923077 0.16105769230769232 0.11057692307692307 0.07451923076923077