0 0.8521634615384616 0.9471153846153846 0.07451923076923077 0.09615384615384616
0 0.8497596153846154 0.796875 0.07451923076923077 0.09134615384615384
0 0.8798076923076923 0.4254807692307692 0.07932692307692307 0.09134615384615384
0 0.8581730769230769 0.6237980769230769 0.07692307692307693 0.09134615384615384
0 0.8798076923076923 0.23076923076923078 0.07692307692307693 0.09134615384615384
0 0.7127403846153846 0.9194711538461539 0.07692307692307693 0.09615384615384616
0 0.7367788461538461 0.609375 0.07451923076923077 0.10096153846153846
0 0.7091346153846154 0.7716346153846154 0.06971153846153846 0.09134615384615384
0 0.7379807692307693 0.4230769230769231 0.07211538461538461 0.09615384615384616
0 0.7439903846153846 0.21634615384615385 0.07451923076923077 0.09615384615384616
0 0.578125 0.9158653846153846 0.07211538461538461 0.09134615384615384
0 0.5805288461538461 0.7512019230769231 0.07692307692307693 0.09134615384615384
0 0.5901442307692307 0.5865384615384616 0.06971153846153846 0.08413461538461539
0 0.6057692307692307 0.40625 0.06971153846153846 0.09134615384615384
0 0.609375 0.22235576923076922 0.07451923076923077 0.09134615384615384
1 0.4362980769230769 0.7680288461538461 0.08413461538461539 0.11057692307692307
1 0.44591346153846156 0.5925480769230769 0.0889423076923077 0.11538461538461539
1 0.41466346153846156 0.9098557692307693 0.08653846153846154 0.10817307692307693
1 0.4567307692307692 0.4110576923076923 0.08653846153846154 0.10336538461538461
1 0.4723557692307692 0.19110576923076922 0.09134615384615384 0.12259615384615384
1 0.28846153846153844 0.8978365384615384 0.09134615384615384 0.11538461538461539
1 0.3125 0.5841346153846154 0.0889423076923077 0.11298076923076923
1 0.29086538461538464 0.7512019230769231 0.0889423076923077 0.11538461538461539
1 0.3389423076923077 0.1814903846153846 0.08653846153846154 0.11778846153846154
1 0.31009615384615385 0.40024038461538464 0.09134615384615384 0.11538461538461539
1 0.16947115384615385 0.5853365384615384 0.08653846153846154 0.11298076923076923
1 0.17908653846153846 0.3870192307692308 0.08653846153846154 0.11298076923076923
1 0.14302884615384615 0.7536057692307693 0.08653846153846154 0.11538461538461539
1 0.19230769230769232 0.17307692307692307 0.09134615384615384 0.11538461538461539
1 0.12139423076923077 0.8918269230769231 0.08653846153846154 0.1201923076923077