0 0.06971153846153846 0.8509615384615384 0.10096153846153846 0.07692307692307693
0 0.22716346153846154 0.8485576923076923 0.09615384615384616 0.07692307692307693
0 0.6141826923076923 0.8786057692307693 0.09615384615384616 0.08413461538461539
0 0.4074519230769231 0.8569711538461539 0.09615384615384616 0.07932692307692307
0 0.8173076923076923 0.8798076923076923 0.09615384615384616 0.07932692307692307
0 0.0985576923076923 0.7067307692307693 0.10096153846153846 0.07932692307692307
0 0.421875 0.7307692307692307 0.10576923076923077 0.07932692307692307
0 0.2536057692307692 0.703125 0.09615384615384616 0.07211538461538461
0 0.6165865384615384 0.7331730769230769 0.10096153846153846 0.07451923076923077
0 0.8329326923076923 0.7391826923076923 0.10096153846153846 0.07692307692307693
0 0.10336538461538461 0.5661057692307693 0.09615384615384616 0.07451923076923077
0 0.27524038461538464 0.5685096153846154 0.09615384615384616 0.07932692307692307
0 0.44591346153846156 0.578125 0.08653846153846154 0.07211538461538461
0 0.6334134615384616 0.5949519230769231 0.09375 0.07211538461538461
0 0.8257211538461539 0.5985576923076923 0.09615384615384616 0.07692307692307693
1 0.25600961538461536 0.4182692307692308 0.11298076923076923 0.0889423076923077
1 0.4387019230769231 0.42788461538461536 0.1201923076923077 0.09134615384615384
1 0.10817307692307693 0.3954326923076923 0.11298076923076923 0.09134615384615384
1 0.6298076923076923 0.43990384615384615 0.10817307692307693 0.09134615384615384
1 0.8581730769230769 0.45552884615384615 0.12740384615384615 0.09615384615384616
1 0.12139423076923077 0.2644230769230769 0.1201923076923077 0.09615384615384616
1 0.4495192307692308 0.28966346153846156 0.11778846153846154 0.09134615384615384
1 0.27403846153846156 0.265625 0.1201923076923077 0.09375
1 0.8677884615384616 0.3161057692307692 0.12259615384615384 0.09134615384615384
1 0.640625 0.2860576923076923 0.1201923076923077 0.09615384615384616
1 0.44711538461538464 0.13942307692307693 0.11778846153846154 0.09134615384615384
1 0.6538461538461539 0.14903846153846154 0.11778846153846154 0.09134615384615384
1 0.27163461538461536 0.11298076923076923 0.1201923076923077 0.09134615384615384
1 0.8786057692307693 0.16346153846153846 0.1201923076923077 0.09615384615384616
1 0.12860576923076922 0.09014423076923077 0.125 0.09134615384615384