0 0.9447115384615384 0.1346153846153846 0.09375 0.06971153846153846
0 0.796875 0.14423076923076922 0.0889423076923077 0.06971153846153846
0 0.43028846153846156 0.1346153846153846 0.08653846153846154 0.07451923076923077
0 0.6262019230769231 0.14423076923076922 0.0889423076923077 0.06971153846153846
0 0.23798076923076922 0.14423076923076922 0.0889423076923077 0.07211538461538461
0 0.9242788461538461 0.27163461538461536 0.09375 0.06971153846153846
0 0.6189903846153846 0.265625 0.09615384615384616 0.06971153846153846
0 0.7788461538461539 0.28365384615384615 0.0889423076923077 0.06490384615384616
0 0.43509615384615385 0.27283653846153844 0.09375 0.06490384615384616
0 0.23076923076923078 0.2776442307692308 0.09375 0.06971153846153846
0 0.9278846153846154 0.40384615384615385 0.0889423076923077 0.06490384615384616
0 0.765625 0.41225961538461536 0.0889423076923077 0.07211538461538461
0 0.6033653846153846 0.4098557692307692 0.07932692307692307 0.06490384615384616
0 0.4266826923076923 0.40384615384615385 0.08653846153846154 0.06490384615384616
0 0.24519230769230768 0.4098557692307692 0.0889423076923077 0.06971153846153846
1 0.7908653846153846 0.5516826923076923 0.10336538461538461 0.07692307692307693
1 0.6177884615384616 0.5504807692307693 0.10817307692307693 0.08173076923076923
1 0.9302884615384616 0.5661057692307693 0.10096153846153846 0.07932692307692307
1 0.4375 0.5492788461538461 0.0985576923076923 0.07932692307692307
1 0.22115384615384615 0.5456730769230769 0.11778846153846154 0.08653846153846154
1 0.9254807692307693 0.6899038461538461 0.10817307692307693 0.08653846153846154
1 0.6141826923076923 0.6826923076923077 0.10817307692307693 0.08173076923076923
1 0.7800480769230769 0.6959134615384616 0.10817307692307693 0.08173076923076923
1 0.21875 0.6778846153846154 0.11298076923076923 0.08173076923076923
1 0.4338942307692308 0.6959134615384616 0.10817307692307693 0.08653846153846154
1 0.625 0.8245192307692307 0.10576923076923077 0.07932692307692307
1 0.42908653846153844 0.8245192307692307 0.10817307692307693 0.08173076923076923
1 0.7896634615384616 0.8413461538461539 0.10817307692307693 0.08173076923076923
1 0.21634615384615385 0.8233173076923077 0.10817307692307693 0.08653846153846154
1 0.9266826923076923 0.8557692307692307 0.11298076923076923 0.08173076923076923