0 0.08173076923076923 0.9278846153846154 0.07932692307692307 0.10576923076923077
0 0.08653846153846154 0.7680288461538461 0.07932692307692307 0.0985576923076923
0 0.0625 0.3701923076923077 0.08413461538461539 0.0985576923076923
0 0.08052884615384616 0.5829326923076923 0.08173076923076923 0.0985576923076923
0 0.06490384615384616 0.15985576923076922 0.08173076923076923 0.0985576923076923
0 0.23076923076923078 0.9002403846153846 0.08173076923076923 0.10576923076923077
0 0.21033653846153846 0.5685096153846154 0.07932692307692307 0.10576923076923077
0 0.23798076923076922 0.7427884615384616 0.07451923076923077 0.0985576923076923
0 0.2127403846153846 0.36778846153846156 0.07451923076923077 0.10576923076923077
0 0.2091346153846154 0.1466346153846154 0.07932692307692307 0.10576923076923077
0 0.3762019230769231 0.8990384615384616 0.07932692307692307 0.0985576923076923
0 0.37740384615384615 0.7223557692307693 0.07932692307692307 0.0985576923076923
0 0.36658653846153844 0.546875 0.07211538461538461 0.09134615384615384
0 0.35336538461538464 0.35336538461538464 0.07451923076923077 0.09615384615384616
0 0.3545673076923077 0.15625 0.07932692307692307 0.0985576923076923
1 0.5288461538461539 0.7451923076923077 0.0889423076923077 0.11538461538461539
1 0.5216346153846154 0.5564903846153846 0.09375 0.1201923076923077
1 0.5492788461538461 0.8966346153846154 0.0889423076923077 0.11298076923076923
1 0.5144230769230769 0.3605769230769231 0.09375 0.11057692307692307
1 0.5012019230769231 0.125 0.0985576923076923 0.12980769230769232
1 0.6850961538461539 0.8858173076923077 0.09615384615384616 0.1201923076923077
1 0.6646634615384616 0.5480769230769231 0.09375 0.11778846153846154
1 0.6875 0.7283653846153846 0.0889423076923077 0.1201923076923077
1 0.6442307692307693 0.11778846153846154 0.0889423076923077 0.125
1 0.6730769230769231 0.35216346153846156 0.09615384615384616 0.1201923076923077
1 0.8197115384615384 0.5552884615384616 0.0889423076923077 0.11538461538461539
1 0.8125 0.34134615384615385 0.0889423076923077 0.11778846153846154
1 0.8425480769230769 0.734375 0.0889423076923077 0.1201923076923077
1 0.8028846153846154 0.11057692307692307 0.09615384615384616 0.1201923076923077
1 0.8641826923076923 0.8822115384615384 0.0889423076923077 0.125