0 0.09615384615384616 0.0733173076923077 0.07451923076923077 0.09615384615384616
0 0.12139423076923077 0.21754807692307693 0.07211538461538461 0.09134615384615384
0 0.14903846153846154 0.5853365384615384 0.07692307692307693 0.0889423076923077
0 0.140625 0.38822115384615385 0.07211538461538461 0.09134615384615384
0 0.17908653846153846 0.7740384615384616 0.07211538461538461 0.09134615384615384
0 0.23557692307692307 0.078125 0.07451923076923077 0.09615384615384616
0 0.2608173076923077 0.38341346153846156 0.07451923076923077 0.0985576923076923
0 0.2608173076923077 0.22115384615384615 0.0673076923076923 0.09134615384615384
0 0.2860576923076923 0.5661057692307693 0.06971153846153846 0.09615384615384616
0 0.3125 0.7668269230769231 0.07451923076923077 0.09615384615384616
0 0.36538461538461536 0.06129807692307692 0.0673076923076923 0.09134615384615384
0 0.390625 0.22235576923076922 0.07211538461538461 0.09134615384615384
0 0.4050480769230769 0.38341346153846156 0.0673076923076923 0.08173076923076923
0 0.4170673076923077 0.5600961538461539 0.0673076923076923 0.0889423076923077
0 0.44350961538461536 0.7403846153846154 0.07211538461538461 0.09134615384615384
1 0.5276442307692307 0.18269230769230768 0.07932692307692307 0.10576923076923077
1 0.5444711538461539 0.3545673076923077 0.08413461538461539 0.11057692307692307
1 0.5276442307692307 0.046875 0.08413461538461539 0.09375
1 0.5625 0.5336538461538461 0.08413461538461539 0.10096153846153846
1 0.5817307692307693 0.75 0.0889423076923077 0.1201923076923077
1 0.6502403846153846 0.04447115384615385 0.0889423076923077 0.0889423076923077
1 0.6754807692307693 0.34375 0.08413461538461539 0.11057692307692307
1 0.6730769230769231 0.17668269230769232 0.08413461538461539 0.11057692307692307
1 0.7127403846153846 0.7379807692307693 0.08413461538461539 0.11538461538461539
1 0.7079326923076923 0.5216346153846154 0.0889423076923077 0.11057692307692307
1 0.8149038461538461 0.31850961538461536 0.08413461538461539 0.11057692307692307
1 0.8365384615384616 0.5132211538461539 0.08413461538461539 0.11057692307692307
1 0.8137019230769231 0.15264423076923078 0.08413461538461539 0.11057692307692307
1 0.8569711538461539 0.7247596153846154 0.0889423076923077 0.11057692307692307
1 0.8137019230769231 0.036057692307692304 0.08413461538461539 0.07211538461538461