0 0.12980769230769232 0.051682692307692304 0.06971153846153846 0.09375
0 0.1466346153846154 0.203125 0.06971153846153846 0.0889423076923077
0 0.14302884615384615 0.5805288461538461 0.07451923076923077 0.09134615384615384
0 0.1502403846153846 0.3786057692307692 0.07451923076923077 0.09134615384615384
0 0.15384615384615385 0.7788461538461539 0.07451923076923077 0.09134615384615384
0 0.27524038461538464 0.06971153846153846 0.07451923076923077 0.09615384615384616
0 0.27524038461538464 0.38461538461538464 0.06971153846153846 0.09615384615384616
0 0.28725961538461536 0.21875 0.06490384615384616 0.0889423076923077
0 0.2824519230769231 0.5745192307692307 0.0673076923076923 0.09375
0 0.2920673076923077 0.7848557692307693 0.07451923076923077 0.09615384615384616
0 0.4098557692307692 0.06610576923076923 0.06971153846153846 0.09134615384615384
0 0.421875 0.23197115384615385 0.07451923076923077 0.09134615384615384
0 0.41947115384615385 0.39783653846153844 0.06490384615384616 0.08173076923076923
0 0.4206730769230769 0.5817307692307693 0.06490384615384616 0.08653846153846154
0 0.43028846153846156 0.7680288461538461 0.06971153846153846 0.0889423076923077
1 0.5637019230769231 0.203125 0.07932692307692307 0.10817307692307693
1 0.5661057692307693 0.38100961538461536 0.08413461538461539 0.11298076923076923
1 0.578125 0.057692307692307696 0.07932692307692307 0.10336538461538461
1 0.5709134615384616 0.5661057692307693 0.08413461538461539 0.10336538461538461
1 0.5685096153846154 0.7908653846153846 0.08653846153846154 0.1201923076923077
1 0.7067307692307693 0.06129807692307692 0.08653846153846154 0.11298076923076923
1 0.703125 0.38221153846153844 0.08413461538461539 0.10817307692307693
1 0.7139423076923077 0.21033653846153846 0.07932692307692307 0.11298076923076923
1 0.7043269230769231 0.7896634615384616 0.07932692307692307 0.11538461538461539
1 0.71875 0.5661057692307693 0.08653846153846154 0.11298076923076923
1 0.8509615384615384 0.36899038461538464 0.07932692307692307 0.10817307692307693
1 0.8545673076923077 0.5697115384615384 0.07932692307692307 0.10817307692307693
1 0.8629807692307693 0.1971153846153846 0.07932692307692307 0.11298076923076923
1 0.8569711538461539 0.7884615384615384 0.08653846153846154 0.11298076923076923
1 0.8737980769230769 0.06009615384615385 0.07932692307692307 0.10817307692307693