0 0.90625 0.9807692307692307 0.07692307692307693 0.038461538461538464
0 0.9098557692307693 0.8569711538461539 0.08413461538461539 0.10096153846153846
0 0.9555288461538461 0.46153846153846156 0.0889423076923077 0.10336538461538461
0 0.9254807692307693 0.671875 0.08653846153846154 0.10096153846153846
0 0.9591346153846154 0.25 0.08173076923076923 0.10096153846153846
0 0.7596153846153846 0.9639423076923077 0.08653846153846154 0.07211538461538461
0 0.7956730769230769 0.6514423076923077 0.08413461538461539 0.10817307692307693
0 0.7608173076923077 0.8233173076923077 0.07932692307692307 0.10096153846153846
0 0.8052884615384616 0.4519230769230769 0.07932692307692307 0.10817307692307693
0 0.8197115384615384 0.23076923076923078 0.08413461538461539 0.10817307692307693
0 0.6129807692307693 0.9603365384615384 0.08173076923076923 0.07932692307692307
0 0.6225961538461539 0.7956730769230769 0.08413461538461539 0.10096153846153846
0 0.6418269230769231 0.6213942307692307 0.07692307692307693 0.09375
0 0.6646634615384616 0.42908653846153844 0.07692307692307693 0.0985576923076923
0 0.6742788461538461 0.23197115384615385 0.08413461538461539 0.10096153846153846
1 0.46875 0.8112980769230769 0.09375 0.1201923076923077
1 0.4855769230769231 0.6225961538461539 0.10096153846153846 0.125
1 0.4423076923076923 0.9507211538461539 0.09134615384615384 0.0985576923076923
1 0.5048076923076923 0.42788461538461536 0.0985576923076923 0.11538461538461539
1 0.5288461538461539 0.1935096153846154 0.10336538461538461 0.1346153846153846
1 0.3076923076923077 0.9326923076923077 0.0985576923076923 0.10336538461538461
1 0.34375 0.6081730769230769 0.0985576923076923 0.12259615384615384
1 0.3125 0.7860576923076923 0.09615384615384616 0.12740384615384615
1 0.3870192307692308 0.17908653846153846 0.09615384615384616 0.12980769230769232
1 0.34615384615384615 0.41225961538461536 0.10336538461538461 0.125
1 0.18870192307692307 0.6069711538461539 0.09375 0.1201923076923077
1 0.20673076923076922 0.39302884615384615 0.09375 0.12259615384615384
1 0.15625 0.7836538461538461 0.09615384615384616 0.12740384615384615
1 0.23076923076923078 0.16346153846153846 0.10336538461538461 0.125
1 0.12980769230769232 0.9134615384615384 0.09134615384615384 0.0985576923076923