0 0.06129807692307692 0.8173076923076923 0.09134615384615384 0.06971153846153846
0 0.20192307692307693 0.8125 0.08653846153846154 0.06971153846153846
0 0.5504807692307693 0.8413461538461539 0.08653846153846154 0.07451923076923077
0 0.3641826923076923 0.8209134615384616 0.08653846153846154 0.07451923076923077
0 0.7355769230769231 0.84375 0.08653846153846154 0.07451923076923077
0 0.08653846153846154 0.6850961538461539 0.09134615384615384 0.07451923076923077
0 0.3786057692307692 0.7067307692307693 0.09615384615384616 0.06971153846153846
0 0.22596153846153846 0.6838942307692307 0.08653846153846154 0.06490384615384616
0 0.5552884615384616 0.7115384615384616 0.09134615384615384 0.0673076923076923
0 0.7487980769230769 0.7163461538461539 0.09134615384615384 0.07451923076923077
0 0.09134615384615384 0.5600961538461539 0.09134615384615384 0.06971153846153846
0 0.24639423076923078 0.5600961538461539 0.08653846153846154 0.07451923076923077
0 0.39903846153846156 0.5721153846153846 0.08173076923076923 0.06490384615384616
0 0.5697115384615384 0.5841346153846154 0.08653846153846154 0.06490384615384616
0 0.7427884615384616 0.5877403846153846 0.08653846153846154 0.07211538461538461
1 0.2283653846153846 0.4266826923076923 0.10096153846153846 0.07932692307692307
1 0.39302884615384615 0.4362980769230769 0.10817307692307693 0.08653846153846154
1 0.09615384615384616 0.40384615384615385 0.10096153846153846 0.07932692307692307
1 0.5649038461538461 0.44471153846153844 0.0985576923076923 0.08413461538461539
1 0.7728365384615384 0.46033653846153844 0.11778846153846154 0.0889423076923077
1 0.10697115384615384 0.2860576923076923 0.10817307692307693 0.08653846153846154
1 0.4026442307692308 0.31009615384615385 0.10817307692307693 0.08653846153846154
1 0.24639423076923078 0.28725961538461536 0.10817307692307693 0.08413461538461539
1 0.78125 0.33413461538461536 0.11298076923076923 0.08413461538461539
1 0.5745192307692307 0.30649038461538464 0.10817307692307693 0.08653846153846154
1 0.40024038461538464 0.171875 0.10576923076923077 0.08173076923076923
1 0.5865384615384616 0.18028846153846154 0.10576923076923077 0.08173076923076923
1 0.2439903846153846 0.14783653846153846 0.10817307692307693 0.08413461538461539
1 0.7896634615384616 0.1935096153846154 0.10817307692307693 0.0889423076923077
1 0.1141826923076923 0.12980769230769232 0.11298076923076923 0.08173076923076923