0 0.8786057692307693 0.11899038461538461 0.0673076923076923 0.09134615384615384
0 0.8545673076923077 0.25721153846153844 0.0673076923076923 0.08653846153846154
0 0.828125 0.6033653846153846 0.07211538461538461 0.08413461538461539
0 0.8365384615384616 0.4170673076923077 0.06971153846153846 0.08653846153846154
0 0.7992788461538461 0.7836538461538461 0.06971153846153846 0.08653846153846154
0 0.7463942307692307 0.125 0.06971153846153846 0.09134615384615384
0 0.7223557692307693 0.41346153846153844 0.06971153846153846 0.09375
0 0.7211538461538461 0.25961538461538464 0.0625 0.08653846153846154
0 0.6971153846153846 0.5865384615384616 0.06490384615384616 0.09134615384615384
0 0.6730769230769231 0.7776442307692307 0.0673076923076923 0.09134615384615384
0 0.6225961538461539 0.10817307692307693 0.06490384615384616 0.08653846153846154
0 0.5997596153846154 0.2608173076923077 0.06971153846153846 0.08653846153846154
0 0.5853365384615384 0.41346153846153844 0.0625 0.07932692307692307
0 0.5733173076923077 0.5805288461538461 0.0625 0.08413461538461539
0 0.5492788461538461 0.7512019230769231 0.0673076923076923 0.08653846153846154
1 0.4699519230769231 0.22355769230769232 0.07692307692307693 0.10096153846153846
1 0.4543269230769231 0.3858173076923077 0.08173076923076923 0.10576923076923077
1 0.47115384615384615 0.0889423076923077 0.07932692307692307 0.0985576923076923
1 0.4375 0.5552884615384616 0.08173076923076923 0.09615384615384616
1 0.41947115384615385 0.7608173076923077 0.08413461538461539 0.11298076923076923
1 0.35336538461538464 0.0829326923076923 0.08413461538461539 0.10576923076923077
1 0.3293269230769231 0.3762019230769231 0.08173076923076923 0.10336538461538461
1 0.3329326923076923 0.21875 0.08173076923076923 0.10576923076923077
1 0.29447115384615385 0.75 0.07932692307692307 0.10817307692307693
1 0.29927884615384615 0.5432692307692307 0.08413461538461539 0.10576923076923077
1 0.1971153846153846 0.35216346153846156 0.07932692307692307 0.10336538461538461
1 0.17668269230769232 0.5360576923076923 0.07932692307692307 0.10336538461538461
1 0.19831730769230768 0.19471153846153846 0.07932692307692307 0.10576923076923077
1 0.15865384615384615 0.7367788461538461 0.08413461538461539 0.10576923076923077
1 0.19831730769230768 0.06490384615384616 0.07932692307692307 0.11057692307692307