0 0.07091346153846154 0.09375 0.07692307692307693 0.0985576923076923
0 0.1045673076923077 0.23918269230769232 0.07692307692307693 0.09375
0 0.14543269230769232 0.6069711538461539 0.08173076923076923 0.09375
0 0.12740384615384615 0.4098557692307692 0.07932692307692307 0.09375
0 0.18028846153846154 0.7992788461538461 0.07932692307692307 0.09375
0 0.2127403846153846 0.09375 0.07932692307692307 0.0985576923076923
0 0.25 0.4014423076923077 0.07692307692307693 0.10336538461538461
0 0.24278846153846154 0.23798076923076922 0.07211538461538461 0.09375
0 0.2800480769230769 0.5841346153846154 0.07211538461538461 0.0985576923076923
0 0.31490384615384615 0.7872596153846154 0.07932692307692307 0.0985576923076923
0 0.34375 0.07451923076923077 0.07692307692307693 0.0985576923076923
0 0.375 0.23557692307692307 0.07932692307692307 0.09375
0 0.3942307692307692 0.39663461538461536 0.06971153846153846 0.08653846153846154
0 0.41466346153846156 0.5745192307692307 0.07211538461538461 0.09134615384615384
0 0.44711538461538464 0.7560096153846154 0.07692307692307693 0.09375
1 0.5096153846153846 0.18990384615384615 0.08413461538461539 0.10817307692307693
1 0.5324519230769231 0.3629807692307692 0.09134615384615384 0.11538461538461539
1 0.5072115384615384 0.05048076923076923 0.08653846153846154 0.10096153846153846
1 0.5600961538461539 0.5432692307692307 0.0889423076923077 0.10336538461538461
1 0.5841346153846154 0.7608173076923077 0.09375 0.12259615384615384
1 0.6298076923076923 0.04567307692307692 0.09134615384615384 0.09134615384615384
1 0.6646634615384616 0.3473557692307692 0.0889423076923077 0.11298076923076923
1 0.6574519230769231 0.17908653846153846 0.0889423076923077 0.11538461538461539
1 0.7163461538461539 0.7439903846153846 0.0889423076923077 0.11778846153846154
1 0.703125 0.5240384615384616 0.09375 0.11538461538461539
1 0.8076923076923077 0.3161057692307692 0.08653846153846154 0.11298076923076923
1 0.8365384615384616 0.5120192307692307 0.08653846153846154 0.11298076923076923
1 0.8004807692307693 0.14783653846153846 0.0889423076923077 0.11538461538461539
1 0.8641826923076923 0.7247596153846154 0.09375 0.11538461538461539
1 0.7932692307692307 0.03485576923076923 0.08653846153846154 0.06971153846153846