0 0.8185096153846154 0.9483173076923077 0.07932692307692307 0.10096153846153846
0 0.8233173076923077 0.7992788461538461 0.07932692307692307 0.09615384615384616
0 0.8725961538461539 0.4338942307692308 0.08413461538461539 0.09615384615384616
0 0.8401442307692307 0.6274038461538461 0.08173076923076923 0.09615384615384616
0 0.8822115384615384 0.23798076923076922 0.08173076923076923 0.09615384615384616
0 0.6814903846153846 0.9134615384615384 0.08173076923076923 0.10096153846153846
0 0.7199519230769231 0.6069711538461539 0.07932692307692307 0.10576923076923077
0 0.6850961538461539 0.7668269230769231 0.07451923076923077 0.09375
0 0.7319711538461539 0.4206730769230769 0.07451923076923077 0.0985576923076923
0 0.75 0.21754807692307693 0.07932692307692307 0.10096153846153846
0 0.546875 0.9026442307692307 0.07932692307692307 0.09615384615384616
0 0.5576923076923077 0.7391826923076923 0.07932692307692307 0.09615384615384616
0 0.578125 0.5769230769230769 0.07211538461538461 0.08653846153846154
0 0.6033653846153846 0.39903846153846156 0.07451923076923077 0.09134615384615384
0 0.6153846153846154 0.21634615384615385 0.07932692307692307 0.09615384615384616
1 0.41346153846153844 0.7487980769230769 0.0889423076923077 0.11057692307692307
1 0.4338942307692308 0.5757211538461539 0.09375 0.11778846153846154
1 0.3858173076923077 0.8894230769230769 0.09134615384615384 0.11057692307692307
1 0.4543269230769231 0.3954326923076923 0.09134615384615384 0.10576923076923077
1 0.4807692307692308 0.1778846153846154 0.09615384615384616 0.125
1 0.2608173076923077 0.8701923076923077 0.09615384615384616 0.11778846153846154
1 0.3016826923076923 0.5576923076923077 0.09375 0.11538461538461539
1 0.2692307692307692 0.7235576923076923 0.09134615384615384 0.11778846153846154
1 0.3485576923076923 0.1622596153846154 0.09134615384615384 0.1201923076923077
1 0.3076923076923077 0.37740384615384615 0.09615384615384616 0.11778846153846154
1 0.15865384615384615 0.5552884615384616 0.09134615384615384 0.11057692307692307
1 0.1778846153846154 0.3581730769230769 0.09134615384615384 0.11538461538461539
1 0.125 0.71875 0.09134615384615384 0.11778846153846154
1 0.203125 0.14543269230769232 0.09615384615384616 0.11778846153846154
1 0.09615384615384616 0.8545673076923077 0.09134615384615384 0.12259615384615384