0 0.2127403846153846 0.3317307692307692 0.06490384615384616 0.09134615384615384
1 0.1658653846153846 0.8954326923076923 0.0625 0.11538461538461539
0 0.1935096153846154 0.6826923076923077 0.06009615384615385 0.08653846153846154
0 0.2091346153846154 0.5072115384615384 0.06009615384615385 0.09134615384615384
0 0.28966346153846156 0.33413461538461536 0.055288461538461536 0.09615384615384616
1 0.24158653846153846 0.9038461538461539 0.07211538461538461 0.1201923076923077
0 0.28125 0.5264423076923077 0.06009615384615385 0.09615384615384616
0 0.2704326923076923 0.7091346153846154 0.06009615384615385 0.09615384615384616
0 0.3894230769230769 0.32572115384615385 0.06490384615384616 0.10336538461538461
1 0.34134615384615385 0.9459134615384616 0.08173076923076923 0.09134615384615384
0 0.38221153846153844 0.5072115384615384 0.06490384615384616 0.10096153846153846
0 0.3701923076923077 0.7319711538461539 0.06971153846153846 0.10336538461538461
0 0.515625 0.5264423076923077 0.08413461538461539 0.11778846153846154
0 0.5384615384615384 0.2920673076923077 0.08173076923076923 0.1201923076923077
1 0.47596153846153844 0.9735576923076923 0.10576923076923077 0.052884615384615384
0 0.5012019230769231 0.7584134615384616 0.0889423076923077 0.11778846153846154
0 0.6802884615384616 0.8185096153846154 0.11298076923076923 0.13701923076923078
0 0.7295673076923077 0.29086538461538464 0.10576923076923077 0.12980769230769232
0 0.7091346153846154 0.5552884615384616 0.10576923076923077 0.12980769230769232