0 0.24278846153846154 0.3737980769230769 0.0625 0.08653846153846154
1 0.2920673076923077 0.9038461538461539 0.06009615384615385 0.11057692307692307
0 0.28125 0.7043269230769231 0.057692307692307696 0.08173076923076923
0 0.2668269230769231 0.5384615384615384 0.057692307692307696 0.08653846153846154
0 0.31490384615384615 0.36538461538461536 0.052884615384615384 0.09134615384615384
1 0.3641826923076923 0.8990384615384616 0.0673076923076923 0.11057692307692307
0 0.3389423076923077 0.5444711538461539 0.057692307692307696 0.09134615384615384
0 0.3581730769230769 0.7151442307692307 0.057692307692307696 0.09134615384615384
0 0.4050480769230769 0.34134615384615385 0.0625 0.09615384615384616
1 0.4639423076923077 0.9411057692307693 0.07932692307692307 0.11778846153846154
0 0.42908653846153844 0.5108173076923077 0.0625 0.09615384615384616
0 0.4543269230769231 0.7211538461538461 0.0673076923076923 0.09615384615384616
0 0.5564903846153846 0.5060096153846154 0.07932692307692307 0.10576923076923077
0 0.5384615384615384 0.2860576923076923 0.07692307692307693 0.11538461538461539
1 0.5985576923076923 0.9483173076923077 0.10096153846153846 0.09615384615384616
0 0.5793269230769231 0.7223557692307693 0.08413461538461539 0.10817307692307693
0 0.7548076923076923 0.75 0.10576923076923077 0.12980769230769232
0 0.7151442307692307 0.2536057692307692 0.10096153846153846 0.12259615384615384
0 0.7391826923076923 0.5024038461538461 0.10096153846153846 0.12259615384615384