0 0.39903846153846156 0.7487980769230769 0.08413461538461539 0.0625
1 0.9194711538461539 0.6826923076923077 0.10817307692307693 0.06009615384615385
0 0.7211538461538461 0.6983173076923077 0.08173076923076923 0.057692307692307696
0 0.5588942307692307 0.7175480769230769 0.08413461538461539 0.057692307692307696
0 0.3870192307692308 0.6778846153846154 0.0889423076923077 0.052884615384615384
1 0.9122596153846154 0.6117788461538461 0.11298076923076923 0.06971153846153846
0 0.5625 0.6490384615384616 0.0889423076923077 0.057692307692307696
0 0.7307692307692307 0.6225961538461539 0.0889423076923077 0.057692307692307696
0 0.3605769230769231 0.5889423076923077 0.09615384615384616 0.0625
1 0.9447115384615384 0.5108173076923077 0.11057692307692307 0.07932692307692307
0 0.5264423076923077 0.5612980769230769 0.09375 0.0625
0 0.7331730769230769 0.5276442307692307 0.0985576923076923 0.0673076923076923
0 0.5192307692307693 0.4362980769230769 0.10817307692307693 0.07932692307692307
0 0.3016826923076923 0.46153846153846156 0.11538461538461539 0.07932692307692307
1 0.9495192307692307 0.38341346153846156 0.09134615384615384 0.10336538461538461
0 0.7307692307692307 0.4050480769230769 0.10817307692307693 0.08653846153846154
0 0.7512019230769231 0.23076923076923078 0.12980769230769232 0.10817307692307693
0 0.26322115384615385 0.28846153846153844 0.12259615384615384 0.10096153846153846
0 0.5072115384615384 0.25600961538461536 0.12259615384615384 0.10096153846153846