0 0.24639423076923078 0.4230769230769231 0.0673076923076923 0.0889423076923077
1 0.3317307692307692 0.9459134615384616 0.0673076923076923 0.10817307692307693
0 0.3088942307692308 0.7487980769230769 0.0625 0.08413461538461539
0 0.28365384615384615 0.5853365384615384 0.0625 0.0889423076923077
0 0.31850961538461536 0.4098557692307692 0.055288461538461536 0.09134615384615384
1 0.40384615384615385 0.9387019230769231 0.07451923076923077 0.11298076923076923
0 0.3545673076923077 0.5865384615384616 0.0625 0.09375
0 0.3858173076923077 0.7560096153846154 0.0625 0.09375
0 0.4074519230769231 0.3798076923076923 0.06971153846153846 0.0985576923076923
1 0.5048076923076923 0.9555288461538461 0.08173076923076923 0.0889423076923077
0 0.4423076923076923 0.546875 0.06971153846153846 0.0985576923076923
0 0.48197115384615385 0.7548076923076923 0.07451923076923077 0.0985576923076923
0 0.5685096153846154 0.5324519230769231 0.08413461538461539 0.11057692307692307
0 0.5348557692307693 0.31490384615384615 0.08413461538461539 0.1201923076923077
1 0.6382211538461539 0.9567307692307693 0.10336538461538461 0.06971153846153846
0 0.6069711538461539 0.7475961538461539 0.0889423076923077 0.11057692307692307
0 0.7848557692307693 0.7632211538461539 0.11298076923076923 0.13701923076923078
0 0.7091346153846154 0.2692307692307692 0.10817307692307693 0.12740384615384615
0 0.7512019230769231 0.5168269230769231 0.10817307692307693 0.12740384615384615