0 0.2692307692307692 0.39903846153846156 0.06009615384615385 0.08413461538461539
1 0.26322115384615385 0.9495192307692307 0.055288461538461536 0.09375
0 0.27403846153846156 0.7475961538461539 0.055288461538461536 0.08173076923076923
0 0.2776442307692308 0.5721153846153846 0.055288461538461536 0.08413461538461539
0 0.34615384615384615 0.39783653846153844 0.05048076923076923 0.0889423076923077
1 0.3389423076923077 0.9507211538461539 0.0625 0.09375
0 0.35096153846153844 0.5865384615384616 0.055288461538461536 0.0889423076923077
0 0.35336538461538464 0.7692307692307693 0.055288461538461536 0.0889423076923077
0 0.44471153846153844 0.38221153846153844 0.06009615384615385 0.09615384615384616
1 0.4387019230769231 0.9771634615384616 0.07211538461538461 0.04567307692307692
0 0.4483173076923077 0.5625 0.06009615384615385 0.09615384615384616
0 0.453125 0.7848557692307693 0.06490384615384616 0.09615384615384616
0 0.5829326923076923 0.5709134615384616 0.07451923076923077 0.11057692307692307
0 0.5877403846153846 0.33774038461538464 0.07451923076923077 0.11778846153846154
0 0.5841346153846154 0.8004807692307693 0.08173076923076923 0.11057692307692307
0 0.765625 0.8485576923076923 0.10336538461538461 0.13221153846153846
0 0.7776442307692307 0.3233173076923077 0.0985576923076923 0.12259615384615384
0 0.7752403846153846 0.5865384615384616 0.0985576923076923 0.12259615384615384