0 0.40625 0.23677884615384615 0.08653846153846154 0.06490384615384616
1 0.9242788461538461 0.33052884615384615 0.11057692307692307 0.06490384615384616
0 0.7271634615384616 0.30288461538461536 0.08413461538461539 0.06009615384615385
0 0.5649038461538461 0.27524038461538464 0.08653846153846154 0.06009615384615385
0 0.390625 0.3076923076923077 0.09134615384615384 0.057692307692307696
1 0.9134615384615384 0.40024038461538464 0.11298076923076923 0.07451923076923077
0 0.5649038461538461 0.3449519230769231 0.09134615384615384 0.0625
0 0.7319711538461539 0.3798076923076923 0.09134615384615384 0.0625
0 0.3581730769230769 0.3942307692307692 0.0985576923076923 0.0673076923076923
1 0.9423076923076923 0.5012019230769231 0.11538461538461539 0.0889423076923077
0 0.5240384615384616 0.43149038461538464 0.09615384615384616 0.0673076923076923
0 0.7295673076923077 0.47475961538461536 0.10096153846153846 0.07211538461538461
0 0.5084134615384616 0.5564903846153846 0.11057692307692307 0.08653846153846154
0 0.2932692307692308 0.5192307692307693 0.1201923076923077 0.08653846153846154
1 0.9411057692307693 0.6322115384615384 0.0985576923076923 0.10576923076923077
0 0.7211538461538461 0.5985576923076923 0.11298076923076923 0.09134615384615384
0 0.7319711538461539 0.7752403846153846 0.1346153846153846 0.11298076923076923
0 0.24519230769230768 0.6923076923076923 0.12740384615384615 0.10817307692307693
0 0.4891826923076923 0.7367788461538461 0.12980769230769232 0.10817307692307693