0 0.24639423076923078 0.390625 0.06009615384615385 0.08413461538461539
1 0.2764423076923077 0.921875 0.055288461538461536 0.10817307692307693
0 0.27283653846153844 0.7211538461538461 0.055288461538461536 0.07932692307692307
0 0.2644230769230769 0.5540865384615384 0.055288461538461536 0.08413461538461539
0 0.31850961538461536 0.38461538461538464 0.04807692307692308 0.0889423076923077
1 0.3473557692307692 0.9194711538461539 0.0625 0.10817307692307693
0 0.33653846153846156 0.5637019230769231 0.055288461538461536 0.0889423076923077
0 0.34975961538461536 0.7355769230769231 0.055288461538461536 0.0889423076923077
0 0.4098557692307692 0.3629807692307692 0.06009615384615385 0.09375
1 0.44591346153846156 0.953125 0.07451923076923077 0.09375
0 0.4266826923076923 0.5336538461538461 0.06009615384615385 0.09375
0 0.44591346153846156 0.7451923076923077 0.06490384615384616 0.09375
0 0.5552884615384616 0.5336538461538461 0.07451923076923077 0.10336538461538461
0 0.5444711538461539 0.3125 0.07211538461538461 0.11298076923076923
1 0.5769230769230769 0.9651442307692307 0.0985576923076923 0.0673076923076923
0 0.5709134615384616 0.75 0.07932692307692307 0.10576923076923077
0 0.7451923076923077 0.7836538461538461 0.10336538461538461 0.12740384615384615
0 0.7211538461538461 0.2860576923076923 0.09615384615384616 0.1201923076923077
0 0.7379807692307693 0.5360576923076923 0.09615384615384616 0.1201923076923077