0 0.1814903846153846 0.5625 0.06971153846153846 0.09375
1 0.27163461538461536 0.03125 0.0673076923076923 0.0625
0 0.24519230769230768 0.21634615384615385 0.06490384615384616 0.0889423076923077
0 0.21754807692307693 0.390625 0.06490384615384616 0.09375
0 0.25600961538461536 0.5769230769230769 0.0625 0.0985576923076923
1 0.34615384615384615 0.037259615384615384 0.07692307692307693 0.07451923076923077
0 0.2932692307692308 0.3894230769230769 0.0673076923076923 0.0985576923076923
0 0.328125 0.2091346153846154 0.0673076923076923 0.0985576923076923
0 0.35096153846153844 0.6105769230769231 0.07211538461538461 0.10576923076923077
1 0.4495192307692308 0.021634615384615384 0.08173076923076923 0.04326923076923077
0 0.3870192307692308 0.43149038461538464 0.07211538461538461 0.10336538461538461
0 0.43028846153846156 0.21033653846153846 0.07692307692307693 0.10817307692307693
0 0.5216346153846154 0.44471153846153844 0.09134615384615384 0.1201923076923077
0 0.48677884615384615 0.6778846153846154 0.0889423076923077 0.125
0 0.5625 0.21754807692307693 0.09615384615384616 0.12259615384615384
0 0.7512019230769231 0.20192307692307693 0.1201923076923077 0.14423076923076922
0 0.6706730769230769 0.7271634615384616 0.11298076923076923 0.13701923076923078
0 0.7163461538461539 0.4639423076923077 0.11298076923076923 0.13701923076923078