0 0.7163461538461539 0.6778846153846154 0.0673076923076923 0.09134615384615384
1 0.7824519230769231 0.1201923076923077 0.06490384615384616 0.11538461538461539
0 0.7487980769230769 0.33052884615384615 0.0625 0.08653846153846154
0 0.7271634615384616 0.5036057692307693 0.0625 0.0889423076923077
0 0.6418269230769231 0.6706730769230769 0.057692307692307696 0.09375
1 0.7079326923076923 0.11057692307692307 0.07451923076923077 0.1201923076923077
0 0.65625 0.48197115384615385 0.0625 0.09375
0 0.6730769230769231 0.3004807692307692 0.0625 0.09375
0 0.5420673076923077 0.6754807692307693 0.06971153846153846 0.10336538461538461
1 0.6105769230769231 0.05889423076923077 0.08653846153846154 0.10336538461538461
0 0.5564903846153846 0.4963942307692308 0.06971153846153846 0.10336538461538461
0 0.5745192307692307 0.27403846153846156 0.07451923076923077 0.10336538461538461
0 0.4230769230769231 0.4735576923076923 0.08413461538461539 0.11538461538461539
0 0.3942307692307692 0.7043269230769231 0.08653846153846154 0.12259615384615384
1 0.47716346153846156 0.030048076923076924 0.10817307692307693 0.06009615384615385
0 0.44711538461538464 0.24519230769230768 0.09134615384615384 0.11778846153846154
0 0.27163461538461536 0.17908653846153846 0.11538461538461539 0.14182692307692307
0 0.20552884615384615 0.6995192307692307 0.11057692307692307 0.13221153846153846
0 0.234375 0.4387019230769231 0.11057692307692307 0.13221153846153846