0 0.2980769230769231 0.32211538461538464 0.06971153846153846 0.09134615384615384
1 0.22235576923076922 0.8810096153846154 0.0673076923076923 0.11778846153846154
0 0.25961538461538464 0.6706730769230769 0.06490384615384616 0.0889423076923077
0 0.2848557692307692 0.4963942307692308 0.06490384615384616 0.09134615384615384
0 0.375 0.33052884615384615 0.06009615384615385 0.09615384615384616
1 0.296875 0.8930288461538461 0.07692307692307693 0.12259615384615384
0 0.3557692307692308 0.5192307692307693 0.06490384615384616 0.0985576923076923
0 0.33533653846153844 0.7019230769230769 0.06490384615384616 0.0985576923076923
0 0.4735576923076923 0.3269230769230769 0.06971153846153846 0.10336538461538461
1 0.39302884615384615 0.9435096153846154 0.08653846153846154 0.10096153846153846
0 0.4567307692307692 0.5072115384615384 0.06971153846153846 0.10336538461538461
0 0.4326923076923077 0.7295673076923077 0.07451923076923077 0.10336538461538461
0 0.5889423076923077 0.5336538461538461 0.0889423076923077 0.11778846153846154
0 0.6225961538461539 0.3016826923076923 0.08653846153846154 0.125
1 0.5252403846153846 0.9723557692307693 0.10817307692307693 0.055288461538461536
0 0.5612980769230769 0.7608173076923077 0.09375 0.11778846153846154
0 0.7367788461538461 0.8305288461538461 0.11778846153846154 0.14182692307692307
0 0.8137019230769231 0.3088942307692308 0.11298076923076923 0.13221153846153846
0 0.7788461538461539 0.5709134615384616 0.11298076923076923 0.13221153846153846