0 0.2704326923076923 0.5985576923076923 0.057692307692307696 0.08413461538461539
1 0.2920673076923077 0.05889423076923077 0.055288461538461536 0.10817307692307693
0 0.2932692307692308 0.26322115384615385 0.052884615384615384 0.07932692307692307
0 0.28725961538461536 0.43149038461538464 0.052884615384615384 0.08413461538461539
0 0.34375 0.6045673076923077 0.04807692307692308 0.0889423076923077
1 0.3641826923076923 0.06009615384615385 0.0625 0.11298076923076923
0 0.3581730769230769 0.421875 0.052884615384615384 0.0889423076923077
0 0.36899038461538464 0.24639423076923078 0.052884615384615384 0.0889423076923077
0 0.4362980769230769 0.6237980769230769 0.057692307692307696 0.09615384615384616
1 0.46274038461538464 0.036057692307692304 0.07451923076923077 0.07211538461538461
0 0.45072115384615385 0.45072115384615385 0.057692307692307696 0.09375
0 0.46634615384615385 0.23557692307692307 0.06490384615384616 0.09615384615384616
0 0.5805288461538461 0.4483173076923077 0.07692307692307693 0.10817307692307693
0 0.5745192307692307 0.671875 0.07211538461538461 0.11298076923076923
1 0.5985576923076923 0.02283653846153846 0.0985576923076923 0.040865384615384616
0 0.59375 0.2283653846153846 0.08173076923076923 0.10817307692307693
0 0.7692307692307693 0.19110576923076922 0.10096153846153846 0.12740384615384615
0 0.7548076923076923 0.6971153846153846 0.09615384615384616 0.11778846153846154
0 0.7668269230769231 0.44350961538461536 0.09615384615384616 0.1201923076923077