0 0.8161057692307693 0.34375 0.06490384615384616 0.0889423076923077
1 0.7644230769230769 0.9050480769230769 0.0625 0.11538461538461539
0 0.7752403846153846 0.6935096153846154 0.06009615384615385 0.08653846153846154
0 0.7908653846153846 0.5168269230769231 0.06009615384615385 0.0889423076923077
0 0.7403846153846154 0.33533653846153844 0.055288461538461536 0.09615384615384616
1 0.6899038461538461 0.9002403846153846 0.07211538461538461 0.1201923076923077
0 0.7151442307692307 0.5240384615384616 0.06009615384615385 0.09615384615384616
0 0.6947115384615384 0.7055288461538461 0.06009615384615385 0.09615384615384616
0 0.6442307692307693 0.31009615384615385 0.06490384615384616 0.10096153846153846
1 0.5829326923076923 0.9399038461538461 0.08413461538461539 0.1201923076923077
0 0.6201923076923077 0.4891826923076923 0.06490384615384616 0.10096153846153846
0 0.5925480769230769 0.7103365384615384 0.06971153846153846 0.10096153846153846
0 0.4855769230769231 0.484375 0.08413461538461539 0.11538461538461539
0 0.5048076923076923 0.2512019230769231 0.08173076923076923 0.1201923076923077
1 0.4411057692307692 0.9495192307692307 0.10817307692307693 0.10096153846153846
0 0.45913461538461536 0.7127403846153846 0.0889423076923077 0.11538461538461539
0 0.27524038461538464 0.7415865384615384 0.11298076923076923 0.13701923076923078
0 0.3173076923076923 0.21634615384615385 0.10576923076923077 0.12740384615384615
0 0.2920673076923077 0.4795673076923077 0.10576923076923077 0.12740384615384615