0 0.7151442307692307 0.3762019230769231 0.06009615384615385 0.08653846153846154
1 0.6923076923076923 0.9362980769230769 0.057692307692307696 0.11298076923076923
0 0.6923076923076923 0.7247596153846154 0.055288461538461536 0.08413461538461539
0 0.6983173076923077 0.5492788461538461 0.055288461538461536 0.08653846153846154
0 0.6394230769230769 0.3701923076923077 0.05048076923076923 0.09134615384615384
1 0.6177884615384616 0.9350961538461539 0.06490384615384616 0.11538461538461539
0 0.6237980769230769 0.5600961538461539 0.055288461538461536 0.09134615384615384
0 0.6129807692307693 0.7403846153846154 0.055288461538461536 0.09134615384615384
0 0.5420673076923077 0.34975961538461536 0.06009615384615385 0.0985576923076923
1 0.515625 0.9615384615384616 0.07451923076923077 0.07692307692307693
0 0.5276442307692307 0.5300480769230769 0.06009615384615385 0.0985576923076923
0 0.5132211538461539 0.7524038461538461 0.06490384615384616 0.0985576923076923
0 0.39302884615384615 0.5324519230769231 0.07692307692307693 0.11057692307692307
0 0.40024038461538464 0.29927884615384615 0.07692307692307693 0.11778846153846154
1 0.375 0.9747596153846154 0.10336538461538461 0.04567307692307692
0 0.3798076923076923 0.7608173076923077 0.08413461538461539 0.11057692307692307
0 0.1971153846153846 0.7980769230769231 0.10576923076923077 0.13221153846153846
0 0.2127403846153846 0.27403846153846156 0.10096153846153846 0.12259615384615384
0 0.20192307692307693 0.5360576923076923 0.10096153846153846 0.12259615384615384