0 0.6526442307692307 0.7139423076923077 0.08413461538461539 0.0625
1 0.125 0.7668269230769231 0.11057692307692307 0.057692307692307696
0 0.3233173076923077 0.7379807692307693 0.08173076923076923 0.055288461538461536
0 0.4879807692307692 0.7211538461538461 0.08413461538461539 0.055288461538461536
0 0.6478365384615384 0.6418269230769231 0.0889423076923077 0.052884615384615384
1 0.11658653846153846 0.6959134615384616 0.11057692307692307 0.0673076923076923
0 0.46875 0.6526442307692307 0.0889423076923077 0.057692307692307696
0 0.2980769230769231 0.6658653846153846 0.0889423076923077 0.057692307692307696
0 0.6538461538461539 0.5492788461538461 0.09615384615384616 0.06490384615384616
1 0.06129807692307692 0.6057692307692307 0.11298076923076923 0.07932692307692307
0 0.4831730769230769 0.5600961538461539 0.09615384615384616 0.06490384615384616
0 0.27283653846153844 0.5733173076923077 0.09615384615384616 0.06971153846153846
0 0.4639423076923077 0.4338942307692308 0.10817307692307693 0.07932692307692307
0 0.6826923076923077 0.4098557692307692 0.11778846153846154 0.07932692307692307
1 0.036057692307692304 0.4795673076923077 0.07211538461538461 0.10336538461538461
0 0.24879807692307693 0.4519230769230769 0.10817307692307693 0.08413461538461539
0 0.18870192307692307 0.2848557692307692 0.12980769230769232 0.10817307692307693
0 0.6814903846153846 0.23076923076923078 0.125 0.10336538461538461
0 0.4338942307692308 0.2548076923076923 0.125 0.10336538461538461