0 0.37259615384615385 0.20673076923076922 0.08653846153846154 0.0625
1 0.9254807692307693 0.23798076923076922 0.11298076923076923 0.057692307692307696
0 0.7163461538461539 0.234375 0.08413461538461539 0.057692307692307696
0 0.5432692307692307 0.22596153846153846 0.08653846153846154 0.057692307692307696
0 0.36538461538461536 0.28125 0.09134615384615384 0.052884615384615384
1 0.9230769230769231 0.3125 0.11298076923076923 0.06490384615384616
0 0.5528846153846154 0.29927884615384615 0.09134615384615384 0.057692307692307696
0 0.7307692307692307 0.3137019230769231 0.09134615384615384 0.057692307692307696
0 0.34375 0.37740384615384615 0.0985576923076923 0.0625
1 0.9543269230769231 0.41346153846153844 0.09134615384615384 0.07692307692307693
0 0.5216346153846154 0.3942307692307692 0.09615384615384616 0.0625
0 0.7403846153846154 0.41346153846153844 0.0985576923076923 0.0673076923076923
0 0.5204326923076923 0.5276442307692307 0.11057692307692307 0.07692307692307693
0 0.29086538461538464 0.5168269230769231 0.11778846153846154 0.07451923076923077
1 0.9675480769230769 0.5504807692307693 0.06490384615384616 0.10096153846153846
0 0.7463942307692307 0.5444711538461539 0.11057692307692307 0.08413461538461539
0 0.78125 0.7271634615384616 0.13221153846153846 0.10576923076923077
0 0.2620192307692308 0.7019230769230769 0.125 0.10096153846153846
0 0.5228365384615384 0.7175480769230769 0.125 0.10096153846153846