0 0.18509615384615385 0.24278846153846154 0.0985576923076923 0.13942307692307693
0 0.2091346153846154 0.53125 0.10336538461538461 0.13701923076923078
0 0.22355769230769232 0.8028846153846154 0.10336538461538461 0.14423076923076922
0 0.37740384615384615 0.2403846153846154 0.10576923076923077 0.14182692307692307
0 0.39302884615384615 0.5012019230769231 0.10336538461538461 0.13701923076923078
0 0.4110576923076923 0.8076923076923077 0.11057692307692307 0.13701923076923078
0 0.6141826923076923 0.5192307692307693 0.10817307692307693 0.1466346153846154
0 0.6105769230769231 0.21394230769230768 0.11057692307692307 0.13701923076923078
0 0.625 0.796875 0.10817307692307693 0.13701923076923078
0 0.8617788461538461 0.828125 0.10817307692307693 0.14182692307692307
0 0.859375 0.23918269230769232 0.11298076923076923 0.14423076923076922
0 0.8689903846153846 0.53125 0.11298076923076923 0.15144230769230768
0 0.03365384615384615 0.22235576923076922 0.0673076923076923 0.13221153846153846
0 0.04927884615384615 0.7836538461538461 0.09134615384615384 0.14182692307692307
0 0.04567307692307692 0.5036057692307693 0.09134615384615384 0.13701923076923078