0 0.734375 0.7536057692307693 0.12740384615384615 0.0889423076923077
0 0.4699519230769231 0.7403846153846154 0.12259615384615384 0.09375
0 0.22355769230769232 0.7355769230769231 0.13221153846153846 0.09375
0 0.7295673076923077 0.5793269230769231 0.12740384615384615 0.09375
0 0.49278846153846156 0.5733173076923077 0.12740384615384615 0.09375
0 0.21394230769230768 0.5649038461538461 0.12740384615384615 0.0985576923076923
0 0.46875 0.37259615384615385 0.13221153846153846 0.0985576923076923
0 0.7451923076923077 0.36778846153846156 0.12259615384615384 0.10336538461538461
0 0.21754807692307693 0.3713942307692308 0.12740384615384615 0.0985576923076923
0 0.18028846153846154 0.15865384615384615 0.12740384615384615 0.0985576923076923
0 0.7163461538461539 0.14182692307692307 0.13221153846153846 0.10336538461538461
0 0.45072115384615385 0.14182692307692307 0.13701923076923078 0.10336538461538461
0 0.7548076923076923 0.9050480769230769 0.11778846153846154 0.09375
0 0.24759615384615385 0.9002403846153846 0.12740384615384615 0.09375
0 0.5024038461538461 0.8930288461538461 0.12259615384615384 0.09375