0 0.7788461538461539 0.22716346153846154 0.13701923076923078 0.10336538461538461
0 0.5012019230769231 0.22115384615384615 0.1346153846153846 0.10576923076923077
0 0.24158653846153846 0.20793269230769232 0.14182692307692307 0.10817307692307693
0 0.7608173076923077 0.4110576923076923 0.13942307692307693 0.10817307692307693
0 0.5120192307692307 0.39903846153846156 0.13701923076923078 0.10817307692307693
0 0.21875 0.3858173076923077 0.13701923076923078 0.11298076923076923
0 0.4723557692307692 0.6057692307692307 0.1466346153846154 0.11298076923076923
0 0.7620192307692307 0.6322115384615384 0.1346153846153846 0.11057692307692307
0 0.20793269230769232 0.5901442307692307 0.1346153846153846 0.11057692307692307
0 0.15504807692307693 0.8100961538461539 0.14182692307692307 0.11538461538461539
0 0.7151442307692307 0.8677884615384616 0.14423076923076922 0.1201923076923077
0 0.4362980769230769 0.8473557692307693 0.15384615384615385 0.11778846153846154
0 0.8125 0.07091346153846154 0.13221153846153846 0.10096153846153846
0 0.27884615384615385 0.04567307692307692 0.13942307692307693 0.09134615384615384
0 0.5456730769230769 0.06370192307692307 0.1346153846153846 0.10576923076923077