0 0.1971153846153846 0.28846153846153844 0.14423076923076922 0.10576923076923077
0 0.4951923076923077 0.2920673076923077 0.14182692307692307 0.11057692307692307
0 0.7716346153846154 0.28846153846153844 0.14903846153846154 0.11057692307692307
0 0.2091346153846154 0.4855769230769231 0.1466346153846154 0.11057692307692307
0 0.47596153846153844 0.48197115384615385 0.14423076923076922 0.11057692307692307
0 0.7896634615384616 0.47836538461538464 0.14423076923076922 0.11778846153846154
0 0.5108173076923077 0.7067307692307693 0.15384615384615385 0.11298076923076923
0 0.19951923076923078 0.7223557692307693 0.14182692307692307 0.11778846153846154
0 0.7932692307692307 0.6971153846153846 0.14423076923076922 0.11778846153846154
0 0.8425480769230769 0.9326923076923077 0.1466346153846154 0.10817307692307693
0 0.2403846153846154 0.9567307692307693 0.14903846153846154 0.08653846153846154
0 0.5408653846153846 0.9519230769230769 0.15865384615384615 0.09615384615384616
0 0.16826923076923078 0.11778846153846154 0.1346153846153846 0.11057692307692307
0 0.7391826923076923 0.1045673076923077 0.1466346153846154 0.11057692307692307
0 0.4519230769230769 0.12259615384615384 0.14182692307692307 0.11057692307692307