0 0.6887019230769231 0.796875 0.13942307692307693 0.10817307692307693
0 0.4230769230769231 0.7415865384615384 0.13701923076923078 0.11298076923076923
0 0.17427884615384615 0.6971153846153846 0.14423076923076922 0.11298076923076923
0 0.7127403846153846 0.6189903846153846 0.14182692307692307 0.11298076923076923
0 0.4723557692307692 0.5733173076923077 0.13942307692307693 0.11298076923076923
0 0.18990384615384615 0.5216346153846154 0.13942307692307693 0.11778846153846154
0 0.4807692307692308 0.36778846153846156 0.1466346153846154 0.11298076923076923
0 0.7632211538461539 0.40625 0.13701923076923078 0.11778846153846154
0 0.22355769230769232 0.32572115384615385 0.13701923076923078 0.11778846153846154
0 0.22235576923076922 0.10336538461538461 0.14182692307692307 0.11778846153846154
0 0.7692307692307693 0.171875 0.1466346153846154 0.12259615384615384
0 0.4987980769230769 0.12860576923076922 0.15384615384615385 0.125
0 0.6875 0.9495192307692307 0.1346153846153846 0.10096153846153846
0 0.17067307692307693 0.8677884615384616 0.14182692307692307 0.11298076923076923
0 0.43149038461538464 0.9014423076923077 0.13701923076923078 0.11298076923076923