0 0.1622596153846154 0.25961538461538464 0.10336538461538461 0.13942307692307693
0 0.2091346153846154 0.5372596153846154 0.10817307692307693 0.13942307692307693
0 0.24879807692307693 0.796875 0.11057692307692307 0.1466346153846154
0 0.3485576923076923 0.2439903846153846 0.11057692307692307 0.14423076923076922
0 0.38341346153846156 0.49038461538461536 0.10817307692307693 0.13942307692307693
0 0.42788461538461536 0.7836538461538461 0.11538461538461539 0.13942307692307693
0 0.5961538461538461 0.49038461538461536 0.11538461538461539 0.14903846153846154
0 0.5661057692307693 0.19831730769230768 0.11538461538461539 0.13942307692307693
0 0.6334134615384616 0.7560096153846154 0.11538461538461539 0.13942307692307693
0 0.8629807692307693 0.7668269230769231 0.11778846153846154 0.1466346153846154
0 0.8076923076923077 0.20192307692307693 0.12259615384615384 0.1466346153846154
0 0.8449519230769231 0.48197115384615385 0.12259615384615384 0.15384615384615385
0 0.027644230769230768 0.25600961538461536 0.055288461538461536 0.13221153846153846
0 0.0733173076923077 0.7908653846153846 0.10576923076923077 0.14423076923076922
0 0.04927884615384615 0.5216346153846154 0.0985576923076923 0.13942307692307693