0 0.19951923076923078 0.6959134615384616 0.11057692307692307 0.13942307692307693
0 0.25961538461538464 0.42908653846153844 0.11538461538461539 0.13942307692307693
0 0.3112980769230769 0.1814903846153846 0.11538461538461539 0.1466346153846154
0 0.3798076923076923 0.7211538461538461 0.11538461538461539 0.14423076923076922
0 0.42427884615384615 0.484375 0.11538461538461539 0.14182692307692307
0 0.4831730769230769 0.20432692307692307 0.1201923076923077 0.14182692307692307
0 0.6310096153846154 0.4951923076923077 0.11538461538461539 0.14903846153846154
0 0.5877403846153846 0.7752403846153846 0.1201923076923077 0.13942307692307693
0 0.6802884615384616 0.24158653846153846 0.1201923076923077 0.13942307692307693
0 0.9014423076923077 0.24278846153846154 0.1201923076923077 0.1466346153846154
0 0.8197115384615384 0.7836538461538461 0.125 0.1466346153846154
0 0.8701923076923077 0.515625 0.12740384615384615 0.15384615384615385
0 0.05048076923076923 0.6899038461538461 0.10096153846153846 0.1346153846153846
0 0.13822115384615385 0.17908653846153846 0.11538461538461539 0.14423076923076922
0 0.09975961538461539 0.4362980769230769 0.11538461538461539 0.13942307692307693