0 0.7848557692307693 0.19471153846153846 0.1466346153846154 0.11057692307692307
0 0.49278846153846156 0.18269230769230768 0.14423076923076922 0.11538461538461539
0 0.21995192307692307 0.16466346153846154 0.15384615384615385 0.11538461538461539
0 0.7632211538461539 0.3870192307692308 0.14903846153846154 0.11538461538461539
0 0.5012019230769231 0.3713942307692308 0.1466346153846154 0.11538461538461539
0 0.19230769230769232 0.35216346153846156 0.1466346153846154 0.1201923076923077
0 0.45552884615384615 0.5889423076923077 0.15384615384615385 0.1201923076923077
0 0.7608173076923077 0.6213942307692307 0.14423076923076922 0.1201923076923077
0 0.17668269230769232 0.5661057692307693 0.14423076923076922 0.1201923076923077
0 0.11658653846153846 0.7980769230769231 0.14903846153846154 0.1201923076923077
0 0.7055288461538461 0.8677884615384616 0.15625 0.12740384615384615
0 0.41346153846153844 0.8425480769230769 0.16105769230769232 0.12740384615384615
0 0.8209134615384616 0.055288461538461536 0.13701923076923078 0.0625
0 0.25841346153846156 0.021634615384615384 0.1466346153846154 0.04326923076923077
0 0.5396634615384616 0.037259615384615384 0.14182692307692307 0.07451923076923077