0 0.8221153846153846 0.26802884615384615 0.10336538461538461 0.13942307692307693
0 0.7740384615384616 0.5444711538461539 0.10817307692307693 0.13701923076923078
0 0.7355769230769231 0.8004807692307693 0.11057692307692307 0.14423076923076922
0 0.6358173076923077 0.2536057692307692 0.11298076923076923 0.14182692307692307
0 0.6033653846153846 0.4963942307692308 0.10817307692307693 0.13942307692307693
0 0.5564903846153846 0.7860576923076923 0.11298076923076923 0.13942307692307693
0 0.3918269230769231 0.4963942307692308 0.11538461538461539 0.14903846153846154
0 0.4206730769230769 0.20673076923076922 0.11538461538461539 0.13701923076923078
0 0.3545673076923077 0.7596153846153846 0.11538461538461539 0.13701923076923078
0 0.12860576923076922 0.7704326923076923 0.11538461538461539 0.14423076923076922
0 0.1814903846153846 0.21153846153846154 0.1201923076923077 0.14423076923076922
0 0.14423076923076922 0.4879807692307692 0.1201923076923077 0.15384615384615385
0 0.9627403846153846 0.26322115384615385 0.07451923076923077 0.13221153846153846
0 0.9122596153846154 0.7944711538461539 0.11057692307692307 0.14182692307692307
0 0.9387019230769231 0.5276442307692307 0.10817307692307693 0.13701923076923078