0 0.2704326923076923 0.21153846153846154 0.13221153846153846 0.09615384615384616
0 0.5480769230769231 0.23918269230769232 0.13221153846153846 0.10096153846153846
0 0.8076923076923077 0.25961538461538464 0.13701923076923078 0.10096153846153846
0 0.265625 0.39663461538461536 0.13701923076923078 0.10096153846153846
0 0.5144230769230769 0.41586538461538464 0.13221153846153846 0.10096153846153846
0 0.8088942307692307 0.4387019230769231 0.13221153846153846 0.10576923076923077
0 0.5288461538461539 0.6286057692307693 0.14182692307692307 0.10576923076923077
0 0.23677884615384615 0.6189903846153846 0.13221153846153846 0.10576923076923077
0 0.7956730769230769 0.6442307692307693 0.13221153846153846 0.10576923076923077
0 0.8197115384615384 0.8701923076923077 0.13701923076923078 0.10817307692307693
0 0.2548076923076923 0.8581730769230769 0.13942307692307693 0.11298076923076923
0 0.5360576923076923 0.8725961538461539 0.14903846153846154 0.11298076923076923
0 0.2548076923076923 0.05048076923076923 0.12740384615384615 0.10096153846153846
0 0.7908653846153846 0.08413461538461539 0.13701923076923078 0.10096153846153846
0 0.5216346153846154 0.07692307692307693 0.13221153846153846 0.10096153846153846