0 0.2091346153846154 0.1778846153846154 0.10576923076923077 0.14182692307692307
0 0.20673076923076922 0.46875 0.11057692307692307 0.14182692307692307
0 0.19831730769230768 0.7403846153846154 0.11057692307692307 0.14903846153846154
0 0.4014423076923077 0.1935096153846154 0.11057692307692307 0.1466346153846154
0 0.39302884615384615 0.4543269230769231 0.11057692307692307 0.14182692307692307
0 0.3858173076923077 0.7620192307692307 0.11538461538461539 0.14182692307692307
0 0.6117788461538461 0.49158653846153844 0.11538461538461539 0.15144230769230768
0 0.6334134615384616 0.1875 0.11538461538461539 0.14182692307692307
0 0.5997596153846154 0.7692307692307693 0.11538461538461539 0.14182692307692307
0 0.8317307692307693 0.8209134615384616 0.11538461538461539 0.1466346153846154
0 0.8798076923076923 0.23317307692307693 0.1201923076923077 0.14903846153846154
0 0.8653846153846154 0.5252403846153846 0.1201923076923077 0.15625
0 0.05889423076923077 0.1466346153846154 0.07932692307692307 0.1346153846153846
0 0.037259615384615384 0.7043269230769231 0.07451923076923077 0.14423076923076922
0 0.04807692307692308 0.4254807692307692 0.09615384615384616 0.13942307692307693