0 0.7608173076923077 0.2860576923076923 0.0985576923076923 0.1346153846153846
0 0.7283653846153846 0.5600961538461539 0.10336538461538461 0.13221153846153846
0 0.7043269230769231 0.8161057692307693 0.10336538461538461 0.13942307692307693
0 0.578125 0.2776442307692308 0.10336538461538461 0.13701923076923078
0 0.5540865384615384 0.5240384615384616 0.10336538461538461 0.1346153846153846
0 0.5264423076923077 0.8161057692307693 0.10817307692307693 0.1346153846153846
0 0.34375 0.5348557692307693 0.10576923076923077 0.14182692307692307
0 0.3581730769230769 0.24639423076923078 0.10817307692307693 0.13221153846153846
0 0.3245192307692308 0.7992788461538461 0.10817307692307693 0.13221153846153846
0 0.09975961538461539 0.8197115384615384 0.10817307692307693 0.13701923076923078
0 0.12139423076923077 0.25961538461538464 0.11298076923076923 0.13942307692307693
0 0.10216346153846154 0.5384615384615384 0.11298076923076923 0.1466346153846154
0 0.9206730769230769 0.27403846153846156 0.10336538461538461 0.12980769230769232
0 0.8774038461538461 0.8052884615384616 0.10336538461538461 0.13701923076923078
0 0.8894230769230769 0.5384615384615384 0.10336538461538461 0.13221153846153846