0 0.24158653846153846 0.2776442307692308 0.09615384615384616 0.13221153846153846
0 0.2692307692307692 0.5540865384615384 0.10096153846153846 0.12980769230769232
0 0.28846153846153844 0.8125 0.10096153846153846 0.13701923076923078
0 0.4254807692307692 0.27283653846153844 0.10096153846153846 0.1346153846153846
0 0.44471153846153844 0.5216346153846154 0.10096153846153846 0.13221153846153846
0 0.4675480769230769 0.8137019230769231 0.10576923076923077 0.13221153846153846
0 0.6550480769230769 0.5360576923076923 0.10576923076923077 0.14182692307692307
0 0.6454326923076923 0.24519230769230768 0.11057692307692307 0.13221153846153846
0 0.671875 0.7992788461538461 0.10576923076923077 0.13221153846153846
0 0.8966346153846154 0.8257211538461539 0.10576923076923077 0.1346153846153846
0 0.8846153846153846 0.26322115384615385 0.11057692307692307 0.13942307692307693
0 0.8990384615384616 0.5420673076923077 0.11057692307692307 0.1466346153846154
0 0.08052884615384616 0.2644230769230769 0.10096153846153846 0.125
0 0.1141826923076923 0.796875 0.10096153846153846 0.1346153846153846
0 0.10817307692307693 0.5288461538461539 0.10096153846153846 0.12980769230769232