0 0.7043269230769231 0.22355769230769232 0.13701923076923078 0.10576923076923077
0 0.4375 0.27403846153846156 0.1346153846153846 0.11057692307692307
0 0.18629807692307693 0.31490384615384615 0.14182692307692307 0.11057692307692307
0 0.7247596153846154 0.4026442307692308 0.13942307692307693 0.11057692307692307
0 0.484375 0.4411057692307692 0.13701923076923078 0.11057692307692307
0 0.20072115384615385 0.4879807692307692 0.13942307692307693 0.11538461538461539
0 0.4879807692307692 0.6490384615384616 0.14423076923076922 0.11298076923076923
0 0.7704326923076923 0.6141826923076923 0.13701923076923078 0.11538461538461539
0 0.23197115384615385 0.6862980769230769 0.13942307692307693 0.11538461538461539
0 0.22596153846153846 0.9086538461538461 0.14182692307692307 0.11538461538461539
0 0.7728365384615384 0.8485576923076923 0.14423076923076922 0.1201923076923077
0 0.5024038461538461 0.8870192307692307 0.15144230769230768 0.12259615384615384
0 0.703125 0.06490384615384616 0.13221153846153846 0.11057692307692307
0 0.18629807692307693 0.14302884615384615 0.13942307692307693 0.11057692307692307
0 0.4483173076923077 0.1141826923076923 0.1346153846153846 0.11057692307692307