0 0.2283653846153846 0.27163461538461536 0.10576923076923077 0.14423076923076922
0 0.2668269230769231 0.5625 0.11057692307692307 0.14182692307692307
0 0.296875 0.8329326923076923 0.11057692307692307 0.14903846153846154
0 0.421875 0.25961538461538464 0.11057692307692307 0.1466346153846154
0 0.45072115384615385 0.5216346153846154 0.11057692307692307 0.14423076923076922
0 0.4855769230769231 0.828125 0.11538461538461539 0.14423076923076922
0 0.6730769230769231 0.5288461538461539 0.11538461538461539 0.15144230769230768
0 0.6514423076923077 0.22355769230769232 0.1201923076923077 0.14182692307692307
0 0.6995192307692307 0.8052884615384616 0.11538461538461539 0.14423076923076922
0 0.9375 0.8245192307692307 0.11538461538461539 0.1466346153846154
0 0.9038461538461539 0.23317307692307693 0.12259615384615384 0.15144230769230768
0 0.9302884615384616 0.5264423076923077 0.12259615384615384 0.15625
0 0.057692307692307696 0.2644230769230769 0.11057692307692307 0.13701923076923078
0 0.11298076923076923 0.8233173076923077 0.11057692307692307 0.1466346153846154
0 0.09615384615384616 0.5420673076923077 0.11057692307692307 0.14182692307692307