0 0.23317307692307693 0.7980769230769231 0.12259615384615384 0.15384615384615385
0 0.19951923076923078 0.4963942307692308 0.12740384615384615 0.15625
0 0.16466346153846154 0.21875 0.12980769230769232 0.16346153846153846
0 0.43149038461538464 0.7584134615384616 0.12980769230769232 0.16105769230769232
0 0.39302884615384615 0.49399038461538464 0.12740384615384615 0.15625
0 0.35336538461538464 0.17908653846153846 0.13221153846153846 0.15625
0 0.6129807692307693 0.4326923076923077 0.13221153846153846 0.1658653846153846
0 0.6682692307692307 0.7427884615384616 0.13221153846153846 0.15625
0 0.5721153846153846 0.14783653846153846 0.13221153846153846 0.15625
0 0.8052884615384616 0.07451923076923077 0.1346153846153846 0.14903846153846154
0 0.9158653846153846 0.6670673076923077 0.13942307692307693 0.16346153846153846
0 0.8725961538461539 0.36778846153846156 0.13942307692307693 0.17067307692307693
0 0.08774038461538461 0.8449519230769231 0.0889423076923077 0.14182692307692307
0 0.02283653846153846 0.27524038461538464 0.04567307692307692 0.15625
0 0.04927884615384615 0.5600961538461539 0.0985576923076923 0.14903846153846154