0 0.7043269230769231 0.7848557692307693 0.11298076923076923 0.14423076923076922
0 0.734375 0.5132211538461539 0.11778846153846154 0.14182692307692307
0 0.7692307692307693 0.2608173076923077 0.11778846153846154 0.14903846153846154
0 0.5276442307692307 0.7524038461538461 0.11778846153846154 0.14423076923076922
0 0.5588942307692307 0.5096153846153846 0.11778846153846154 0.14423076923076922
0 0.5973557692307693 0.22355769230769232 0.12259615384615384 0.14423076923076922
0 0.359375 0.4519230769230769 0.1201923076923077 0.14903846153846154
0 0.3088942307692308 0.7331730769230769 0.1201923076923077 0.14182692307692307
0 0.39783653846153844 0.1935096153846154 0.1201923076923077 0.14182692307692307
0 0.18629807692307693 0.12379807692307693 0.12259615384615384 0.14423076923076922
0 0.08173076923076923 0.6682692307692307 0.12740384615384615 0.15144230769230768
0 0.125 0.39663461538461536 0.12740384615384615 0.15625
0 0.8569711538461539 0.8329326923076923 0.11538461538461539 0.13701923076923078
0 0.9338942307692307 0.3112980769230769 0.11778846153846154 0.14423076923076922
0 0.8858173076923077 0.5709134615384616 0.11538461538461539 0.13942307692307693