0 0.7884615384615384 0.7379807692307693 0.13942307692307693 0.10576923076923077
0 0.5132211538461539 0.7536057692307693 0.13701923076923078 0.11057692307692307
0 0.25600961538461536 0.7752403846153846 0.14423076923076922 0.11298076923076923
0 0.7644230769230769 0.5564903846153846 0.14182692307692307 0.11057692307692307
0 0.5180288461538461 0.5769230769230769 0.13942307692307693 0.11057692307692307
0 0.22716346153846154 0.5997596153846154 0.14182692307692307 0.11538461538461539
0 0.47115384615384615 0.3713942307692308 0.14903846153846154 0.11538461538461539
0 0.7584134615384616 0.33533653846153844 0.13942307692307693 0.11538461538461539
0 0.2091346153846154 0.39783653846153844 0.13942307692307693 0.11538461538461539
0 0.14783653846153846 0.18028846153846154 0.14423076923076922 0.11538461538461539
0 0.703125 0.1045673076923077 0.1466346153846154 0.1201923076923077
0 0.4266826923076923 0.13341346153846154 0.15384615384615385 0.12259615384615384
0 0.828125 0.8942307692307693 0.1346153846153846 0.11057692307692307
0 0.29927884615384615 0.9435096153846154 0.14182692307692307 0.11057692307692307
0 0.5637019230769231 0.9086538461538461 0.13701923076923078 0.11057692307692307