0 0.24278846153846154 0.7307692307692307 0.0985576923076923 0.1346153846153846
0 0.24639423076923078 0.4579326923076923 0.10336538461538461 0.13221153846153846
0 0.24278846153846154 0.203125 0.10336538461538461 0.13942307692307693
0 0.42427884615384615 0.7211538461538461 0.10336538461538461 0.1346153846153846
0 0.4206730769230769 0.47475961538461536 0.10336538461538461 0.1346153846153846
0 0.4182692307692308 0.18629807692307693 0.10817307692307693 0.1346153846153846
0 0.6274038461538461 0.4423076923076923 0.10576923076923077 0.13942307692307693
0 0.6430288461538461 0.7295673076923077 0.10817307692307693 0.12980769230769232
0 0.6189903846153846 0.1814903846153846 0.10817307692307693 0.12980769230769232
0 0.8389423076923077 0.13822115384615385 0.10817307692307693 0.1346153846153846
0 0.875 0.6911057692307693 0.11298076923076923 0.13942307692307693
0 0.8653846153846154 0.41586538461538464 0.11298076923076923 0.14423076923076922
0 0.08653846153846154 0.7596153846153846 0.10336538461538461 0.12740384615384615
0 0.0733173076923077 0.23317307692307693 0.10336538461538461 0.1346153846153846
0 0.0889423076923077 0.4963942307692308 0.10336538461538461 0.12980769230769232