0 0.3161057692307692 0.14903846153846154 0.14903846153846154 0.11298076923076923
0 0.6105769230769231 0.20432692307692307 0.1466346153846154 0.1201923076923077
0 0.8834134615384616 0.2512019230769231 0.15625 0.1201923076923077
0 0.296875 0.34615384615384615 0.15384615384615385 0.1201923076923077
0 0.5564903846153846 0.3870192307692308 0.15144230769230768 0.1201923076923077
0 0.8641826923076923 0.4411057692307692 0.15144230769230768 0.125
0 0.5516826923076923 0.6117788461538461 0.15865384615384615 0.12259615384615384
0 0.24519230769230768 0.5757211538461539 0.1466346153846154 0.12259615384615384
0 0.8305288461538461 0.65625 0.1466346153846154 0.12259615384615384
0 0.8389423076923077 0.8978365384615384 0.15625 0.125
0 0.24519230769230768 0.8293269230769231 0.15625 0.13221153846153846
0 0.5384615384615384 0.8737980769230769 0.1658653846153846 0.13221153846153846
0 0.3137019230769231 0.019230769230769232 0.13701923076923078 0.038461538461538464
0 0.8774038461538461 0.07932692307692307 0.14903846153846154 0.0889423076923077
0 0.5949519230769231 0.04567307692307692 0.14182692307692307 0.0889423076923077