0 0.27884615384615385 0.8725961538461539 0.11538461538461539 0.09134615384615384
0 0.7644230769230769 0.8870192307692307 0.11298076923076923 0.08653846153846154
0 0.5240384615384616 0.8689903846153846 0.11778846153846154 0.0889423076923077
1 0.037259615384615384 0.7379807692307693 0.07451923076923077 0.11538461538461539
0 0.7524038461538461 0.7439903846153846 0.11298076923076923 0.09134615384615384
0 0.49399038461538464 0.7283653846153846 0.1201923076923077 0.09615384615384616
0 0.265625 0.7139423076923077 0.12740384615384615 0.09615384615384616
1 0.03125 0.5516826923076923 0.0625 0.11778846153846154
0 0.7536057692307693 0.5733173076923077 0.1201923076923077 0.10096153846153846
0 0.5288461538461539 0.5625 0.1201923076923077 0.09615384615384616
0 0.25841346153846156 0.5492788461538461 0.12740384615384615 0.10096153846153846
1 0.02403846153846154 0.35697115384615385 0.04326923076923077 0.1466346153846154
0 0.515625 0.36899038461538464 0.1201923076923077 0.10096153846153846
0 0.7788461538461539 0.3737980769230769 0.125 0.10096153846153846
0 0.26802884615384615 0.3545673076923077 0.1346153846153846 0.11057692307692307
0 0.23918269230769232 0.13701923076923078 0.14423076923076922 0.12259615384615384
0 0.7584134615384616 0.15504807692307693 0.13942307692307693 0.11298076923076923
0 0.5 0.13822115384615385 0.1466346153846154 0.10576923076923077
1 0.030048076923076924 0.8786057692307693 0.06009615384615385 0.10336538461538461