0 0.8978365384615384 0.6201923076923077 0.10576923076923077 0.12740384615384615
0 0.8173076923076923 0.12860576923076922 0.10096153846153846 0.125
0 0.8473557692307693 0.37740384615384615 0.10336538461538461 0.13221153846153846
1 0.8112980769230769 0.90625 0.12740384615384615 0.11778846153846154
0 0.6766826923076923 0.16947115384615385 0.10576923076923077 0.125
0 0.7103365384615384 0.4326923076923077 0.11298076923076923 0.1346153846153846
0 0.7403846153846154 0.6646634615384616 0.11057692307692307 0.14182692307692307
1 0.625 0.9447115384615384 0.13221153846153846 0.0985576923076923
0 0.5048076923076923 0.203125 0.11298076923076923 0.1346153846153846
0 0.5360576923076923 0.43028846153846156 0.11298076923076923 0.1346153846153846
0 0.5745192307692307 0.7043269230769231 0.11538461538461539 0.14423076923076922
1 0.42908653846153844 0.9747596153846154 0.15144230769230768 0.05048076923076923
0 0.3449519230769231 0.484375 0.11778846153846154 0.1346153846153846
0 0.2980769230769231 0.21754807692307693 0.1201923076923077 0.13942307692307693
0 0.3786057692307692 0.7331730769230769 0.12740384615384615 0.14903846153846154
0 0.16466346153846154 0.8052884615384616 0.14182692307692307 0.16105769230769232
0 0.08173076923076923 0.28125 0.12980769230769232 0.15144230769230768
0 0.11538461538461539 0.5456730769230769 0.12740384615384615 0.16346153846153846
1 0.9507211538461539 0.8882211538461539 0.0985576923076923 0.10336538461538461