0 0.04326923076923077 0.6899038461538461 0.08173076923076923 0.1201923076923077
0 0.037259615384615384 0.17908653846153846 0.07451923076923077 0.11778846153846154
0 0.04447115384615385 0.4338942307692308 0.0889423076923077 0.12259615384615384
1 0.17427884615384615 0.9543269230769231 0.11778846153846154 0.09134615384615384
0 0.1778846153846154 0.19591346153846154 0.09375 0.11778846153846154
0 0.18990384615384615 0.4639423076923077 0.0985576923076923 0.12740384615384615
0 0.20072115384615385 0.7055288461538461 0.09615384615384616 0.1346153846153846
1 0.36899038461538464 0.9615384615384616 0.12259615384615384 0.07692307692307693
0 0.35697115384615385 0.19831730769230768 0.10336538461538461 0.12740384615384615
0 0.3641826923076923 0.4326923076923077 0.0985576923076923 0.12740384615384615
0 0.375 0.7163461538461539 0.0985576923076923 0.1346153846153846
1 0.5721153846153846 0.9735576923076923 0.14903846153846154 0.052884615384615384
0 0.5661057692307693 0.453125 0.10336538461538461 0.12740384615384615
0 0.5661057692307693 0.17668269230769232 0.10336538461538461 0.13221153846153846
0 0.578125 0.7103365384615384 0.11298076923076923 0.13942307692307693
0 0.8052884615384616 0.7439903846153846 0.12740384615384615 0.15144230769230768
0 0.7956730769230769 0.20192307692307693 0.11538461538461539 0.14182692307692307
0 0.8088942307692307 0.4735576923076923 0.10817307692307693 0.15144230769230768
1 0.040865384615384616 0.9603365384615384 0.0673076923076923 0.07932692307692307