0 0.2824519230769231 0.8629807692307693 0.12259615384615384 0.0985576923076923
0 0.7896634615384616 0.8846153846153846 0.1201923076923077 0.09134615384615384
0 0.5360576923076923 0.8641826923076923 0.125 0.09375
1 0.03485576923076923 0.71875 0.06971153846153846 0.1201923076923077
0 0.7776442307692307 0.7367788461538461 0.1201923076923077 0.09615384615384616
0 0.5108173076923077 0.7151442307692307 0.12740384615384615 0.10336538461538461
0 0.27163461538461536 0.6947115384615384 0.1346153846153846 0.10096153846153846
1 0.03125 0.5252403846153846 0.0625 0.12259615384615384
0 0.78125 0.5612980769230769 0.12740384615384615 0.10576923076923077
0 0.5480769230769231 0.5456730769230769 0.12740384615384615 0.10336538461538461
0 0.26802884615384615 0.5252403846153846 0.1346153846153846 0.10336538461538461
1 0.025240384615384616 0.32211538461538464 0.040865384615384616 0.14903846153846154
0 0.5348557692307693 0.34375 0.12740384615384615 0.10817307692307693
0 0.8100961538461539 0.35216346153846156 0.1346153846153846 0.10817307692307693
0 0.2800480769230769 0.3233173076923077 0.13942307692307693 0.11778846153846154
0 0.2548076923076923 0.09615384615384616 0.15384615384615385 0.12980769230769232
0 0.7932692307692307 0.12379807692307693 0.14423076923076922 0.11778846153846154
0 0.5228365384615384 0.10336538461538461 0.15384615384615385 0.11298076923076923
1 0.026442307692307692 0.8641826923076923 0.052884615384615384 0.10336538461538461