0 0.6502403846153846 0.9266826923076923 0.12740384615384615 0.10336538461538461
0 0.13221153846153846 0.875 0.125 0.09615384615384616
0 0.3918269230769231 0.8918269230769231 0.13221153846153846 0.10096153846153846
1 0.9314903846153846 0.8161057692307693 0.09375 0.125
0 0.16346153846153846 0.7271634615384616 0.125 0.10336538461538461
0 0.43990384615384615 0.7427884615384616 0.13221153846153846 0.10817307692307693
0 0.6862980769230769 0.7572115384615384 0.14182692307692307 0.10817307692307693
1 0.9591346153846154 0.6201923076923077 0.07451923076923077 0.12980769230769232
0 0.18629807692307693 0.5480769230769231 0.13221153846153846 0.11057692307692307
0 0.4254807692307692 0.5649038461538461 0.13221153846153846 0.10817307692307693
0 0.7151442307692307 0.5853365384615384 0.14182692307692307 0.11057692307692307
1 0.9819711538461539 0.4110576923076923 0.036057692307692304 0.15384615384615385
0 0.4675480769230769 0.36177884615384615 0.1346153846153846 0.11538461538461539
0 0.18629807692307693 0.3317307692307692 0.14182692307692307 0.11778846153846154
0 0.7307692307692307 0.37740384615384615 0.14903846153846154 0.125
0 0.7884615384615384 0.1502403846153846 0.16105769230769232 0.13701923076923078
0 0.23677884615384615 0.10216346153846154 0.15384615384615385 0.12740384615384615
0 0.5144230769230769 0.11778846153846154 0.16346153846153846 0.12259615384615384
1 0.921875 0.9555288461538461 0.08413461538461539 0.0889423076923077