0 0.29447115384615385 0.8954326923076923 0.11538461538461539 0.09375
0 0.7740384615384616 0.9266826923076923 0.11538461538461539 0.0889423076923077
0 0.5348557692307693 0.9002403846153846 0.1201923076923077 0.09134615384615384
1 0.04807692307692308 0.7487980769230769 0.09615384615384616 0.11778846153846154
0 0.7668269230769231 0.7860576923076923 0.11538461538461539 0.09375
0 0.5120192307692307 0.7596153846153846 0.12259615384615384 0.0985576923076923
0 0.2860576923076923 0.7379807692307693 0.12980769230769232 0.0985576923076923
1 0.04567307692307692 0.5685096153846154 0.09134615384615384 0.12259615384615384
0 0.7716346153846154 0.6165865384615384 0.12259615384615384 0.10096153846153846
0 0.5516826923076923 0.5973557692307693 0.12259615384615384 0.0985576923076923
0 0.2848557692307692 0.5745192307692307 0.13221153846153846 0.10096153846153846
1 0.042067307692307696 0.375 0.07692307692307693 0.14423076923076922
0 0.5432692307692307 0.40625 0.12259615384615384 0.10336538461538461
0 0.8028846153846154 0.41947115384615385 0.12740384615384615 0.10336538461538461
0 0.3004807692307692 0.38221153846153844 0.13701923076923078 0.11538461538461539
0 0.2800480769230769 0.16706730769230768 0.1466346153846154 0.125
0 0.7908653846153846 0.20192307692307693 0.13942307692307693 0.11538461538461539
0 0.5360576923076923 0.17668269230769232 0.14903846153846154 0.11057692307692307
1 0.037259615384615384 0.8930288461538461 0.07451923076923077 0.10336538461538461