0 0.28125 0.8894230769230769 0.11298076923076923 0.0889423076923077
0 0.7644230769230769 0.8954326923076923 0.11298076923076923 0.08413461538461539
0 0.5216346153846154 0.8810096153846154 0.11778846153846154 0.08653846153846154
1 0.036057692307692304 0.7584134615384616 0.07211538461538461 0.11298076923076923
0 0.7487980769230769 0.7548076923076923 0.11298076923076923 0.0889423076923077
0 0.49278846153846156 0.7427884615384616 0.1201923076923077 0.09375
0 0.265625 0.7319711538461539 0.12740384615384615 0.09134615384615384
1 0.028846153846153848 0.5721153846153846 0.057692307692307696 0.11538461538461539
0 0.7463942307692307 0.5853365384615384 0.1201923076923077 0.0985576923076923
0 0.5240384615384616 0.5769230769230769 0.1201923076923077 0.09375
0 0.2548076923076923 0.5661057692307693 0.12740384615384615 0.09375
1 0.019230769230769232 0.38100961538461536 0.036057692307692304 0.13942307692307693
0 0.5048076923076923 0.38461538461538464 0.1201923076923077 0.0985576923076923
0 0.7680288461538461 0.38461538461538464 0.125 0.0985576923076923
0 0.2608173076923077 0.375 0.13221153846153846 0.10817307692307693
0 0.22956730769230768 0.15865384615384615 0.14182692307692307 0.1201923076923077
0 0.7427884615384616 0.16706730769230768 0.1346153846153846 0.10817307692307693
0 0.4855769230769231 0.15504807692307693 0.1466346153846154 0.10336538461538461
1 0.030048076923076924 0.9014423076923077 0.06009615384615385 0.09615384615384616