0 0.1466346153846154 0.7463942307692307 0.09375 0.11778846153846154
0 0.09254807692307693 0.28966346153846156 0.0889423076923077 0.11538461538461539
0 0.12860576923076922 0.515625 0.09375 0.1201923076923077
1 0.2956730769230769 0.9603365384615384 0.1201923076923077 0.07932692307692307
0 0.22716346153846154 0.28966346153846156 0.09375 0.11538461538461539
0 0.2644230769230769 0.53125 0.0985576923076923 0.1201923076923077
0 0.296875 0.7463942307692307 0.10096153846153846 0.12980769230769232
1 0.4699519230769231 0.9591346153846154 0.11778846153846154 0.08173076923076923
0 0.3870192307692308 0.27403846153846156 0.10336538461538461 0.1201923076923077
0 0.4170673076923077 0.4855769230769231 0.0985576923076923 0.1201923076923077
0 0.4519230769230769 0.7391826923076923 0.10576923076923077 0.12980769230769232
1 0.6538461538461539 0.9555288461538461 0.14182692307692307 0.07451923076923077
0 0.6009615384615384 0.4831730769230769 0.10336538461538461 0.1201923076923077
0 0.5757211538461539 0.234375 0.10576923076923077 0.125
0 0.6358173076923077 0.7151442307692307 0.11538461538461539 0.13701923076923078
0 0.84375 0.7235576923076923 0.125 0.1466346153846154
0 0.7836538461538461 0.23557692307692307 0.11538461538461539 0.13701923076923078
0 0.8209134615384616 0.47716346153846156 0.11298076923076923 0.14423076923076922
1 0.1622596153846154 0.9735576923076923 0.10336538461538461 0.052884615384615384