0 0.8810096153846154 0.27524038461538464 0.09615384615384616 0.1201923076923077
0 0.9206730769230769 0.7620192307692307 0.09134615384615384 0.11778846153846154
0 0.8918269230769231 0.5216346153846154 0.09615384615384616 0.12259615384615384
1 0.7307692307692307 0.039663461538461536 0.1201923076923077 0.07932692307692307
0 0.7788461538461539 0.7572115384615384 0.09615384615384616 0.11778846153846154
0 0.7487980769230769 0.4987980769230769 0.10096153846153846 0.12740384615384615
0 0.7211538461538461 0.2692307692307692 0.10096153846153846 0.13221153846153846
1 0.5444711538461539 0.037259615384615384 0.12259615384615384 0.07451923076923077
0 0.6081730769230769 0.7668269230769231 0.10576923076923077 0.12740384615384615
0 0.5829326923076923 0.5420673076923077 0.10096153846153846 0.12740384615384615
0 0.5564903846153846 0.27163461538461536 0.10576923076923077 0.13221153846153846
1 0.35096153846153844 0.038461538461538464 0.14903846153846154 0.06490384615384616
0 0.3894230769230769 0.5384615384615384 0.10576923076923077 0.12740384615384615
0 0.4074519230769231 0.8028846153846154 0.10576923076923077 0.13221153846153846
0 0.3605769230769231 0.29086538461538464 0.11778846153846154 0.13942307692307693
0 0.14182692307692307 0.27403846153846156 0.13221153846153846 0.15144230769230768
0 0.18629807692307693 0.7944711538461539 0.1201923076923077 0.14423076923076922
0 0.15625 0.5348557692307693 0.11538461538461539 0.15384615384615385
1 0.8737980769230769 0.028846153846153848 0.10817307692307693 0.057692307692307696