0 0.04447115384615385 0.22716346153846154 0.0889423076923077 0.12259615384615384
0 0.056490384615384616 0.7475961538461539 0.0889423076923077 0.1201923076923077
0 0.05889423076923077 0.48677884615384615 0.09375 0.12740384615384615
0 0.20673076923076922 0.7259615384615384 0.09615384615384616 0.1201923076923077
0 0.21033653846153846 0.4495192307692308 0.10096153846153846 0.12740384615384615
0 0.21394230769230768 0.20432692307692307 0.0985576923076923 0.13701923076923078
0 0.3870192307692308 0.7163461538461539 0.10336538461538461 0.12740384615384615
0 0.3870192307692308 0.47716346153846156 0.10096153846153846 0.12740384615384615
0 0.3870192307692308 0.1875 0.10096153846153846 0.13701923076923078
0 0.5925480769230769 0.4495192307692308 0.10817307692307693 0.12740384615384615
0 0.6021634615384616 0.7319711538461539 0.10817307692307693 0.1346153846153846
0 0.59375 0.1875 0.11538461538461539 0.14182692307692307
0 0.8269230769230769 0.14423076923076922 0.12740384615384615 0.15384615384615385
0 0.8365384615384616 0.6971153846153846 0.11778846153846154 0.1466346153846154
0 0.8389423076923077 0.41947115384615385 0.11298076923076923 0.15625