0 0.055288461538461536 0.3137019230769231 0.0985576923076923 0.12259615384615384
0 0.10096153846153846 0.8064903846153846 0.09375 0.1201923076923077
0 0.0889423076923077 0.5588942307692307 0.09615384615384616 0.125
1 0.16346153846153846 0.056490384615384616 0.11778846153846154 0.0673076923076923
0 0.24278846153846154 0.7764423076923077 0.0985576923076923 0.1201923076923077
0 0.22716346153846154 0.5132211538461539 0.10336538461538461 0.12740384615384615
0 0.21394230769230768 0.27884615384615385 0.10336538461538461 0.13701923076923078
1 0.35096153846153844 0.030048076923076924 0.1201923076923077 0.04807692307692308
0 0.41586538461538464 0.7548076923076923 0.10576923076923077 0.12740384615384615
0 0.40024038461538464 0.5264423076923077 0.10336538461538461 0.12740384615384615
0 0.38100961538461536 0.2512019230769231 0.10576923076923077 0.13701923076923078
0 0.5925480769230769 0.48677884615384615 0.11057692307692307 0.12740384615384615
0 0.6225961538461539 0.7548076923076923 0.11057692307692307 0.13221153846153846
0 0.578125 0.23677884615384615 0.11778846153846154 0.14423076923076922
0 0.7956730769230769 0.1814903846153846 0.13221153846153846 0.15384615384615385
0 0.8413461538461539 0.7067307692307693 0.12259615384615384 0.14423076923076922
0 0.8257211538461539 0.4423076923076923 0.11778846153846154 0.15625
1 0.03365384615384615 0.06490384615384616 0.0673076923076923 0.057692307692307696