0 0.078125 0.6862980769230769 0.10576923076923077 0.12740384615384615
0 0.1466346153846154 0.1814903846153846 0.10096153846153846 0.125
0 0.12139423076923077 0.43509615384615385 0.10336538461538461 0.12980769230769232
1 0.1814903846153846 0.9435096153846154 0.1201923076923077 0.055288461538461536
0 0.29086538461538464 0.21875 0.10576923076923077 0.125
0 0.265625 0.48677884615384615 0.11057692307692307 0.1346153846153846
0 0.24278846153846154 0.7271634615384616 0.10817307692307693 0.14182692307692307
1 0.37259615384615385 0.9771634615384616 0.12259615384615384 0.036057692307692304
0 0.4651442307692308 0.24639423076923078 0.11538461538461539 0.13701923076923078
0 0.4411057692307692 0.4795673076923077 0.11057692307692307 0.1346153846153846
0 0.4110576923076923 0.7620192307692307 0.11057692307692307 0.14182692307692307
0 0.6370192307692307 0.5276442307692307 0.11538461538461539 0.13701923076923078
0 0.6766826923076923 0.2536057692307692 0.11538461538461539 0.14182692307692307
0 0.6129807692307693 0.7836538461538461 0.12740384615384615 0.14903846153846154
0 0.8341346153846154 0.8485576923076923 0.14182692307692307 0.16346153846153846
0 0.9002403846153846 0.31009615384615385 0.12980769230769232 0.15144230769230768
0 0.875 0.5817307692307693 0.12259615384615384 0.16105769230769232
1 0.042067307692307696 0.9314903846153846 0.08413461538461539 0.040865384615384616