0 0.6862980769230769 0.9110576923076923 0.11298076923076923 0.0889423076923077
0 0.21033653846153846 0.9002403846153846 0.11057692307692307 0.08413461538461539
0 0.44591346153846156 0.8942307692307693 0.11538461538461539 0.08413461538461539
1 0.9447115384615384 0.7908653846153846 0.10336538461538461 0.11298076923076923
0 0.22956730769230768 0.7620192307692307 0.11057692307692307 0.0889423076923077
0 0.4831730769230769 0.7584134615384616 0.11778846153846154 0.09375
0 0.7079326923076923 0.7560096153846154 0.125 0.0889423076923077
1 0.9567307692307693 0.6105769230769231 0.08413461538461539 0.11538461538461539
0 0.23798076923076922 0.5949519230769231 0.11778846153846154 0.09375
0 0.45913461538461536 0.59375 0.11778846153846154 0.09375
0 0.7235576923076923 0.5949519230769231 0.125 0.09375
1 0.9711538461538461 0.4206730769230769 0.057692307692307696 0.13942307692307693
0 0.4807692307692308 0.4074519230769231 0.11778846153846154 0.0985576923076923
0 0.22235576923076922 0.39663461538461536 0.12259615384615384 0.0985576923076923
0 0.7235576923076923 0.40384615384615385 0.13221153846153846 0.10576923076923077
0 0.7620192307692307 0.1935096153846154 0.14182692307692307 0.11778846153846154
0 0.2548076923076923 0.18389423076923078 0.13221153846153846 0.10817307692307693
0 0.5084134615384616 0.1814903846153846 0.14182692307692307 0.10336538461538461
1 0.9471153846153846 0.9314903846153846 0.09375 0.10096153846153846