0 0.6923076923076923 0.12139423076923077 0.1201923076923077 0.09615384615384616
0 0.18509615384615385 0.109375 0.11778846153846154 0.09134615384615384
0 0.43990384615384615 0.125 0.12259615384615384 0.09134615384615384
1 0.953125 0.26322115384615385 0.09375 0.11778846153846154
0 0.19951923076923078 0.25600961538461536 0.11778846153846154 0.09615384615384616
0 0.46875 0.27403846153846156 0.125 0.10096153846153846
0 0.7067307692307693 0.28966346153846156 0.13221153846153846 0.0985576923076923
1 0.9603365384615384 0.45552884615384615 0.07932692307692307 0.12259615384615384
0 0.20072115384615385 0.43149038461538464 0.125 0.10336538461538461
0 0.4326923076923077 0.44471153846153844 0.125 0.10096153846153846
0 0.7139423076923077 0.45913461538461536 0.13221153846153846 0.10096153846153846
1 0.96875 0.6598557692307693 0.057692307692307696 0.14903846153846154
0 0.4495192307692308 0.6454326923076923 0.125 0.10576923076923077
0 0.17427884615384615 0.6418269230769231 0.13221153846153846 0.10576923076923077
0 0.7043269230769231 0.6610576923076923 0.13942307692307693 0.11538461538461539
0 0.734375 0.8882211538461539 0.15144230769230768 0.12740384615384615
0 0.19591346153846154 0.8689903846153846 0.14423076923076922 0.11538461538461539
0 0.4651442307692308 0.8870192307692307 0.15144230769230768 0.11057692307692307
1 0.9615384615384616 0.1141826923076923 0.07692307692307693 0.10336538461538461