0 0.25721153846153844 0.8870192307692307 0.1201923076923077 0.09615384615384616
0 0.7367788461538461 0.9266826923076923 0.11778846153846154 0.09134615384615384
0 0.5 0.8954326923076923 0.12259615384615384 0.09375
1 0.03245192307692308 0.7391826923076923 0.06490384615384616 0.11778846153846154
0 0.7307692307692307 0.7860576923076923 0.11778846153846154 0.09615384615384616
0 0.47716346153846156 0.7548076923076923 0.125 0.10096153846153846
0 0.25240384615384615 0.7295673076923077 0.13221153846153846 0.0985576923076923
1 0.03125 0.5552884615384616 0.0625 0.1201923076923077
0 0.7415865384615384 0.6165865384615384 0.12259615384615384 0.10336538461538461
0 0.5192307692307693 0.59375 0.12259615384615384 0.10096153846153846
0 0.25240384615384615 0.5661057692307693 0.13221153846153846 0.10336538461538461
1 0.030048076923076924 0.36538461538461536 0.052884615384615384 0.14423076923076922
0 0.515625 0.4026442307692308 0.12259615384615384 0.10576923076923077
0 0.7776442307692307 0.41947115384615385 0.12740384615384615 0.10576923076923077
0 0.27283653846153844 0.3737980769230769 0.13942307692307693 0.11778846153846154
0 0.25600961538461536 0.15745192307692307 0.14903846153846154 0.12980769230769232
0 0.7680288461538461 0.203125 0.14182692307692307 0.1201923076923077
0 0.5132211538461539 0.17307692307692307 0.14903846153846154 0.11298076923076923
1 0.021634615384615384 0.8798076923076923 0.04326923076923077 0.10576923076923077